125 577 124
19092 17590 15105 3870 33 14175 15353 11642 10369 11143 4390 13730 17200 13353 13991 516 11986 11685 8608 11535 9483 18780 13882 18810 10727 13911 18561 8734 12979 8544 13637 7671 17569 5863 3514 6822 6089 6462 7864 14962 18146 15550 16571 16258 9261 12576 6596 9668 10859 12197 12694 6218 19938 7407 9178 17000 1852 15365 155 14583 8551 17075 8043 19509 19894 17927 2908 9347 6238 11638 9512 229 7002 12277 10026 16390 10600 10272 11587 6289 16074 16726 4182 9049 14534 58 3787 6706 6406 12020 8688 13877 6713 7342 12563 4736 4656 5048 12393 14964 2370 18501 18059 12597 2344 10348 1332 2318 14817 8327 16836 938 13296 17047 18176 8028 14073 5758 19599 15896 18311 6243 15550 2488 9705
7026 1533 4600 10897 2393 160 4057 2164 17741 12832 15234 10892 8419 7799 8346 10809 18807 11367 16272 9499 8360 12180 10099 18618 7738 18245 3611 8543 3986 11239 2334 952 18974 18826 10011 17944 9099 11202 10675 9908 5549 6759 12138 13767 5562 17333 4171 14799 5743 1293 11969 3597 17994 4210 8863 457 14990 7053 8185 8972 4322 9130 4841 6533 12274 1337 7115 2885 8557 13774 3713 18690 4741 6880 19311 568 3378 9486 5984 5187 18063 14645 19455 18374 8507 443 6303 16647 16218 16136 8660 656 5746 14760 408 1648 10990 3658 18631 9400 6910 19460 19299 5567 2485 16172 2896 3327 7114 18752 6777 10069 17656 5759 3369 8324 19293 7438 3251 10835 11743 6709 4139 1258 8610 3423 4363 14457 15987 5277 13519 6386 13025 7812 6937 8426 2974 18986 3534 19868 17986 19885 12918 3621 16424 8684 9184 8969 15280 6092 19708 17101 11419 11508 7711 12731 10418 16561 9346 10305 12512 883 16260 18194 13523 14062 7491 3683 7935 7418 13095 19695 18011 15732 12760 15188 4545 11227 19362 13268 2930 18771 11992 15477 528 15045 15311 9345 17795 18077 3486 16167 4789 9643 6308 15352 17814 17475 15330 10603 17464 9501 14621 15673 1171 437 14110 17889 10723 15052 12657 7749 7269 11045 17449 16812 17790 16937 7706 18814 7636 9028 4062 9547 7730 2181 15793 7460 649 9122 18965 9760 1289 17938 13327 18233 14412 1265 4904 8045 14540 16959 7468 4957 7528 5377 10862 6737 15203 4127 7811 8913 1733 17252 16162 11629 6456 5762 18539 18679 8428 17739 10685 1892 755 537 14045 16847 8869 9990 16726 5878 30 3093 8692 14363 3835 487 19368 2340 5345 12391 13383 8123 11638 2815 18443 1518 8614 12416 19024 18544 9919 2558 9560 19799 9461 9682 15528 8348 14975 5590 3369 3390 280 3820 8679 3263 18207 11192 10549 11493 10455 10369 12264 1370 10504 13236 19960 9197 6940 2817 12418 7663 8867 7484 8712 7671 4527 9725 7695 7390 4569 5441 4416 2148 3482 7590 6183 4521 13875 13779 13495 19317 14661 1550 17989 8720 7354 6020 6793 16170 570 18820 1312 6421 7063 900 7980 4134 11746 16923 3986 9303 9875 8197 10363 11784 5573 14115 3475 5626 19031 5784 9550 2290 14636 9069 13726 16988 9932 10861 5182 2278 11585 14698 15018 11840 9595 1366 4228 3939 16908 7051 15409 15495 10381 6692 7354 2699 12311 11425 14284 8400 7851 5895 9624 6814 651 158 8499 255 10526 11825 2935 11007 16112 2161 7041 1074 4879 15219 15441 18798 14543 1613 2029 14732 2439 8317 6686 18283 15090 16674 689 19086 11215 13793 15447 11385 17186 19393 13093 16823 2001 11791 13845 9751 3367 2779 7683 6858 10644 1657 14738 13703 6218 4706 7909 11176 18114 272 15557 6346 374 10149 5185 10673 1028 1733 16394 14529 5393 1495 10259 5606 2051 11720 16759 10317 17926 15207 14834 12809 7689 7562 71 10287 7166 7144 14393 11834 19421 12734 11922 5032 10721 5066 9023 1018 17481 691 13361 4600 12153 2975 5821 12747 6743 11514 17725 14658 6798 2134 15822 3693 4174 10373 18192 10917 18570 6625 12425 18434 6040 12805 19618 7587 1717 2066 5384 9450 13599 4299 11628 11997 4761 6777 4900 14023 15786 14503 12808 12212 3774 3654 981 11864 4035 6603 11021 329 622 2477 16725 18721 8404 19655 10326 8861 19953 7836 16062 11168 6212 9101 6812 13073 11825 12517 11590 13016 6813 15246 11510 15301 16854
21 253 102 533 269
17 115 29 214 111
5 154 32 179 25
4 17 29 190 82
2 128 75 203 52
70 89 117 417 310
16 64 102 163 24
84 162 100 443 58
40 263 78 356 63
102 410 121 558 123
89 201 105 371 62
31 347 125 544 34
15 230 52 259 22
86 19 95 133 57
7 40 15 257 210
62 415 123 537 152
69 13 81 78 14
57 238 106 275 80
13 191 51 557 225
23 489 45 523 37
24 85 28 196 28
48 234 79 306 21
30 113 58 162 59
43 26 93 554 423
7 74 113 307 256
54 133 108 516 120
110 292 117 368 56
68 521 92 531 33
22 103 74 538 203
58 9 73 386 166
12 400 73 450 93
12 5 102 129 178
33 318 99 372 29
62 360 101 428 66
59 68 77 434 223
19 258 25 293 38
7 79 47 493 6
90 113 97 181 66
119 222 124 320 74
13 208 94 320 9
77 328 117 475 103
15 124 23 252 34
47 96 111 184 125
44 60 112 205 174
3 72 95 528 279
39 421 82 535 152
36 200 45 269 38
45 57 56 99 8
17 119 104 488 371
50 79 115 305 95
10 17 39 442 453
58 202 59 243 43
10 61 95 268 87
37 124 100 315 143
61 224 108 499 76
48 192 82 276 28
67 186 123 436 12
30 107 40 195 14
33 117 110 545 132
32 163 107 340 224
88 98 125 175 97
106 214 118 576 74
103 322 110 334 2
36 213 81 419 127
51 261 89 382 66
107 327 111 551 60
11 205 123 454 192
20 163 74 418 297
22 13 111 320 237
8 260 13 498 196
64 58 106 435 133
17 296 22 442 119
47 380 123 412 41
6 421 30 434 21
21 254 116 562 52
6 257 72 445 156
95 354 117 428 82
50 307 97 322 32
36 407 62 575 42
39 410 63 455 50
7 110 85 143 18
30 253 43 446 36
38 131 106 559 22
20 192 104 253 129
87 7 108 577 70
39 425 110 430 59
5 139 15 275 37
43 56 109 548 292
80 272 118 487 35
53 305 79 443 158
4 202 81 333 68
17 171 40 440 184
5 133 80 176 100
17 389 98 434 5
78 165 120 189 58
46 78 122 515 458
5 354 25 489 5
12 161 20 367 153
38 169 119 179 69
72 121 100 556 70
34 26 106 398 250
26 271 33 572 292
74 110 81 563 452
2 424 42 516 69
72 184 117 301 90
79 126 106 369 208
99 238 117 402 29
17 73 53 380 165
50 277 62 384 64
6 308 117 565 68
22 486 80 517 64
19 430 125 490 59
23 305 101 488 150
62 16 114 125 38
48 20 110 356 346
52 207 120 267 17
56 87 62 557 69
48 7 123 324 377
59 133 124 383 33
21 18 48 487 15
100 1 124 262 264
10 321 91 418 96
8 201 21 571 322
30 325 121 413 92
