549 422 870
8569 6844 1178 12749 16725 8331 12240 12082 17409 7042 10823 4053 17821 5268 5741 18534 8930 19625 16386 19045 8058 5341 5306 327 2884 15519 18431 7960 19057 18131 9773 6675 19466 7889 13589 14060 16199 6755 9082 743 5305 13739 10358 15773 13505 19002 15062 15486 9911 19482 7322 6410 7172 8998 15799 151 12360 9069 18068 3918 15829 9106 19408 1486 16017 16718 6042 13896 8728 17357 12024 19105 18136 11437 13313 1939 404 14018 7043 13324 898 13557 17341 15213 14477 7808 17606 13644 819 9331 16453 12786 7911 2259 7222 574 80 3317 18667 11169 12457 3911 8425 18496 17407 17672 3303 8405 19286 17995 3090 1262 9060 1496 1228 8589 11541 11563 7080 15590 15941 1715 5456 8356 16521 17620 4256 18852 17798 16998 4008 2104 6168 19635 19053 14693 10957 16189 3848 6853 11112 17462 17637 3750 190 3845 16902 15818 9340 16968 19742 9093 15775 7885 16247 2722 4218 17559 7148 8062 5140 1599 5039 11723 19463 7697 2404 7183 19106 4203 100 8290 16616 9793 19740 15828 18479 18812 7787 6820 5346 18198 9927 5290 4960 14559 19193 9582 19834 7899 5180 13518 15129 9762 4194 5244 10709 13311 10351 2142 17151 12370 18108 1677 14648 78 11093 12502 18008 6843 12988 13500 3048 949 6084 12340 8328 12587 5878 12103 19274 13889 18895 4083 5077 5102 4544 19787 19459 14335 17805 5426 17379 6578 2991 10628 9783 9692 8370 13230 18775 17316 2967 6993 16141 8197 11283 8707 9879 10000 2862 3981 9001 840 4230 9390 1448 4356 8233 13142 19055 7056 16670 17516 9870 15948 14621 1417 15462 16459 3474 9595 2190 14262 9662 10467 8785 4039 8726 6967 6734 14798 8354 1569 8279 8143 9727 5565 10258 19106 2174 3903 2907 7122 6659 6955 12704 13887 14086 14331 14916 12892 14325 7837 12988 7441 2768 4786 10549 6138 2604 1073 14124 12006 4689 2433 2036 11321 13436 12386 19188 1386 18046 17893 7430 3814 122 14031 10106 17099 5803 1499 6672 15342 18556 3221 11394 6389 2350 1791 8888 13150 11893 11695 8721 17175 15483 6607 19937 13411 18428 15004 16813 19227 3593 13352 1489 9642 17669 16985 570 10224 11499 16935 9325 12033 1382 16545 15390 7363 7094 3017 4826 16435 1842 2227 11805 11777 17217 3467 18780 11151 12064 12396 19389 2742 3903 7433 4154 18368 17379 6151 12098 8015 6150 5793 12920 19989 10739 13315 6322 3002 11978 15312 1467 19962 4994 9597 7281 10404 8898 18707 19047 17756 18886 19824 16101 9753 10080 8615 16355 14664 7381 379 3634 871 16348 14632 7187 5835 67 1531 10429 12858 18345 18709 2299 15346 6373 1003 18540 3392 18590 15209 15234 6218 2096 1418 1443 15590 6125 1922 5739 3392 1498 1653 1992 5720 3918 14493 17693 9537 18518 1735 3007 12292 7604 470 15035 3995 3643 6687 14638 19926 11637 1452 10155 5529 9501 18233 1081 12828 16453 6138 13267 458 3634 9939 7014 5538 6331 12062 7670 5690 15437 15561 15161 9847 18922 1941 410 8533 3589 5528 8344 5285 5767 4604 18852 18762 17902 13342 1606 13595 6505 2864 3257 12805 7549 13975 18955 12870 13251 1869 1150 15571 2119 11776 1834 14323 12458 19569 19448 16257 12994 1943 3848 14445 13205 4121 11084 19516 8001 19544 8619 17348 4919 16770 9919
2705 11995 11584 12087 3331 3238 7497 18870 5101 9732 2188 9810 16664 16855 17227 8694 4542 466 7066 16096 6287 15262 15588 6243 1135 376 9126 3975 6486 1105 9202 18148 14863 13517 1870 16235 5561 6693 7251 15293 11849 9797 1166 11377 8198 16590 10529 6866 11916 17397 739 13567 17386 19938 4124 10378 12548 19218 17323 18682 7313 10582 17280 17289 15101 13682 14401 4741 5577 7774 13001 6323 10342 7721 9157 4136 5406 14129 14645 16910 5451 7820 3697 14022 12510 6594 5729 4544 2137 10672 1988 15076 1653 14246 6058 15500 1181 17514 17274 19048 5873 6740 1709 15448 19013 15088 14033 822 13247 9375 2599 17994 4060 4693 3812 8179 18891 17916 4788 19205 17456 19088 4851 12069 14915 18114 17714 19663 8975 10229 9336 8497 5651 7332 5310 10189 13540 15706 8466 13243 809 5272 11925 11268 3230 16466 19165 2664 11378 12786 3604 5209 3208 2708 15958 1054 17370 19401 11895 4305 7409 6004 11163 8481 14702 8368 8636 13137 13605 17959 14312 8631 12925 4060 11009 13566 4625 5187 18395 11204 145 17636 13761 11645 11138 10811 5968 8654 3226 7547 13465 4243 14181 7494 5188 8569 6275 4182 1544 12420 11303 3896 18164 8683 7801 9324 16906 1463 1301 4742 11422 14536 10794 4912 4763 3088 17180 17030 17950 12821 19267 632 13465 17363 15082 14667 13617 5848 16176 11672 16897 10791 4426 2732 1877 10133 13023 1895 12144 13423 1003 9853 4326 18546 11037 2072 5762 17266 16664 19667 3650 5652 16438 18240 9366 1139 17344 16004 19460 1758 9207 3254 4519 7064 9295 7299 907 19288 142 4525 3955 18119 5906 3303 13908 10212 17224 7963 5175 4803 3414 17924 5786 1993 2194 19956 16912 6002 8904 111 7357 19308 19543 5998 13850 2329 10453 1406 7319 497 16807 990 11028 10973 1674 4 16551 18365 7853 11609 18041 4515 2740 15256 7337 3286 15255 7219 15559 3952 19520 10766 18426 3745 10097 1410 6459 12137 15996 7292 6040 4001 18217 13787 82 16595 7539 6709 1119 16190 15819 2034 2472 18771 3572 1200 16620 10938 16549 4734 11484 13486 10378 2113 8349 5917 15907 2065 18377 4105 6116 10493 18478 1641 6996 8035 4333 14441 6350 6969 18940 8133 10402 17383 8805 1682 16245 4138 15557 11190 11325 3859 6861 17739 9446 14054 19173 3840 7919 14556 15780 2904 7150 14529 17881 424 9576 4918 16069 13885 8250 3344 3807 18004 6195 5495 14254 1025 791 8456 1715 18569 18397 852 16188 18663 14674 9247 11922 13130 11029 9729
319 126 504 226 89
26 247 323 374 223
6 56 462 332 621
100 20 190 372 341
88 53 268 232 67
224 317 538 402 31
151 123 213 390 225
67 212 471 216 256
254 233 525 236 103
358 195 387 364 155
44 126 267 274 360
73 77 349 299 206
295 31 483 164 249
170 99 295 374 225
249 172 493 292 173
238 40 380 82 11
202 173 441 327 175
109 80 396 401 263
284 57 416 284 232
181 285 195 410 2
137 83 335 365 195
17 41 453 389 560
68 22 141 260 271
147 129 270 412 104
22 20 225 69 253
91 72 136 304 101
82 197 186 284 117
43 140 333 188 176
489 16 511 36 42
215 250 334 259 75
354 202 419 354 69
402 260 432 313 59
35 127 151 391 329
46 141 86 420 59
13 120 90 358 144
74 132 513 187 112
223 29 433 283 163
381 245 440 383 121
417 135 524 143 23
381 102 496 159 13
52 238 393 304 110
65 76 220 188 161
315 69 349 283 90
32 35 183 123 77
163 82 350 336 142
212 260 331 420 256
305 68 317 422 358
217 182 447 322 44
402 296 494 323 106
235 58 273 105 59
273 130 513 174 19
150 182 503 200 262
79 17 226 66 57
119 110 227 264 65
108 170 435 326 185
5 83 477 153 21
49 7 165 315 65
317 22 536 196 168
201 118 312 332 109
31 15 270 47 124
11 128 201 389 268
135 386 402 410 249
169 7 470 416 180
33 232 231 311 100
200 104 237 331 111
10 296 237 343 201
84 253 437 335 419
14 33 217 354 185
28 143 199 193 123
264 151 486 298 15
172 31 421 117 264
340 189 443 316 97
125 80 525 332 69
225 221 327 284 104
388 11 478 383 25
326 62 403 118 68
1 92 443 336 106
418 40 525 119 168
109 179 330 376 382
126 97 139 290 135
115 184 502 305 473
23 174 338 398 177
365 1 536 93 167
26 154 183 205 116
480 362 515 376 19
266 150 424 316 32
91 260 472 292 116
211 172 267 332 146
464 6 516 310 92
119 347 361 407 218
9 33 223 404 420
110 60 421 290 262
407 199 529 217 122
183 51 219 88 39
66 143 257 290 60
258 70 407 206 256
111 63 498 231 394
238 143 543 164 271
117 144 262 333 117
204 26 385 203 248
16 37 449 64 5
190 80 518 151 280
94 30 454 54 23
60 27 108 396 295
490 385 547 399 49
248 194 380 377 237
137 50 516 254 254
199 136 211 394 4
102 36 154 341 167
106 13 429 13 206
499 13 538 204 117
103 286 523 388 342
97 64 458 278 258
51 231 387 316 83
210 77 228 336 195
219 180 342 297 221
293 173 436 390 107
71 1 216 142 273
74 296 448 397 204
38 164 362 397 282
68 43 419 399 516
191 75 225 225 42
505 7 540 269 218
415 158 480 385 22
255 103 293 352 64
428 56 500 67 71
38 14 478 320 251
317 18 433 33 54
213 95 531 349 290
454 85 546 273 146
384 210 405 343 143
139 44 214 317 90
95 383 174 386 25
298 130 447 132 25
101 263 298 353 260
78 12 185 139 210
230 270 321 291 19
125 67 273 119 93
419 196 442 372 190
228 185 234 240 30
306 284 431 383 216
390 38 517 131 76
166 10 416 119 289
409 314 430 356 13
228 114 444 280 187
196 181 238 267 5
50 271 194 334 120
342 113 363 140 8
322 222 473 387 308
308 31 539 79 50
40 131 282 379 454
62 127 387 379 62
75 183 175 384 228
325 103 391 278 68
287 72 307 143 48
407 174 546 323 253
48 48 447 139 480
183 129 246 318 35
383 111 530 374 73
156 154 277 164 101
267 67 531 350 129
378 313 453 347 80
456 318 547 390 63
1 98 218 213 334
182 3 513 254 230
17 68 119 399 45
45 206 329 356 260
60 26 302 130 168
382 19 488 157 193
479 63 516 208 159
395 140 502 300 166
97 201 298 378 42
270 204 291 365 86
332 54 528 88 206
348 115 384 176 11
98 37 157 127 150
29 312 462 418 413
71 133 419 243 234
33 19 385 161 48
54 291 215 347 35
363 340 457 357 70
75 197 379 247 306
24 267 287 316 218
3 221 135 374 247
73 94 208 229 124
345 260 479 403 146
8 328 143 396 87
296 301 445 391 180
254 116 525 218 305
46 56 191 256 251
13 148 130 157 94
169 410 354 411 9
321 311 533 320 59
258 24 417 334 132
247 188 478 292 140
389 106 391 379 211
158 188 181 377 139
157 59 161 308 59
410 107 437 205 43
266 263 289 359 118
51 98 76 406 30
30 224 392 316 398
121 1 384 67 155
200 170 412 419 462
221 51 366 260 124
216 118 232 147 6
69 86 137 198 31
331 7 419 157 173
438 9 464 380 364
304 150 421 321 8
44 159 525 397 131
385 64 489 132 77
202 49 512 409 607
168 16 341 76 82
419 131 420 135 7
33 80 129 82 80
114 191 206 394 89
74 208 391 273 257
275 188 357 403 182
243 246 363 329 182
47 196 109 311 170
29 306 364 374 97
97 7 193 229 315
100 208 516 262 253
106 109 404 318 211
213 105 355 314 182
235 243 293 302 50
1 42 409 172 412
23 313 355 388 245
18 260 374 400 194
18 7 394 314 515
202 227 293 291 104
61 68 408 276 24
10 205 209 241 43
6 111 532 358 52
217 179 248 232 43
337 226 390 305 30
159 133 512 231 273
181 395 226 422 51
36 65 392 415 130
375 8 441 292 133
69 84 525 106 232
139 328 283 332 125
270 81 370 263 82
283 120 474 199 77
28 303 129 342 62
219 87 227 227 63
31 89 132 259 267
210 129 333 320 44
215 111 381 279 172
286 16 380 267 213
423 154 518 308 107
112 113 516 305 585
163 198 413 275 278
80 155 196 299 211
115 28 542 364 246
271 50 373 390 119
160 60 468 381 532
92 292 318 339 107
53 45 221 387 224
310 148 423 352 304
197 275 341 281 60
214 49 445 335 153
310 32 529 309 498
318 225 396 328 109
89 167 261 350 253
122 89 476 207 381
286 24 500 309 475
193 203 289 212 107
38 204 348 378 163
404 278 547 413 199
101 7 225 180 289
157 311 315 400 157
315 6 342 28 13
242 101 357 106 27
389 326 455 373 42
379 43 440 191 76
159 100 528 153 253
124 52 313 87 122
159 55 229 192 114
117 197 245 239 140
346 37 419 329 129
124 65 338 352 332
180 264 232 395 28
92 6 188 122 126
258 89 454 195 146
320 100 357 145 34
280 70 443 314 30
204 38 247 383 168
6 217 486 378 125
71 186 143 283 70
119 153 281 254 168
412 91 538 143 152
167 10 439 24 44
211 215 304 348 77
126 46 445 281 121
368 50 539 396 116
217 278 450 346 297
144 115 322 128 136
337 151 427 198 44
145 171 532 396 5
95 28 370 277 504
12 59 176 283 196
285 100 344 225 48
13 306 507 410 163
16 118 303 149 251
377 271 441 303 10
71 178 209 199 89
198 120 508 332 301
255 267 520 282 191
411 121 445 359 5
165 165 218 332 66
42 114 100 196 48
389 321 404 403 64
251 122 426 142 106
100 149 218 389 25
373 280 395 305 23
114 80 315 139 184
64 200 316 403 290
189 222 482 274 264
78 27 106 107 95
66 396 299 413 124
326 65 389 87 71
318 27 477 232 158
161 84 362 329 157
83 35 109 367 49
424 235 470 416 167
115 312 545 385 363
220 32 451 394 574
96 309 384 372 89
447 6 514 261 208
207 36 535 217 187
31 95 381 159 337
371 19 449 285 69
284 386 409 394 99
189 126 401 193 257
52 267 389 325 70
359 102 385 307 27
254 27 260 238 83
62 12 210 290 277
150 294 458 303 202
138 148 311 258 74
464 210 466 247 26
378 113 414 329 113
245 113 392 146 169
205 154 493 340 364
184 329 305 339 125
437 24 511 315 39
73 29 90 143 57
480 15 523 365 305
243 108 487 315 38
332 21 458 294 237
29 270 266 400 11
198 16 222 316 119
71 165 491 242 222
235 6 531 22 230
85 91 243 181 228
35 40 298 102 117
392 46 549 323 57
319 174 324 392 95
388 21 430 143 90
512 282 517 415 124
18 94 522 333 511
395 119 513 148 103
53 325 247 385 119
394 125 405 298 154
134 204 540 212 85
32 306 139 403 90
143 4 295 266 255
86 334 242 348 146
133 31 347 154 148
179 10 452 42 29
171 109 294 247 23
6 57 324 285 548
462 141 518 327 148
245 69 297 166 53
134 306 464 380 235
406 176 446 276 102
214 1 545 408 460
352 158 393 400 268
223 54 355 239 181
142 17 264 71 131
100 23 215 55 80
61 51 393 53 221
243 386 381 406 96
49 175 188 183 57
98 35 203 369 157
32 363 146 402 60
21 80 508 268 132
11 195 16 311 92
1 50 109 343 212
41 286 473 369 285
216 37 509 397 110
361 57 384 71 6
57 11 304 302 471
28 30 533 235 541
60 6 148 377 98
428 44 436 147 102
5 70 479 350 334
171 45 207 130 100
26 2 420 89 403
249 211 453 326 255
201 167 545 209 77
117 131 395 289 203
420 390 473 408 33
181 95 222 354 14
35 205 93 294 50
128 358 273 373 52
205 17 242 320 135
220 29 461 282 281
319 412 500 412 57
326 262 502 403 301
74 368 427 369 36
143 74 340 336 297
26 362 161 420 52
276 357 295 362 16
80 24 403 153 274
17 72 371 127 93
455 47 522 362 105
483 4 533 71 83
217 127 491 147 21
263 57 374 186 45
280 108 479 118 131
122 46 203 308 160
401 111 458 355 292
117 208 261 335 178
246 29 397 268 61
458 58 493 221 1
100 90 105 273 66
30 215 395 361 335
187 301 475 302 12
152 107 487 250 14
206 67 293 354 143
26 374 170 410 127
140 94 146 414 247
52 171 477 268 447
483 291 540 407 54
300 71 513 160 221
306 2 373 193 208
196 206 384 208 11
257 391 289 419 11
246 10 252 366 207
55 254 76 314 74
66 10 331 211 451
355 94 535 226 240
139 81 148 122 26
432 214 489 369 9
400 300 458 381 32
59 60 405 253 411
285 92 496 406 517
23 2 142 169 227
361 297 506 393 124
160 218 252 269 79
213 169 442 390 344
143 135 154 361 111
168 162 230 301 107
227 169 269 408 4
210 220 384 258 171
228 53 528 343 15
150 90 478 177 338
297 23 486 275 241
142 30 404 219 156
16 166 153 373 333
27 294 467 418 325
188 83 495 412 127
13 49 461 179 574
519 297 542 410 49
163 292 386 324 234
121 11 196 285 350
150 126 456 282 329
129 32 167 353 88
37 134 521 188 289
397 99 517 310 196
197 384 408 417 201
387 276 440 296 39
252 58 522 313 137
61 101 232 178 15
24 185 165 212 162
191 207 363 224 109
122 272 286 342 80
11 268 416 348 276
194 80 247 363 6
76 320 492 402 180
166 34 198 193 79
476 231 543 355 137
127 193 258 273 190
70 97 114 375 287
117 60 272 406 229
313 240 355 262 19
66 38 184 395 199
225 64 430 69 212
506 160 506 168 10
44 126 95 333 21
331 138 436 243 98
55 245 138 403 19
250 31 504 77 238
189 152 360 358 357
178 368 308 409 92
156 43 249 154 40
30 79 511 231 282
113 264 389 421 325
199 84 413 216 179
59 142 389 227 354
345 11 362 418 184
209 5 543 395 509
139 128 147 134 16
404 169 404 288 116
164 257 309 404 197
44 25 309 159 133
243 1 519 332 570
288 94 407 108 85
74 38 216 409 489
512 41 548 309 82
241 27 467 38 26
202 12 535 294 95
234 54 431 81 218
256 199 316 225 66
339 80 408 408 16
100 89 421 166 299
150 203 307 323 26
486 123 496 365 121
300 67 402 302 252
8 149 271 226 190
198 54 199 233 5
86 199 376 290 368
332 122 481 195 118
278 89 528 150 184
101 250 398 290 166
167 126 223 208 133
272 189 275 353 73
126 153 126 259 62
17 81 147 81 45
408 138 476 288 111
22 237 55 328 64
194 44 500 224 261
224 93 297 333 61
19 159 201 388 98
87 181 294 290 248
25 197 66 313 108
314 65 447 422 191
300 78 544 304 158
203 370 351 415 29
352 6 460 122 127
23 29 493 263 50
56 86 411 227 40
345 54 379 294 97
69 244 521 394 105
174 11 203 233 240
291 218 384 274 85
64 255 226 328 76
49 113 68 327 42
202 60 362 262 346
137 386 404 392 142
259 256 457 280 38
200 13 438 334 386
271 66 525 164 82
357 277 377 416 158
143 91 238 96 85
59 207 82 407 6
14 284 434 358 108
163 365 382 384 8
191 181 274 204 76
384 127 393 248 9
233 304 524 305 198
50 129 154 138 76
86 64 354 259 408
19 307 132 324 60
118 80 304 354 426
390 293 441 379 119
98 242 228 394 41
164 269 197 269 5
391 102 478 199 45
85 179 121 259 101
256 16 483 43 133
17 90 368 163 354
189 60 424 167 222
147 240 514 293 158
274 188 328 376 134
4 263 510 264 289
245 128 248 281 86
393 92 502 242 134
97 170 488 202 58
232 117 527 301 147
42 235 448 368 116
304 263 464 304 45
381 3 386 232 228
340 58 506 167 179
103 279 425 413 96
76 50 148 388 265
142 42 540 96 17
22 202 243 264 151
150 314 158 411 99
11 115 303 158 263
195 175 431 191 211
113 163 232 323 53
186 1 294 262 282
49 136 269 141 175
47 198 399 402 318
75 98 465 180 193
129 14 439 84 333
73 285 170 322 132
94 131 413 385 469
128 171 300 303 188
235 54 476 244 431
477 87 542 231 58
37 345 319 420 329
229 96 427 304 65
237 200 509 320 155
312 227 316 255 24
52 196 225 304 161
61 278 446 294 292
226 77 445 274 183
69 72 412 237 69
119 73 536 263 301
52 125 227 202 102
431 48 454 199 24
138 91 533 111 263
100 156 140 252 59
58 193 545 205 437
185 25 281 118 70
78 128 132 140 44
126 248 470 278 264
289 150 380 349 249
161 370 275 396 28
183 24 415 285 232
174 135 320 155 100
44 409 266 415 213
63 131 548 324 550
95 147 404 299 162
358 7 413 53 23
382 292 517 329 33
119 22 129 402 297
165 159 518 177 27
341 157 426 239 99
78 32 177 297 80
11 105 512 107 83
211 154 220 177 16
232 166 385 411 92
234 133 337 401 14
38 109 524 206 438
227 96 521 289 45
164 38 440 410 123
29 179 304 283 351
112 24 278 210 3
188 6 240 65 98
338 308 516 327 100
232 15 261 401 180
8 172 27 241 67
332 75 355 307 165
158 149 198 243 128
8 29 9 211 159
189 339 450 371 230
56 155 339 270 195
164 236 307 312 26
229 209 429 218 114
59 204 381 304 99
284 63 285 67 5
261 216 506 283 26
128 170 207 399 296
173 275 188 397 84
203 11 399 214 112
308 142 367 201 98
197 228 510 295 221
279 12 295 187 191
201 135 363 182 92
29 51 401 374 601
494 46 519 226 171
186 115 195 200 28
92 171 146 201 77
159 176 476 251 227
142 102 456 317 56
209 198 364 413 363
497 130 514 265 82
3 2 124 192 38
323 16 378 382 189
374 79 456 343 230
144 309 228 410 115
46 46 332 337 216
279 53 508 108 187
119 175 245 365 27
102 20 277 133 121
421 202 475 213 59
41 163 166 311 232
188 92 519 280 172
1 147 285 270 36
58 229 92 368 45
192 290 306 401 94
365 1 542 245 392
340 298 353 387 4
339 307 386 374 21
341 115 454 176 175
308 123 342 345 42
154 6 472 57 31
236 165 262 326 65
190 139 453 157 96
112 115 119 232 113
188 32 362 94 128
133 57 246 381 24
191 17 466 69 41
17 47 20 82 11
247 48 520 349 216
150 135 413 360 364
126 7 468 187 288
65 11 188 133 107
24 127 456 385 229
31 61 397 116 129
385 364 403 422 41
335 73 390 364 119
122 153 474 343 284
279 64 414 269 134
293 1 503 224 112
262 88 432 330 202
279 233 333 283 47
434 36 450 298 16
117 98 375 412 34
71 270 328 272 165
17 118 269 248 378
155 185 360 367 122
47 136 150 192 24
294 199 388 388 79
103 180 294 409 239
182 232 350 392 157
382 45 488 153 182
405 317 415 388 5
52 56 373 130 259
25 23 524 110 222
24 8 437 401 242
455 179 480 283 93
6 77 45 229 142
365 179 386 393 68
365 248 518 264 44
477 129 505 294 124
45 248 103 387 81
209 8 442 295 298
174 76 433 378 97
432 372 448 395 35
14 341 330 341 94
330 241 465 264 132
60 57 250 198 73
324 51 390 282 172
420 149 486 348 97
222 18 305 418 270
218 42 331 227 173
246 270 307 334 89
18 220 403 225 133
169 7 449 14 160
472 46 533 234 43
79 313 305 337 234
261 106 385 125 44
144 284 543 413 248
43 187 237 231 235
112 283 277 422 60
101 108 188 401 142
331 47 427 316 198
62 224 509 310 88
105 20 439 365 574
164 101 447 254 388
473 212 478 406 138
101 4 425 362 548
82 288 120 392 118
166 74 331 400 166
107 211 460 358 180
99 203 521 309 51
163 133 417 311 397
167 365 169 375 7
94 41 489 308 657
180 350 185 383 9
119 138 545 276 218
6 326 333 397 58
54 173 308 310 13
31 260 168 325 201
401 29 442 129 69
91 171 419 323 473
191 43 314 291 143
139 55 396 348 159
475 189 529 415 82
285 107 285 311 122
120 299 264 394 93
189 234 194 358 96
246 60 347 259 176
204 26 477 77 283
115 63 361 275 376
110 85 270 100 81
512 357 540 416 25
128 28 344 290 291
136 17 434 95 298
47 126 515 415 696
101 185 205 250 107
166 148 510 320 261
357 74 490 345 197
476 222 549 227 45
183 68 316 183 59
252 60 417 191 30
360 101 455 252 24
215 160 405 287 285
65 259 264 340 9
116 173 292 366 277
317 242 547 251 150
135 5 443 321 612
2 207 246 244 9
24 213 84 404 194
15 274 230 347 110
4 70 407 90 88
41 20 355 377 272
138 154 417 223 347
167 263 251 392 25
142 253 457 340 292
94 112 267 153 96
154 83 333 97 193
145 126 275 172 163
154 305 200 404 56
187 81 543 192 87
218 198 370 265 200
106 49 109 347 295
211 226 453 373 314
27 157 54 378 32
424 99 481 216 4
74 152 212 390 216
120 87 129 413 284
96 82 149 240 57
192 91 391 115 30
31 118 431 295 465
204 131 491 185 13
12 149 508 215 273
108 145 515 419 673
493 222 546 293 61
422 233 511 327 29
297 358 392 369 88
477 29 519 103 83
385 12 508 298 268
223 18 349 20 94
7 184 482 228 192
287 378 544 415 92
260 42 461 260 69
257 9 494 105 309
164 60 261 113 30
20 7 315 92 37
1 55 320 77 137
37 22 299 175 375
203 140 509 367 169
219 249 330 267 65
159 132 492 278 139
336 18 531 167 321
73 129 478 294 311
355 329 492 381 77
353 12 492 334 175
59 228 549 299 30
322 322 547 360 143
72 90 327 113 64
129 230 527 239 250
144 210 244 276 13
139 3 238 192 1
128 296 482 329 116
27 106 499 295 523
108 131 240 395 276
254 354 363 376 14
78 99 328 178 328
129 190 432 232 162
336 34 532 260 388
18 5 502 222 601
12 125 35 317 139
347 141 518 144 33
64 359 327 384 126
424 132 499 163 52
410 7 463 157 69
200 165 383 371 131
285 14 445 91 94
48 333 466 369 117
16 153 157 192 93
45 136 417 276 52
