103 3 86 1
198853760 197916156 196137809 192545910 192210435 191403770 187964109 183640342 183299447 183065583 179956957 179745046 172290749 170463364 169664649 168634148 166046089 158690142 158300136 155655711 152823699 152280268 147857145 147277242 146756422 145719072 142515859 139380838 139216630 138656117 137874729 135419369 135407229 135204559 133791483 133495979 133093360 131374888 131275716 130175467 128207593 127616539 126299084 126213466 124712830 121976482 117830368 115833421 115441291 113066170 110697245 109248154 109214992 105344618 104716774 103988394 96480569 94290763 87784044 79383232 78471066 76072173 75418259 73132737 71723936 69169776 68587646 67166660 65608531 65043939 62966181 62279857 56848005 54570069 53363209 52861819 44273722 42408892 40223586 37416145 35413135 35139245 34249616 33063866 30519693 30042949 29543284 26746827 24215715 23854068 23579998 22008309 20449241 19705470 17913158 14673824 14101848 9901700 8736068 5452829 3901366 1540251 429799
225456608 545625722 131151506
278884685 274831359 271483992
551512095 470893927 746934882
978854470 492687060 626152071
202271099 553940354 541966851
472276124 342131100 982630348
501137187 889765467 568507775
208358378 32796237 180939193
333491903 58011685 410542785
842571378 509255261 424860362
881562463 479200389 79919420
650918059 122594095 19491510
3838628 142067099 948976089
971010315 584188611 328848118
672680494 589239632 37498663
63481366 297887389 630257555
475696965 690217183 329359294
415964328 214614262 68969012
124689099 864022182 561073908
458135167 803224098 448775015
286102370 91227693 764446661
354546956 341891649 139380784
770168281 838049911 71711740
426912379 457521962 504087504
40580061 653078154 421663654
923395841 717700245 705063383
808941278 543643194 780552888
171520102 468476552 944400493
630525758 150768442 40464127
306854866 876851204 696992989
399045057 811585637 405473353
458320860 577894896 985874531
155952433 451003209 312879314
658540753 887766086 64829240
247788625 156773365 218606066
343069506 538148732 934761435
939379205 596539653 540501764
70636241 659509813 326121121
174567872 693275627 284313
764206396 690969385 110788992
408703534 693545344 440513503
287836587 157161298 145021976
452107298 289408715 197950540
104455222 173973593 960540675
961060290 752641040 103380879
622122426 6602560 96634718
776945137 946220573 417490360
14184414 597171537 641665944
902140413 559182801 348771238
433416033 169877831 30150779
915165066 846412781 891539890
733900454 407107258 995685753
407437502 43139871 392168602
523207810 835903952 802238776
127900847 327749197 901351600
840065349 932230946 527307616
500652554 954689823 5644612
157531655 45862381 296678052
805801988 9901264 945579598
834013236 344641659 467200271
419371398 808659766 424010849
367840091 353294544 92792977
558476948 459479055 590901964
933206323 287392664 586187722
777518079 319199886 678777874
964264431 476403537 428564246
362044748 550717734 167678093
714109636 784728501 664858073
506849508 407429526 925042014
451881144 419129194 520661004
19262077 420973365 1829784
192081325 951335918 85442057
750596040 645137280 385145261
332941741 900278717 315405459
947780445 807933666 810475800
127705720 708212420 322944298
38069731 686834115 496922700
734606156 235715851 680120461
469825924 357050324 847844574
477316852 988060573 653595536
65789329 728384409 260697070
704836116 251086268 414243360
135967857 889652791 890984667
382064563 157734979 529422484
750090191 667137920 692754984
991302666 759986011 531415862
543736580 974508092 265052329
925555084 541425763 642858514
678646210 308732603 726430962
489847350 658270745 377553663
453349635 994581400 305557761
455238937 178302733 713618411
344836146 786757328 448431658
65468965 386762312 141474155
657572504 993905411 49918276
609587768 702168633 339040643
589431049 605008649 314675986
668557672 283474400 685697202
767810511 82200505 750186741
469233548 582452798 891301698
617474775 303099893 836388815
384295697 633304060 624072910
460855323 997726458 577211706
