147 3 11 1
196523674 190830205 188311383 187245515 185620830 184888749 182423770 180307737 180271650 177416585 176625363 176233937 174156130 172708682 172161276 171968239 170091463 169094989 168788855 168535413 167413873 165778879 164329968 162709839 155512927 155419443 155234698 154874457 154428569 154074853 153743421 153579290 153557741 153532642 152096555 151359774 148928550 148509806 148113322 145544685 145218809 143963053 143222419 143046860 140169381 138605248 137849184 137707804 136435206 135982814 135868092 135684590 133565315 133274855 132966143 128431086 127431291 122437681 122017162 122000682 121616032 119341724 118658429 118341915 113969749 113397361 112823875 108287745 107902150 106474662 104473712 103686011 102919360 100784923 99802507 98492340 96750625 95631508 94299952 90905040 89638124 88125562 81349283 80855232 80505955 80146611 80075979 78896910 78351395 76988218 75170235 74921927 74913627 73581263 73421674 70293090 67313729 65786170 65092118 64379215 63518498 62588337 61078831 61053150 60310794 60290425 55850517 53203777 51694968 50639417 49991875 49816089 48818267 47935701 44528234 43573373 39991807 38899781 36033116 35312309 34503692 34309161 33444742 32487477 31984912 30924589 30739536 29999768 28056475 25908298 23705117 22796328 20462557 19149794 19118546 18447448 18030347 17144249 16284191 15921694 15185131 14458956 13218349 8441624 6495487 1889156 934296
880624381 817104792 9291211
871806348 529273936 121784415
116143192 764489335 292921946
484712278 470900388 886870504
133311960 320653851 873256598
466748853 156006522 620017249
725676105 522702602 588293990
672231531 883126922 3359974
283175859 696865685 52977501
3442847 697415407 904897228
99757176 919907930 692258202
230775568 485804486 318138772
63734185 617548793 320154085
813190556 49627396 853909039
322763945 669810198 275664903
777277937 897090455 822856057
657522181 119269775 63183466
355883410 901283776 466999792
601659794 939429375 108697587
121107213 882823344 440654005
153159112 340434548 69614364
831802491 621506402 606050246
725461087 443013484 500624981
413908793 527574713 363330937
539796009 885504022 640912284
545591525 154208986 560841020
143260207 732201671 283710299
745364379 404979148 965877643
241133070 766169274 556980354
8437617 933551437 626544947
879552915 498930445 249529317
829285169 726415863 361436101
771686806 224169720 277635288
192193623 632592276 114196829
604539924 937188176 882077449
734892618 106322622 537179029
773383056 722978620 166898589
165694686 591299516 780930501
847695788 814598198 251833743
481585674 260167320 299832445
736155907 430684485 702936389
889449702 567352965 887175748
943083594 766735225 334416244
195061224 699114608 813358482
997371559 520227240 684106038
883164768 802914020 401025035
188733776 834328935 597879658
122429233 24522532 499367166
796351080 899201355 716651852
599699666 762071939 321749791
336817942 661610081 36096596
306723973 464953095 834280832
684815080 17989356 608485715
51322070 645266494 995824597
880107623 363195999 333442252
517173079 730463584 582984169
155668731 393614490 996378257
278773146 164134822 350648412
826881537 508629608 439565471
344402287 234275306 24871583
866215211 666284345 851892540
212269663 377237121 827006002
300991511 32564252 452557902
672384105 395552341 566027036
204156211 886588928 503425534
863794684 813636422 697501611
869053905 109622572 759708813
417533750 668953538 773469038
880456582 16273916 696733558
640924251 955804578 265513840
719716041 100082398 230089669
517841304 837022792 836198327
10900168 108419468 602667447
235939833 216678391 676110332
25934989 685716364 411938708
125411752 961930867 257459116
912364882 69881829 760368585
774661480 314536154 170184479
195721761 732519460 307396169
476694865 75546818 209431575
229438128 830382734 142790438
124880590 293090451 41818492
780162428 582033831 548303467
601484244 710147367 883608151
835011364 259425508 728091964
821488997 306370719 505259021
661950728 128935596 962812977
615336260 569708681 877216733
518775075 506755477 725015280
313565946 878929712 125529499
572202789 266202332 662803210
79510538 343175746 185696175
393470676 827409958 882029079
596734833 817584809 965914185
169067429 748554870 839255828
990992993 72300451 988431334
151969686 191977583 780438269
332121662 149808932 294128393
516953423 694495179 858660518
731123160 712567662 279280434
287383417 180546587 720433631
570805739 67188206 246260003
659669854 668205249 865010633
322768597 380948825 914426964
598197442 339676203 908237427
82712471 196073735 430370227
303099649 26303058 327231929
246212110 493958032 498664864
756989290 462715506 635705181
676940402 433564837 792742185
149059803 919728139 249804390
521294864 765766705 367945347
361009822 934230809 364518841
384348996 788392625 457301193
494748803 815601552 647260151
298906298 877118160 582252792
125428286 178511898 449688215
783452646 929552966 863911467
220340739 357654549 179249220
301245633 223023090 568950547
922848864 311198407 735564408
963567302 847696694 525845178
493758298 542001636 595477081
183168812 722324116 535433849
192424139 514628930 615440596
110380133 132960135 17895735
702261756 923232219 940629496
950867671 613178275 11790820
177065087 170618373 922983829
348774618 355802352 664676661
633832015 452774637 62194453
783643634 745328516 780316321
393427242 499860826 522519706
883660110 9494111 271540381
764526381 444148127 274223962
851285889 920881548 174126100
432213170 88920801 150945079
652456320 647020405 75608361
451794279 765839243 683326371
537290972 422415238 799783729
126419120 230369038 225074610
315447105 70228998 264673259
433314111 840817886 170370432
572085550 330402098 400222210
878467569 161761962 272997574
366412790 157241243 164681925
14787563 463918044 779199672
