124 2 51 1
192590592 191332521 190107110 189374291 186427132 186211442 181531051 178885648 178522842 176423106 175950773 175514670 172303374 172053850 170788784 169657885 166909881 163031691 159736422 159567197 157273301 154598791 154052121 153718426 152697893 151327718 145860582 141309189 140993369 138489738 136267721 135635558 133774950 132491975 130816922 130559516 130046275 129947988 128040360 126873154 126809328 121378720 121259423 121195322 118242486 115025712 112409889 111085581 111074943 108898580 108122596 105144641 104765981 102450372 102026602 101836006 100839972 96424147 96265811 95022499 94915560 90921683 88474536 85346003 84741297 81693206 79233254 77521367 76397152 75672253 74030684 72759198 72295515 71050164 70224732 69147266 68139759 65174549 64825741 60683092 59925274 59802575 58182026 55512990 55411905 54686142 54349831 52634146 50940869 50218302 49151317 47361137 47242578 47104129 46286993 42197749 41880367 39684941 37831696 36885153 36219013 33635124 32647735 29376552 28480496 24879228 21538674 20738568 20393368 20034290 18899437 18725738 17863896 14440713 12682070 11621561 11235896 9531577 7256916 5147123 2509271 1053939 822118 623663
314230633 64760919
180806978 581197296
830657404 270167410
539684751 822137046
664454365 250513018
777952570 523871048
310831022 324743959
385204089 524225360
619387222 416796116
556443908 256763933
649106689 752519331
778017432 410001536
967395870 963633494
451228535 659878768
116999903 471975975
70386662 937910406
142007484 954244657
100639662 850026114
878083824 83354100
785511581 615975876
651096315 169172949
146786562 742085331
741101342 222002843
794257459 357759706
216277218 104185331
950738186 492571174
810097553 723972334
494859876 320964777
217977531 106328702
786849697 883151994
690793651 695317500
979369255 311451219
368877328 289280421
173260511 441979922
18132780 951035160
151634614 528766776
251859624 929114586
940746526 722693485
660213734 32328658
222286730 617230074
730132622 82894797
852104437 251785549
392781834 338917883
813374044 522663801
198909449 545180272
85308735 703396019
117463296 26786724
788081188 568396502
689588388 345516787
110321428 830916832
162728049 396724510
475362333 103548787
311676454 998753481
400830926 665647957
751311431 411033339
737544125 701281776
927682202 763358624
869032197 423019986
437301930 425084938
611601600 979500334
563677255 729091948
809131666 234013274
963627012 371845982
747990814 18676303
699375032 534571100
19543182 713879852
240983806 890982983
261137167 403207860
289269685 64534242
283222866 939814603
964336768 242382422
801497869 90825724
907574598 489889198
381422456 622230006
274568115 460433244
184280529 455881226
155051958 374533554
373473240 738163119
164284929 702499178
426025555 213864191
178120844 897486879
678505867 652209463
771146515 682981586
794381774 592567611
237377939 409975909
789978603 305668111
479142609 165713955
313455545 424727391
381394643 923421238
979937424 676417528
74852708 669691952
915746765 475101772
615785620 40271747
947397459 636189939
61998902 128909321
928311301 326737189
822863713 272210556
383929933 964559680
881766128 152090367
740725912 211687752
871584258 828918675
525942232 178657634
251894138 257325731
845600769 950028888
97778560 162427257
41536652 367925272
649175038 292348614
77859062 383670325
118924067 789198110
353686850 52658788
604853220 394638201
618949235 990609153
542503030 827719092
275174675 438806920
64126165 433346318
830205360 427723547
620450113 386014891
841005913 640400643
912790204 682236437
831334437 243924775
92685197 756266421
19702700 676512918
38565823 898839902
123580300 403582468
