100
149 804
863 744
726 508
728 233
493 615
323 337
169 564
377 504
586 46
53 576
735 279
495 779
801 958
955 489
358 822
567 940
863 613
640 947
970 278
301 833
776 24
107 712
176 524
719 295
426 533
519 761
829 565
722 847
147 32
243 661
935 858
874 406
85 36
451 523
643 322
492 705
784 134
707 595
12 307
535 565
16 621
602 304
209 726
645 452
401 922
300 264
894 529
342 919
506 431
14 167
25 686
565 588
646 836
221 917
990 501
79 174
723 145
750 197
610 512
730 195
45 868
703 531
11 706
907 220
451 498
651 206
76 910
214 426
272 257
768 775
325 909
825 506
435 843
132 523
712 733
649 8
863 910
291 837
204 221
874 415
810 222
857 827
789 481
321 109
808 836
501 972
833 511
620 615
208 67
203 237
836 509
288 768
773 655
888 837
315 664
313 336
798 663
97 656
659 619
925 462
