100
277 470
417 562
979 57
711 140
649 430
763 674
259 906
892 511
309 638
72 696
483 316
5 805
66 142
368 643
774 353
89 586
154 124
749 140
699 900
539 625
69 19
888 764
364 458
827 777
44 140
145 203
819 992
618 809
737 350
394 693
447 683
209 357
117 342
939 112
242 696
145 557
799 44
583 8
660 152
84 898
866 945
229 358
848 245
809 965
559 788
830 520
910 537
251 636
422 189
148 494
998 545
770 665
760 619
608 79
506 799
359 914
95 747
882 924
60 741
99 118
851 140
100 387
187 873
775 364
237 450
903 107
785 581
261 372
463 597
420 861
95 634
628 294
89 431
611 91
494 27
663 938
389 207
965 243
294 553
262 526
99 73
908 77
98 365
370 872
661 229
649 73
281 123
740 80
962 787
61 802
654 743
245 351
278 281
888 250
552 382
758 427
127 989
204 808
57 853
353 385
