100
701 57
866 586
337 961
590 529
508 807
498 56
349 45
215 598
927 874
794 334
232 432
218 269
923 324
589 235
86 964
315 750
741 510
562 689
429 86
777 498
170 655
373 298
361 908
150 340
662 826
555 439
912 63
322 770
624 106
249 288
150 71
248 308
340 568
724 701
32 508
694 330
814 872
162 856
116 996
737 312
421 627
855 413
383 406
781 604
309 733
768 777
517 982
968 834
234 73
90 258
267 279
463 822
875 447
507 240
831 535
742 780
955 269
206 652
701 452
956 682
952 492
794 680
363 959
131 151
536 402
347 8
685 814
11 756
550 376
879 510
161 921
839 128
448 581
89 578
979 882
381 307
211 503
936 291
192 10
946 200
388 440
960 808
598 812
522 994
105 185
990 689
922 92
859 28
501 865
407 725
176 932
202 416
486 344
185 661
85 101
396 161
945 362
903 523
455 87
181 308
