100
125 642
124 485
590 947
870 561
175 747
642 875
143 387
730 685
353 547
516 454
685 469
535 295
780 506
810 309
911 58
734 958
544 458
671 756
863 833
822 291
462 650
962 911
550 922
258 28
576 433
668 318
197 54
218 250
407 424
1000 963
365 253
583 696
75 438
509 291
927 882
347 664
638 220
229 830
277 404
390 645
272 390
289 905
726 442
49 117
58 599
706 34
20 553
877 550
342 830
736 941
48 495
964 417
501 230
597 838
348 834
318 83
327 871
938 942
47 39
28 168
758 326
896 535
243 609
488 419
26 711
600 908
393 485
57 141
741 154
234 595
419 3
346 479
807 249
272 65
360 256
99 880
738 442
611 696
986 824
334 748
974 807
11 416
99 776
675 758
549 657
138 789
562 623
171 56
743 585
969 210
994 41
863 918
990 843
185 555
322 336
841 253
274 813
115 238
557 883
713 231
