100
101 962
873 225
159 950
204 407
642 880
665 976
926 130
891 305
905 93
274 768
122 97
359 169
247 9
66 691
952 650
900 57
817 178
893 129
756 388
239 623
853 276
816 192
628 321
397 278
534 412
714 311
861 185
202 571
475 379
53 265
283 211
293 66
65 840
760 59
916 363
97 980
387 306
559 503
541 64
949 288
719 595
576 428
435 719
860 344
499 196
520 287
250 497
605 181
283 310
650 279
560 385
171 603
652 266
782 402
513 167
68 992
932 473
614 330
292 564
622 141
662 783
489 540
772 950
68 618
409 925
548 173
310 266
92 498
913 50
211 978
25 533
867 934
475 138
412 607
8 778
254 753
316 769
739 198
873 71
795 207
946 393
869 567
112 554
221 765
97 478
480 811
484 93
529 59
574 666
736 59
152 573
734 426
910 952
291 836
737 54
664 687
46 963
325 381
558 584
500 205
