100
653 215
980 585
770 841
874 783
657 74
248 178
403 172
729 479
758 921
718 526
515 813
186 658
369 891
508 919
384 275
248 429
399 512
710 308
408 241
10 288
246 907
82 857
517 348
316 965
874 267
749 988
239 165
290 930
953 934
955 892
202 780
963 967
127 453
226 799
306 112
491 605
417 126
910 763
157 833
447 597
21 119
533 974
800 399
292 58
702 445
179 363
64 513
527 532
500 388
430 726
314 897
173 275
585 955
67 804
354 764
28 36
676 35
478 348
87 424
847 191
273 889
285 688
124 204
292 32
302 830
244 974
919 250
593 828
590 169
321 712
861 902
881 557
488 875
369 662
979 9
691 694
73 442
896 89
565 780
867 429
821 128
164 423
113 964
230 213
393 906
969 573
573 673
257 471
866 544
349 547
492 433
841 993
430 641
396 142
699 8
747 950
1 786
940 730
57 614
564 51
