100
491 115
907 315
336 541
48 306
440 885
835 250
921 158
907 487
596 485
131 604
334 328
721 246
144 487
90 209
704 447
45 636
822 68
380 754
288 299
294 585
38 739
288 982
942 357
863 78
561 98
271 573
164 784
7 986
760 715
667 883
307 419
817 716
205 910
244 891
988 535
789 425
752 593
852 995
55 806
235 301
722 58
332 253
255 979
254 213
421 273
748 600
307 5
597 959
361 586
317 191
724 147
939 343
183 440
889 728
653 959
32 571
896 918
401 39
125 530
260 123
166 33
613 869
478 148
490 351
608 405
694 807
225 277
642 36
865 623
702 470
263 607
588 785
554 301
942 631
776 102
875 662
594 88
646 328
958 569
823 775
812 941
912 47
650 400
104 753
256 155
612 73
421 391
89 387
376 505
828 883
327 258
914 791
804 191
920 682
802 830
36 724
445 773
753 183
55 808
976 127
