3000 3000 1591 2316
2851 2132 28095980
898 2646 943248683
1956 2552 530178374
1475 2092 185170554
1942 1887 806335856
1643 1592 882169061
1567 1450 384399576
204 350 763364073
1299 1488 183565266
1990 2192 268343328
2821 1799 415496344
2216 1943 418159336
1354 2236 37951379
254 2405 970435650
1249 2096 413462488
2036 2130 561635835
2603 1760 893965300
2393 1753 45863696
2317 1575 932155628
842 2617 950142030
2637 607 632284030
2945 539 657551673
2802 1052 614975405
1906 2464 91913006
1294 453 789999228
2969 193 38518987
2592 1452 396384249
166 514 709293966
2303 2078 232710524
2004 630 218886588
2577 1997 745564208
929 1161 935656067
303 1964 916571090
1486 2542 562031202
169 1746 193074105
1506 2270 202790344
1829 1030 854959637
1788 1226 587183611
304 787 105151355
1052 1613 739772475
1055 2484 98226848
1302 2356 767478054
1548 1137 144461924
2890 1000 391395934
1765 1522 90686994
2608 203 392347752
26 1498 984339942
1494 762 191466711
1334 2335 975092175
2358 758 242394281
2505 2209 904355957
852 1091 128289520
133 402 401501820
1668 360 934365108
2431 1816 49934858
1907 2299 955133207
497 1340 401666694
777 123 726165178
64 1987 503882403
2511 1676 785118047
1624 171 173963932
308 2109 443055312
671 2832 690505920
1841 116 753610750
2193 2465 314180657
1834 434 221328236
2233 1505 905097192
1031 1196 282460621
985 916 806197243
1468 1120 476759788
1315 1761 506578722
2597 2546 63635147
177 1921 658838647
2320 1626 693712655
2536 2489 719450492
393 1715 538180762
1808 1942 604823650
1385 1499 717532537
568 1993 766668936
876 1028 443621633
2615 2806 330000705
2403 1084 366140980
2461 533 240023258
2530 2849 385421928
207 842 409150426
259 1194 567832106
2299 2610 664551563
1352 249 304657503
738 1305 388812985
1907 749 237926828
2754 2702 820387257
475 929 24051735
1814 1255 670368940
2384 365 163007214
1031 839 312572677
2264 2595 928941287
2597 941 423085384
581 1164 534787720
2785 515 959890451
1399 40 526121160
243 735 958162785
2512 2438 947265014
1600 2079 799307277
1567 297 567018202
1164 2196 949533077
67 128 682243097
280 1727 990258209
1605 142 301250525
1396 420 758050499
604 2925 863706037
2220 1401 833911806
1229 2093 144169145
2109 1353 320545420
1358 381 528204785
2593 2454 140909147
172 2768 664426230
549 1129 880167897
2327 2028 382317274
2459 534 215364977
1279 2523 747191109
79 2254 352386388
1257 1220 197834719
1433 881 685605756
2740 2609 526867445
2988 249 328639469
2508 437 323735638
752 1362 640526653
1308 2727 295046014
1205 2441 107751254
2600 1107 204835830
620 521 831584891
966 1641 532934906
323 956 164983432
493 385 924099931
1636 1867 378150525
982 528 711965351
1792 1487 559065148
711 2212 479142534
2497 2188 697949841
1475 144 183498342
831 1052 148690803
1160 1100 756253530
460 302 248352393
916 2746 261403711
1528 104 848984047
2403 1173 651640864
2836 2387 731694393
1436 1233 949934811
1740 1930 883974327
280 854 632928772
2370 485 124639482
483 959 546478600
69 2224 237234839
1713 2542 168250773
2350 1389 715952682
247 2718 736911673
2809 295 868975773
1082 1973 613644105
119 956 465786282
2891 673 8596996
1556 1508 484899998
716 1406 885186551
446 373 795047774
666 2895 750228130
1199 526 685289903
659 1713 820067163
1541 2549 259200177
725 924 829695602
677 2019 900582572
2888 1976 123006101
1086 2094 864977678
2373 2676 442150006
1991 240 100133044
1387 1225 120971946
1532 398 804383848
2935 803 955584468
2148 2295 452137386
1777 1178 315139330
2912 360 50385331
2627 551 64729174
2574 423 774269110
2631 1902 958615016
1052 1214 877537640
2922 192 767738603
822 1923 169023170
1364 820 114295565
977 1289 469920773
2707 1987 229663268
2164 1356 257911038
2277 2942 319800326
691 2855 771917963
519 1533 526842039
1333 324 310376797
1528 1484 74096329
2853 129 868211455
1990 1518 396289536
2249 1352 241321238
48 2839 564536372
804 957 700417257
2997 1110 76265083
348 1431 828756771
873 408 790689926
952 874 568871383
1772 506 325292107
1332 2978 35171013
1157 2109 638944228
1320 1281 68270043
2452 2766 124330422
1251 860 476002302
1506 2678 422862038
2713 232 582836745
776 1089 153988007
2253 1406 914138645
2007 2144 208112839
1610 1561 170134267
360 2636 555272235
360 2838 722035734
1691 2747 249721480
621 1112 802801485
2364 442 710161652
1405 43 290387280
193 2133 627281613
290 992 80662048
1316 1158 883773913
2883 80 374168533
161 311 837674670
987 1482 725782427
782 305 241845076
175 393 971969277
646 1532 235213352
647 805 38243685
517 1076 741673730
747 1367 140928483
2397 799 664406682
739 1778 385696557
875 801 319831591
979 2984 125110246
1110 2363 404531528
1297 1959 507397923
1208 2559 778071592
2647 2580 111165738
1238 1589 528097756
439 2451 627949692
2732 968 811922190
1612 998 400276757
880 699 58293984
117 1519 421068785
1516 2206 261834762
2714 644 816964818
2251 2327 666146373
2820 328 913500736
1640 1018 403043819
226 942 719589329
275 1986 569945054
2961 2170 447258282
1569 1752 875921321
1968 1087 56596549
2570 601 807692774
1024 453 23015795
566 683 787154142
368 502 771787684
789 689 828489078
517 1209 203639398
2320 856 754791496
2259 1061 409371947
1126 862 16079632
2814 2833 114923854
1039 606 133726793
1510 2149 863559256
391 1998 106473751
195 1819 865676414
59 1604 605913447
42 1076 10621806
2914 2023 988479572
354 304 466430794
2223 2719 447912140
291 2162 653412340
2096 1263 610536051
1103 1924 344687756
1748 351 511110854
804 912 833832246
2945 2793 573929091
1399 1634 552529184
196 1386 264520
1223 1520 307832003
2521 2107 596120442
2906 381 107464296
141 1670 856150120
2297 1864 28846317
999 1404 924476079
655 1427 949066952
240 1961 514420959
2154 1614 554066764
2374 690 910790750
2655 1080 834079275
1468 2713 952682124
224 2335 430607163
2278 2521 271495720
2605 1296 728469116
164 2589 360037617
1643 1728 596537945
864 1424 929085840
609 84 261156398
828 86 365263796
2690 1186 775921418
2223 2623 574063231
1415 2060 736534197
392 2050 741248800
572 2259 827980532
326 535 67814848
804 2849 664273675
422 2463 682924706
1931 1547 298276226
1465 2347 135373189
1188 1561 985352236
697 1324 942060364
1024 764 941331044
175 458 22836704
204 1119 565384602
2285 2805 243041365
709 864 614227981
1049 1172 945700683
2426 710 779455961
1704 2740 448730006
1098 1920 305419316
842 2636 458839841
2635 16 672985844
2146 908 227297295
967 2077 399945812
2241 1932 567989794
1815 1769 538766582
271 1782 316944992
22 1366 851009580
1110 1814 223257843
2407 2919 16684146
2548 1612 492886352
1483 446 431271487
337 646 867803803
971 640 472659708
54 1994 667114570
1166 2980 157291092
1861 1782 12007176
625 759 907233198
2820 2169 819946971
2137 164 136684535
1123 754 531758472
1053 1924 249201060
1504 1739 632523829
1513 675 246924023
2174 1515 747358032
2631 2191 592695936
1311 462 304148400
334 1563 983124454
372 1146 502947833
1080 2843 721373927
1821 654 831066947
2355 1073 162961052
327 2518 731542525
2625 1338 618461441
1643 177 511883535
2375 2271 859740852
371 2043 68375871
2612 811 619632893
933 1997 982667477
2763 2126 949342222
2337 1271 814704000
717 1365 728901515
43 302 389973626
455 628 32314187
2319 2432 504238827
1025 1349 496157792
1830 777 837732490
1483 1911 767239764
2586 1082 241270410
2168 2575 110794421
1143 321 817318579
2392 195 356456148
1950 2464 456388302
2005 2334 482186185
2631 1328 576849477
1629 1208 700816057
2873 2288 700791307
1207 2857 160707931
2665 591 931722425
1188 1597 429898935
946 2851 496908537
343 2248 80182832
2886 714 659672103
2962 1999 689435845
1580 1265 924353332
1251 1058 432751251
890 435 519117262
1079 890 688038045
1938 301 870838205
82 672 87932111
2654 1752 426921616
1757 64 808777280
834 2800 613204344
2201 2864 387841463
1481 620 812661107
48 1743 846765168
784 1057 533813676
2029 123 994154272
485 2136 222835745
93 2981 582791477
509 1550 216670342
2348 357 170978401
1295 1938 436036969
96 2561 180011097
393 266 265974166
1513 2484 579629785
2750 1244 757195196
1717 947 845779436
1928 881 655138383
434 617 629114473
2475 2409 864654768
709 2044 652196032
1670 969 323263115
1677 1563 529850358
206 2220 502260353
2043 197 430370541
2732 57 491901190
493 1024 559272937
63 1653 698891915
2102 2821 603621455
2452 2200 675688414
405 902 350595758
2054 526 894075345
2657 813 729734915
1932 929 731327770
687 1710 790603576
2456 1696 941966969
2212 2548 713414638
8 877 672108831
1162 1470 485226876
1628 554 369693518
1288 2822 601465142
2 629 494633276
619 2647 84004081
703 1059 735713853
679 765 871782598
915 2640 9390624
1625 2963 358373142
1251 1958 909127384
606 1490 495415503
2936 2332 776938590
2076 1576 399037420
734 2705 325003478
478 2257 708781122
1330 2774 257341680
2179 1107 204134520
377 1966 607727249
1048 1559 384132438
185 896 56650161
322 1156 218044227
778 2752 753788294
2010 2493 239017992
1202 1837 445478370
397 2336 115421402
2417 1506 334643417
1300 508 491756182
1008 2385 458549926
842 40 541951565
1818 2524 305494990
2453 2696 776548867
1699 2030 785288581
2629 2520 747424180
1811 391 120567889
2290 2738 54113943
2911 1059 783977709
2926 1757 789678245
246 1164 414561135
563 754 416972380
2230 1399 713739948
290 386 403522240
290 2015 18605531
1341 103 565389730
1431 30 783515256
2756 1579 590790180
1500 2636 575573098
1177 1853 407914363
521 1733 126220391
728 2113 717240310
102 612 878656151
2119 177 14338624
1547 506 767676791
1262 83 608677089
2527 130 683340032
1432 1808 809461770
1662 2972 782815239
649 234 123473297
992 118 704461286
1896 307 285526329
378 1825 540263516
1118 1791 727692087
2419 1417 700643761
1823 1855 970593521
886 1407 851892509
1663 1986 664944136
2532 2239 946331498
2463 2736 569337240
1176 1641 388023256
2532 954 807802814
408 2849 256324416
2057 2974 932452186
2722 1418 573394299
2585 2907 606669333
1298 2300 751183108
1836 249 288237733
799 1824 732839643
290 1136 262755151
2372 1314 169589420
1994 1747 605346477
2427 1417 97422128
1565 2759 360445617
2743 12 92097235
2570 1172 503892969
2957 268 198786711
1092 40 69070084
146 2636 395020087
2860 167 872236692
2721 67 169864847
754 1240 225271061
1169 2354 830930746
544 50 494267693
419 68 282057341
1252 878 434410549
376 849 147941987
1014 2647 914822391
1420 2127 685392936
2656 2801 676178617
1690 799 563889370
115 2546 148366458
1503 1188 986236989
2328 2421 237333115
2543 2808 435004911
1124 799 356063232
175 402 370740428
2588 2067 339238231
1252 430 526876307
855 362 374831641
1869 1364 349102537
2474 841 518794671
2143 1836 834878941
1724 2052 418848791
1619 883 891239308
1036 619 367129832
961 1520 643384710
1410 2869 833672851
2862 569 410818385
1086 427 134684651
1808 627 492083821
175 2510 215292902
451 1013 211486649
1625 2941 846842788
892 1723 946289941
2416 1232 521209009
2689 2962 557860167
186 1630 693716358
470 185 398167074
2414 343 118096469
1665 2893 465451748
2951 465 345006598
2537 1058 395438816
587 2464 524409212
134 270 23002716
1621 1173 796825372
2921 1139 937692092
592 2583 273608334
1184 699 214486239
570 1514 848494277
1910 1506 687536328
109 1794 523534397
365 1839 682417025
1975 1897 631612291
192 2584 367705147
2091 2733 119156218
916 663 200039354
505 567 689677531
2667 2476 875988719
2946 2890 846152829
2049 476 286938598
650 2256 96758742
1645 1335 965627618
192 2798 311077953
645 680 98908101
401 212 572382593
588 1010 230271925
1043 1451 855401477
1858 2012 510179580
675 1399 786845549
2106 1751 480752944
2455 1290 867547468
2684 1605 694573971
243 1866 438556207
2282 343 25604028
1450 495 924527326
119 633 957191286
2717 2826 424073697
2034 1728 828615399
131 279 51355461
2761 2033 992037876
1264 347 393232031
2081 929 966720484
318 497 176738641
2281 562 384682051
518 1034 421030155
2198 2710 112020488
1390 1685 166134420
2699 197 484496889
1108 715 484159178
2443 277 480657230
502 1808 929088999
1398 929 284915860
1730 1754 491230469
2360 2049 686845652
2304 766 865884131
1140 393 518109428
2276 1859 914927849
1496 827 572064604
1162 518 969097065
2613 388 927641052
1515 1902 489011239
1856 741 376602060
254 1429 148893723
462 1313 30357108
2506 668 573813108
1675 2826 966207406
2256 2210 91218144
1506 1334 546375882
1266 1478 6527242
1960 2648 571941809
117 716 638928996
958 780 277131340
1526 1945 253820710
1070 262 628444710
1898 2540 775723925
1654 368 978801743
393 429 562357384
1944 24 919580035
1781 2252 414272039
944 2828 308546188
1673 2826 273199350
197 2200 670386916
2569 2784 508790033
1657 942 840199581
1368 2396 218266553
2397 939 79506565
625 2336 612948750
2055 2458 20107141
2633 1393 248210974
2052 1024 953569353
292 2250 489005854
2924 1981 280864293
309 1779 368868342
1052 757 935888438
2535 613 100957442
686 2688 542249928
2772 628 126057494
1287 771 962154743
846 467 955420611
790 596 273258904
1020 1582 141214424
243 2024 15923289
1024 949 417390123
136 2466 711413286
1378 483 831740568
1390 1603 414903758
2900 403 712127818
1211 2887 730508774
393 2287 148436537
1058 2035 517107949
1878 1912 288046835
1762 2351 210928560
846 2786 844622750
862 1347 68577263
231 553 393645116
2887 2738 24802625
779 2649 98969648
2373 365 92184628
562 1539 47695874
2166 2551 292089784
2694 31 613487966
845 670 246624956
1809 1502 898742114
343 1762 619140633
329 1808 406778137
1863 2088 436390575
2299 854 45053505
420 2949 868276173
1228 872 134288468
1080 1594 617007574
1378 2097 134439366
1904 2812 162582304
892 393 8877962
694 2593 661467423
1225 819 180490970
99 1415 63322050
720 2665 981709111
2682 2723 712337180
1402 970 631623855
2563 1373 842268487
2549 2072 844368990
2171 2578 967473797
1746 800 719564086
722 1072 149217703
2380 2700 154619138
1356 1744 115703985
2967 503 748256679
1726 191 465887166
95 692 781898925
555 163 165084705
1125 1763 360035581
2294 1496 63409101
901 814 580593900
1050 1250 205782774
2048 2302 994504823
139 2661 271559159
5 2730 76746192
1568 1821 270479222
2252 2640 878635545
2448 2643 926160581
2775 1750 725167726
1067 1334 264702091
1043 1972 497384233
2942 456 628164003
1197 2071 540951904
1153 2866 850254915
2095 752 249102514
406 49 253829984
2223 558 519776579
2682 2192 282729041
2602 177 896380420
1207 2602 234105010
1075 1631 323919159
384 2308 342370443
555 1975 681267506
1766 448 377392304
1873 965 976611170
1812 2904 816148842
1150 1197 336933266
799 507 493659478
2295 2828 434457453
967 1296 378242701
610 623 299766849
1286 425 232997892
403 2675 920091397
2643 2275 395691830
250 2373 12652189
183 1279 774429183
1552 2902 827881563
2247 1034 354326219
2697 2412 772059849
1494 2687 511750383
376 1837 318549157
802 2753 213675862
1254 2989 830025772
554 1832 736024928
1945 2522 912251035
2632 919 278569478
1769 2138 432886770
237 2157 515359553
1384 2770 535870202
767 1208 744223148
2736 2864 984254857
1667 24 628432487
2967 2442 119615748
2431 696 942750015
2017 796 484822310
2539 1891 614476043
2271 384 379290879
308 40 735426648
835 181 221549630
40 1358 990046792
2551 2732 562934450
855 187 587675574
230 2812 269164045
1077 1004 633149598
609 1951 389898219
1273 1072 938614716
1588 2054 505991698
1510 1201 776376434
1367 1197 206117627
304 759 18862318
1217 1242 675823249
1148 1492 889017996
996 2519 311125815
2102 46 948818040
2333 165 249872656
867 2099 789596823
1605 1984 333146489
2470 1821 350221479
900 2470 583409882
1954 243 367817636
1768 2132 506887326
629 556 44006765
627 562 394456447
2819 43 251047079
1891 1941 214036998
2527 2861 486121185
1663 2283 319851346
2307 2426 916084985
2040 2713 390550551
697 1307 236914621
2037 1070 691377641
1416 2572 526047956
29 1897 551136954
842 2586 703742943
555 1149 23573665
1323 2247 8699354
1543 2931 790387676
378 2773 827777224
1797 157 961254168
2929 1986 416501135
1573 1061 196472303
2746 2493 980300832
22 1803 76072881
1806 2311 523162586
1073 1188 227732582
1574 393 856457776
101 1938 800230931
2409 177 414486408
652 649 212023868
297 274 551178854
196 2438 275910058
929 2971 707602633
1352 2976 884625006
1633 2942 782957525
1167 1997 518564389
796 1776 785797041
1702 2910 914012796
2432 2611 773201842
131 2438 460933622
479 1806 250120376
2411 2954 170007788
748 1028 878600664
2339 781 95626453
2277 1647 702435131
2234 1891 858865095
176 183 727262021
2496 1086 378036286
1029 852 685287417
1006 1530 418391323
873 1695 228667547
1291 2531 899554798
177 2082 889317782
1348 1045 949766519
780 2636 780359840
818 1485 874251881
1237 1719 676637979
2731 470 99481714
1329 493 920732862
1812 1037 131628919
1658 1713 697466484
1332 2572 183680292
1773 1600 761820547
532 1270 223211683
1417 714 768575729
1468 2109 643039402
1367 1334 613211938
1197 40 295525307
314 629 164446661
273 2986 768509607
2187 1507 189765617
1365 585 907262803
2624 2359 106487434
356 811 533737406
1870 106 801062121
2088 2243 702477122
608 1588 530238395
91 706 170060313
639 2644 418352681
442 97 118497570
2522 40 178257721
2815 1982 61428197
399 1288 422990707
2370 2515 34093780
1762 1038 842495175
1717 2391 404788691
2781 1356 71335086
1250 627 346579194
2043 1497 986485902
674 279 814516633
571 305 73776738
597 2522 304365436
858 616 196812186
1866 1774 705948783
522 881 967204927
997 1798 412747780
1373 2363 760332378
2877 1425 141560723
1706 2740 808958870
1286 1121 17281153
599 891 573179684
775 914 851391685
525 1129 482367454
2724 2542 399232424
790 1003 818491054
1700 690 141859531
2095 1519 152833841
587 872 567774062
2196 1802 16706710
1909 995 468650990
1731 1570 356653260
289 1260 339035023
2658 943 641269212
2599 2631 851228796
989 1820 830063506
2331 1074 911731211
2734 257 657373027
2590 2358 854725956
2157 1996 357314698
484 2370 123730339
2538 2147 660842611
1728 578 301215261
791 344 291608413
2516 2666 265964640
873 533 326551354
892 513 966971999
1813 1742 418073817
1330 641 603939853
2039 1084 685455686
1977 2073 947737960
565 25 98174320
196 757 879212728
1022 1938 526886412
2149 1302 505462040
939 769 236089273
2308 494 764633397
1551 2645 233425765
91 1024 956994133
1572 2025 129192686
2310 2711 298543515
138 434 406593548
486 1333 129461128
2036 868 881032045
544 2192 377169861
338 154 169682977
1178 1465 648447775
1986 1085 700103480
1187 2982 564218833
1634 2324 456218537
2218 914 439167497
706 335 383806069
381 1066 404614309
2835 2484 275924235
632 1997 355286589
1720 2087 349246958
617 1254 998399589
1553 728 35682196
1234 2224 414042931
2090 997 171795857
691 2030 766212862
362 78 262211060
2128 2415 980458089
31 186 867651313
965 2874 710452383
2167 1237 88675007
1707 2714 264866271
1377 693 610482627
1820 1727 118121018
799 416 101755118
1276 1378 118187163
2002 18 481878626
2681 1474 436304392
2131 2070 467125339
429 1366 624660774
347 1693 254357068
1633 2881 926035458
2987 2935 140100680
1803 2737 531311630
411 469 86803107
2306 1707 980449897
2172 2550 7941593
546 2021 421593698
2216 2161 868406445
1482 700 746528318
1153 2545 197591701
1627 3 47145017
1265 1364 148303957
1170 1053 920231882
190 519 434051305
1333 581 604526379
2464 1257 819204263
2794 628 322077976
184 2992 90993829
483 2178 681785046
1853 1264 872105047
1625 1598 385128566
2532 277 452752765
905 2810 417758042
1950 1421 6840379
2295 1142 712994040
2769 2416 594945929
2161 485 473792990
2332 2760 883591629
960 2562 786420469
1302 1534 153541
1472 223 855415049
2968 1253 127752106
1479 889 745518216
80 2315 117862034
925 407 135142281
1962 1624 299878421
737 229 973711376
174 2085 665442355
1536 2983 825097360
2341 299 816001908
1875 2583 775478448
693 877 478371153
1171 1211 193168465
1525 465 265115346
2729 438 950369488
1042 2127 110326648
1151 1278 129702024
796 512 489832540
1783 2355 399253146
320 33 488151959
879 153 255695087
2783 2257 476860388
1446 1546 171232894
1506 2985 171468932
1095 2788 596078026
1466 1424 203660641
222 2604 796873646
1403 2318 478627190
114 352 555435612
2552 2925 248186733
216 1645 295829666
1933 692 211476105
1959 864 707085167
363 2585 206429126
1618 299 763881878
888 1670 336669501
718 304 720395217
1660 1694 596851661
2638 2610 926306567
1913 263 286389496
2986 706 720416977
951 2999 870117642
1160 1583 838641722
863 1564 409180031
2906 2100 409359558
385 1008 383775142
1060 961 212705205
2970 1588 183004033
1429 1427 860688264
940 2671 893301487
516 1663 158098884
312 1074 407174412
876 2199 76137205
2775 2861 197631960
2460 1079 783632629
2689 1075 642679830
1380 775 136642926
960 13 445415286
407 2108 837396636
217 2557 475543285
2571 318 776140887
1210 2412 363024772
839 886 717146448
939 2915 288379623
1586 2435 921991322
645 2602 848624352
2883 2680 598495084
611 409 551858828
1491 70 518208293
1708 1321 992325643
2754 1240 439280527
1251 523 240476774
955 872 692332903
2752 1614 161699245
2843 2001 45805340
2377 600 171088224
1055 2000 487087575
2385 462 909657360
2255 2948 6483643
17 1727 129367876
1192 1046 643595373
91 247 64851616
2795 2706 74483926
1191 167 261969731
552 719 733229863
2265 939 949236849
1224 1989 416263197
2656 796 444358258
48 1990 911664774
1668 76 746451641
600 2370 772896771
1832 865 98556487
684 2043 628468750
885 2481 551449169
9 2956 147121982
1034 438 163963168
2482 2487 488920265
2176 2861 340947256
1338 1827 168443467
2553 2938 419101372
424 510 523054533
879 1239 863288080
1874 1309 575980007
2353 1207 379909311
1145 1978 275937425
1078 1312 725853087
963 2566 273148311
1333 891 782046515
1409 36 141238212
1555 1757 417512784
1604 1620 471156769
1826 1889 740094210
1683 14 778658166
701 419 366947247
40 2527 593820689
1095 1195 153565821
2020 911 553406917
2987 2964 583868401
490 574 415820341
649 1383 499877848
1586 1402 829038930
2209 27 170174313
1755 853 53090849
1542 1310 758415787
903 2502 324343233
2273 2898 688975892
2937 2408 615431340
47 1598 94061426
2117 1537 881651773
2344 434 777220878
2163 2764 54969969
2127 202 988204558
813 1397 118195185
2528 1756 79579419
1923 795 112257615
1481 1021 326564419
2113 1916 40078992
988 2706 616975135
2829 1764 148328426
1227 2686 314481464
1497 583 246756558
1108 2449 754890406
150 1352 195506215
2936 2093 578816250
265 32 610835172
2645 433 805161565
2083 16 785719732
1034 2489 998899960
743 1320 164752656
1745 976 996091031
1355 1283 760169342
2206 586 342713480
1635 1312 413085202
1060 2971 698780617
782 929 660182840
446 2561 497611617
1209 1047 141421489
596 160 290898702
1317 589 967808987
1210 1523 122701343
1993 1070 62501684
793 998 609216163
897 768 308131872
879 567 876956867
1585 1141 968367594
685 1157 398582892
33 753 529366280
479 887 268633904
1463 1011 252322210
2863 498 568625262
2791 557 458304085
1360 2851 605802415
81 428 157149491
1604 200 679760211
2605 643 94000398
911 171 177467756
2394 2012 719999222
23 1626 369049833
2997 132 985087487
2467 1877 101306614
2852 1205 682397511
1756 412 689733795
2252 40 64662070
712 21 663171267
2182 531 395833095
2869 1030 766739478
1643 2576 489706375
2160 2329 253025706
153 49 103594013
1123 2128 444126077
1843 1146 170412809
1116 961 862995303
162 2137 230948848
1344 2892 796358710
1224 1532 53387671
1491 4 443734810
2548 2076 874815471
1110 2246 144956739
2651 386 519347793
1357 2555 746722248
1793 2103 972936201
158 6 879078858
1472 2971 331478808
2232 2243 430807257
38 2295 384232757
1736 1073 444796309
982 2397 389830933
2517 1663 404851352
811 40 184936940
1559 2778 163027347
2848 1363 996932402
2381 2119 619463863
544 1257 458860202
1646 2283 383947861
1464 2346 377220767
2491 577 716806856
2636 2746 621350000
283 1992 915393682
1339 2308 890767183
2237 2682 203821252
1013 1978 512360773
1240 2953 248499619
2483 2423 117644408
2204 799 183137160
605 239 273394864
2837 1861 799667207
1445 459 253064983
2168 586 398526803
1205 1529 874072128
2832 1734 461606369
2389 2097 188541546
2997 70 520397898
1874 754 624338436
1725 1622 252576629
712 437 200193652
499 109 918728437
1008 2163 443303187
2863 730 164133295
923 732 625949820
1328 374 351951551
2953 2198 395106310
2113 664 573398683
147 2640 410862990
794 2583 319256697
1583 2602 323670393
647 1128 210704878
1845 724 624227576
2167 1399 330928855
1616 1272 48598158
1385 1043 956156284
2963 1221 497621199
1250 893 784314609
1136 124 672520553
616 1342 784782271
2943 960 281188456
110 2340 437143748
2260 1585 365060533
1509 1095 767611479
558 2046 42080991
432 2250 328365999
1113 92 412058909
2107 2705 128615557
560 2420 437330835
1860 1955 69868278
2668 648 445440468
317 1151 123561390
520 2794 951239335
2598 1979 480379459
525 790 727817998
1902 2814 378067422
2807 115 4831619
394 573 796019232
756 910 163386756
2482 437 222379074
1475 1034 948105554
1778 1252 566380670
292 1423 950758900
626 2958 323867053
814 2620 35325826
1213 2192 729107761
2819 2841 248710047
2310 1140 836614420
152 84 229690438
1080 1930 652545137
753 613 943572682
1155 1069 446016530
2117 1008 408760087
1538 234 905591642
2164 944 126284605
2946 1592 599959909
1137 874 935627055
518 283 229407341
4 2917 457931463
2755 2646 85085039
1157 2659 913873420
1924 2861 987075597
1424 3000 101761975
2065 1785 567836853
991 2372 89925108
684 1535 343311619
837 2165 908350309
2559 1557 549974116
823 698 747817579
328 2916 631517435
2858 2285 923801255
1531 2857 286373063
580 2868 894112958
1901 799 473207556
1806 2890 980588636
2504 1590 478131154
2099 2071 975274107
1293 1719 791976468
2578 2569 84258277
935 1574 357509018
520 1337 932727799
2962 1627 368396674
1477 844 329839015
2618 1441 109482715
938 2740 811899591
2504 356 182126986
1715 394 393745290
89 1685 593410929
395 77 239317063
489 957 572586957
332 1517 68661629
2598 1883 302290655
903 1236 198915606
1912 198 213149646
1003 2759 548335599
817 907 407152331
1993 153 710102680
841 2071 475947894
2876 1402 633424472
252 2975 765689215
1016 1656 215225715
2391 2534 947354000
2824 101 603526062
1668 90 785633386
2651 1152 930962962
1476 1532 962185294
1487 1848 783434480
2401 1446 687806621
2565 1346 427493413
1662 2684 332474818
2621 593 247201183
408 601 848425295
2628 196 4918815
1998 1134 620983398
115 2461 162470464
1465 2942 508727386
889 845 805903799
332 384 493078933
2407 1865 956149467
1879 1902 290307259
931 1068 751290471
1457 293 449734671
1816 408 82274175
2330 1209 525174037
414 1358 514263536
1746 2834 193282169
2328 2475 940813500
1692 1592 716321327
2579 664 613045972
1993 2122 997097434
1862 1332 863081511
2180 2231 865550194
61 223 356692187
1677 2522 314109472
326 686 395484377
11 554 990524268
2877 1464 986057615
2669 1338 897640601
1515 389 522768368
1208 2883 85663823
1632 1382 871110335
1009 1413 530494074
155 2112 56263437
824 1417 660601458
1649 1902 561703680
746 594 117385564
2568 96 414183637
1621 2155 501037775
2522 728 21721639
2231 1841 354835897
2949 2149 826516848
13 2582 274629508
1615 404 588451280
2844 880 435263348
751 2309 458257677
2686 1792 71072850
757 2455 302599643
2447 829 595041358
2924 2769 402856028
2115 672 866047777
2889 154 552860393
1110 2387 679479922
2127 125 609497362
40 606 358910586
1999 2573 859901155
2477 1266 51683050
1556 2592 306769001
2613 286 187523083
1399 2888 698758004
2426 1890 553219111
646 2156 357224349
1282 838 237036839
2612 1786 820856458
193 2925 863446141
117 2485 970780784
2856 1468 118004547
1206 2821 473450713
2342 1530 245088932
1692 1061 361685414
1844 2061 817903226
437 2303 821784663
1499 1446 108592184
1589 17 916998026
296 1475 421118986
2662 1022 433316545
2379 1308 46830650
1861 2272 754780776
375 2918 636601557
148 186 121848341
973 2814 208061838
521 1148 967983377
2008 2398 480780257
2550 541 374944534
1168 384 150751099
177 2849 495606618
2547 1729 870730456
1495 667 431601100
1544 170 250172974
1463 1114 109598876
2013 2880 445841033
1322 1841 238338561
1379 1251 604489015
1000 1785 523565622
1587 2589 757931365
2036 2527 112670660
2633 1215 577059337
1008 2006 493521927
445 241 529277443
990 2292 8127466
811 579 260825726
1165 2175 924510452
1002 2463 869084572
303 308 636003464
2459 2932 957044562
351 1354 842347368
245 1456 484288655
1140 1449 829066618
2427 1513 357250211
2715 1248 594745295
2325 2971 556155103
2634 413 748649696
1938 2921 472833144
1454 2666 101704986
194 358 487563440
115 1876 536784796
2454 2773 750740279
2407 2937 911811390
2355 71 771667661
1008 1163 251846101
770 2012 948650540
2354 1854 130482100
649 1220 27586341
868 2116 271684470
779 426 436093961
1990 733 215062523
1674 449 109989194
1502 1251 143493295
2040 1292 614441312
1714 2900 253998610
153 913 923681520
1060 2823 455896179
2546 415 117820203
2942 1979 593793278
2125 596 37821044
1263 175 327890169
2162 501 779043141
2570 278 443491658
571 861 515364691
1475 1593 248030780
2106 180 944165615
1369 753 953476482
17 338 398175406
2218 20 818428027
313 2939 224621388
375 1244 617145015
1605 2650 482451405
2773 2948 676064441
1100 2928 752057828
566 2890 922911998
1286 2341 344764056
115 1947 458982206
1077 2308 240393509
303 1697 840815089
1117 1259 549387296
604 448 381724692
2475 1113 59928797
1036 365 568943404
1552 977 258379028
2053 709 623286154
2558 2915 687353538
2389 621 986602705
914 2679 43461708
2934 2736 136661173
1023 2104 444015338
1451 2293 175145989
1872 1315 939266882
2252 2009 575743978
2736 2765 522126419
378 2896 636192112
1949 2567 44244628
2414 1946 816384838
1080 2883 273271644
1513 762 268050369
73 1433 523760260
1854 258 358512934
2636 2977 151461450
1383 1953 713916456
796 509 674805112
1813 1843 582193839
2586 1361 828974532
1997 2691 974967514
44 2633 674352762
1681 848 489409607
1345 2926 141629784
369 646 6402961
2173 256 932782008
197 2791 452726298
2325 205 646463476
1671 2198 508621321
2470 1363 670731013
1268 399 253511830
2683 2183 971178093
2041 2956 368657028
2248 866 465753687
842 196 912578799
1705 1508 566375931
221 2086 467652167
857 1136 450238023
1127 1496 813645212
1118 2576 97006267
1093 1788 145227291
2982 576 557310100
2961 167 296158424
2784 772 552472108
1493 1314 311905997
1713 437 313534624
2111 2236 109139746
482 573 475701171
2804 889 188094894
2993 1242 648708081
244 2137 433300925
1789 847 362382103
1891 2574 884185875
2757 1306 994119857
2352 1260 167566641
1307 465 492800773
2094 1405 613696214
606 2716 491413551
1351 1078 76677064
2740 678 573079949
1187 1337 728132307
2786 383 421244252
936 539 259501586
545 1978 380162211
811 1828 778013036
272 2597 628087631
1412 767 773488993
2608 1506 971483295
152 2879 171550726
1769 2033 314449346
1543 2114 593058893
1765 637 849049789
1903 80 432889226
2116 2068 88831378
284 2361 156733234
1881 625 859916702
1838 2747 998661349
2190 809 331257154
2689 759 80671405
2495 1935 235136965
1306 2667 870613896
2428 1354 467551097
1107 2192 372759075
284 1399 347357723
1025 1942 956862440
66 437 975532927
2418 907 800432698
1652 437 96046188
326 1628 722837503
2140 1505 840749508
2553 193 262166878
643 365 911094248
2936 1955 7692233
2842 1490 255011418
2595 2745 954455613
220 255 312093091
1664 2324 867766728
126 964 665872246
1140 1287 52951628
2616 121 271092501
84 2901 927587201
547 1652 875787763
255 1155 927868991
827 2818 193948314
2748 2150 682944509
1627 1758 24492494
1919 820 161847956
1438 2106 333796338
2789 1427 725536841
246 1623 245180075
2910 1868 889661961
1607 2102 693691586
2497 216 47853046
421 1777 420384846
2261 1045 478323746
2849 1490 634859794
540 2015 698365849
1900 1710 915615523
2423 2994 273537445
2063 1684 501988302
534 2472 339671372
496 1668 564667576
10 79 99586333
51 1247 193301829
2997 1399 584099627
83 2918 50358333
1845 70 236546906
1996 689 834670509
1645 1077 352476121
1316 2745 734372107
760 797 888035822
763 428 323457949
2242 1674 855302392
2607 546 728738586
1514 2493 397166002
729 2683 284131472
594 424 273875892
80 251 302312329
239 2708 329011007
1251 2447 64158569
1324 1554 183196473
2705 219 946466586
2599 798 886431094
2120 2256 170307818
495 2383 125091640
768 1801 701376179
2027 1692 550780921
385 349 594033211
2025 947 118970983
1135 2230 250434014
1668 2028 638994863
881 1686 897438570
2477 2468 643592446
2639 360 801588041
2080 1495 17766212
2936 965 711473637
930 2617 631098682
2604 2819 559581511
1645 811 556961702
718 1420 454282497
981 847 127622621
1510 34 703980110
2756 1310 261512329
609 1764 137132151
1620 2424 565270188
2971 2923 692398967
2960 2059 403802852
1995 2521 838481121
2366 1827 98480880
1457 2619 350849793
1626 1459 893432178
2506 1043 634022466
2698 1371 760042486
1351 102 361477839
127 2124 10265906
753 1471 16966267
1599 1034 6426511
1670 177 880775397
231 939 884519912
2117 2998 757945303
267 116 692622992
2699 330 923360238
2367 2108 581794969
997 285 946408832
1336 2361 510360915
517 1945 285860793
2270 74 632057875
1044 2786 568324615
2019 1364 443887669
2503 756 66219959
581 796 358257507
31 840 753113568
1808 2368 61853718
257 1237 564154239
1384 361 481224796
2959 2748 284245987
920 2576 694373596
2110 100 489524043
304 1556 38567447
285 999 849415629
636 1534 141667312
927 839 996663928
2792 2538 47783277
2555 1107 35294909
2894 1193 415321279
1090 304 589772298
649 1019 538562431
1034 2883 69146039
830 2085 98382138
1043 1016 744659749
2790 325 442146351
2518 794 231594020
1519 1133 622100054
2842 2565 388457877
724 170 128961188
2482 2267 708563024
2850 1928 323860109
487 2332 132461639
1146 287 11516874
1574 1948 181105131
2429 2831 831497308
1222 733 54996430
531 2666 237335760
2925 642 737310857
1614 14 691315907
602 470 181954783
1818 1765 117728168
1402 2601 242992674
2457 2154 82848712
2827 2955 717527765
2406 2213 353801610
1779 2015 982956434
340 2268 554792692
316 2840 915013166
2930 1880 664502129
2322 2533 400298778
1885 625 833639892
2877 2554 265657099
1495 969 376193692
1162 463 993237725
2961 527 160765049
1464 255 707154868
755 1359 457236239
2947 430 472323940
1727 2261 933344761
2298 1914 117944082
2118 961 485237263
550 643 855029787
2776 37 99390700
1261 1902 29628724
1200 2881 921985706
894 2642 426960337
1762 1926 159087599
1980 606 174600651
255 2997 262676525
1934 2478 164062012
2240 1263 856129060
186 2491 566782125
2654 542 382737579
2811 2926 60686195
1847 1028 8568240
2135 1841 526022741
2482 962 880772989
2257 2668 895328882
2617 2666 59615804
1638 347 554503777
2749 411 405835709
2779 1002 718238105
2803 2015 529774453
2020 1606 821829651
433 2663 323789513
47 1277 931936302
491 782 253921676
1359 2228 132546257
1707 285 956636870
2032 312 268187094
2821 2875 6087095
2257 1071 321152678
650 1632 536149275
1531 1096 597398304
1344 976 280365230
1286 294 543584446
1852 1977 783247090
1774 1692 232999930
1076 2007 126290735
2075 1488 807595502
2207 341 223789498
1358 2712 715917370
1522 100 290165370
2958 1065 279719721
1857 2602 586792359
1620 692 937872918
1359 2430 339984597
1672 2162 987342348
447 801 395318832
2773 1224 997905068
2399 545 426676233
977 2971 462146899
218 1682 182809233
252 2305 9930363
601 2984 561488867
1830 1275 36823393
105 1897 283638855
2739 1963 947170280
2434 2918 150907572
162 2677 304296637
2532 1594 732616086
2974 1430 173683643
559 766 21888978
163 2091 282670735
631 2556 355586566
1269 2657 247318943
449 527 516926997
43 2345 500697895
1035 676 542711522
2865 1291 181430949
147 1243 405467738
545 1180 428202615
1664 870 682101176
19 1090 245908417
1013 1326 353039876
134 2227 492176532
867 2809 779533532
1566 661 359313996
376 393 115088758
1713 1729 245904440
2671 1253 984482276
2574 2974 493900416
2159 963 223921306
888 781 767196483
198 1718 553324077
1710 1591 45777919
2791 1566 679532381
2599 1240 707208502
524 1959 376720213
1321 2884 539852365
213 196 363692080
704 929 577832374
1953 2429 184231359
24 977 722218833
500 2418 150979209
859 1136 75276559
834 290 887226642
775 2055 75590104
2233 2616 692221792
796 2794 867078318
581 2286 916993722
1805 1193 503667730
1181 2126 247713714
834 211 712435110
2577 725 521398374
519 1570 957895187
2700 606 613864194
1031 1286 640489260
2181 691 184773256
1842 599 679603283
727 1945 944131539
392 2762 882708251
843 1978 226121432
2062 152 923664431
1767 2915 976017455
2643 2134 912371825
1829 2227 906628817
2615 2214 971235942
2992 1061 546039843
2971 1315 594558928
395 1075 799409715
2457 2909 103352732
70 2538 75353152
2606 1409 562568702
315 945 300023167
2742 1901 141747930
1040 11 129571868
189 1457 537718885
1596 2078 658211454
2486 1634 428554764
1922 1421 985439951
1795 338 316631956
228 1974 780219579
365 438 106074242
281 189 618545527
1680 2647 535525820
2828 2726 838428164
1519 977 7523183
1501 2026 98743732
32 2859 768987955
502 2258 167372013
185 2897 923918445
2226 1061 278552108
1334 1488 904410869
2674 2806 682799436
2641 2892 570772471
438 2521 607465736
759 2131 961726238
719 509 507703998
2013 163 262511598
1286 1365 554297973
832 406 590565233
591 1924 725378337
2233 468 872897045
1967 2299 812568869
623 446 595889620
2608 178 454194968
298 391 888426645
2654 355 411437259
2376 582 219357394
2745 1726 830854795
2085 1942 115363450
45 1073 949921442
1162 777 399597591
1442 2537 301048612
647 1283 344421939
2633 2102 882853863
2595 1068 477062392
1505 450 102857938
2229 1744 886540822
1364 2414 790178394
2252 199 186104553
321 2370 28665418
1770 2316 563164889
2202 2720 854369474
584 2414 823400964
2036 942 294401409
2042 97 868117530
606 770 681747302
1982 1985 8282505
168 2584 504876595
1298 666 533407449
1380 590 412021908
307 2531 845996120
1689 2146 6531679
850 472 244359673
2038 194 111464733
1593 2108 330100601
152 815 15392457
776 1424 921445570
966 2455 417114327
1251 2519 56949396
850 1864 38948215
956 1118 860008290
2182 2958 639462682
1893 1413 501086841
231 2525 606366261
1640 1655 679349607
1870 475 374757188
2808 2019 508385178
2193 1271 403713809
1000 1562 273534534
780 1308 693184309
1910 2693 651670156
2003 849 216475359
2705 2494 659402200
2190 1215 830949843
2480 1681 341363850
964 2342 882568630
567 1189 823583960
1849 544 610342792
826 2942 10077682
1511 2796 780159856
347 238 651307878
2631 1107 236506815
1573 1012 926154437
2433 2984 601577006
149 648 802608519
2280 242 354911338
319 2387 836125995
2207 2390 81125074
688 598 601556898
1793 2370 693013119
564 1792 193648109
2581 1421 547035012
84 2192 708167940
459 2481 167283318
1791 1259 579972345
220 153 527822894
2586 1971 910594653
1072 444 999088077
2636 2698 983102946
701 97 518343424
156 1460 313692225
1566 2709 200901764
2136 1154 942026334
1651 1038 881921772
2121 47 701859241
1549 1757 458569122
1929 1446 910216902
2784 2797 79023147
1564 343 710562415
2184 1446 915978670
976 2422 598207129
658 2355 317225142
1711 1466 178258901
2542 2574 187612470
456 2846 277601529
635 2661 344746701
211 651 287472383
2908 2145 524849995
1230 49 320622892
1422 995 152822644
2861 2999 941807988
834 197 376647683
1473 2515 546716444
1524 22 16807153
1626 1073 835080097
2518 1026 991732982
2968 1401 626365400
2082 1441 330916176
2312 2098 437450582
1698 1453 290259394
1190 2427 984334353
1428 330 310103775
2123 645 445437511
343 145 170373768
1480 2564 388641950
1530 292 394945202
1502 1660 592960652
2067 971 962883180
2847 876 114682104
1771 1041 149070112
1871 2058 319779617
580 2153 51163160
1634 702 930057662
2089 2107 605525060
1372 1581 562269799
2348 2852 47408185
2418 31 545406771
2936 2359 46259325
2518 999 740196513
2555 2158 273686529
2955 2442 484862907
624 1377 679843566
2279 1661 419589752
217 193 31264164
2959 1996 615981154
2258 821 399144446
131 2423 971968376
1031 1137 990764763
2749 12 571954516
1104 145 520275930
1211 2324 298066064
1448 1340 609710436
1578 1377 744871014
1864 1064 201364206
2937 1867 948046998
1398 380 47413631
442 1284 783380876
813 1289 549799024
2701 974 952265921
588 2342 112455282
308 2162 773448033
485 192 425503957
400 1937 413591853
2708 1586 632812807
911 589 723916194
686 1024 664477274
980 2177 743199067
2224 18 544014345
854 2867 460481459
2966 1846 545466236
1872 2933 44281518
466 910 161110218
2888 2943 691694360
2426 1701 14435712
514 2694 643460846
669 7 730515360
2235 2342 997319677
2643 1285 386849516
1499 177 7819465
1983 13 762704996
2995 1543 16224175
2052 409 40570380
249 85 615796813
1571 2917 413262065
2414 172 330056481
804 2120 295808878
1005 1697 125010288
2327 1560 653441451
1880 2771 385930088
1052 2371 145962086
2573 2023 958777992
2910 1585 173135349
2262 194 187062335
537 2651 251108747
2828 1032 98938067
2591 107 245725369
1649 1877 924802180
994 1241 227048248
2298 2849 669768433
2077 1601 706189029
476 1251 43236537
2595 2784 395222028
2936 2790 188543332
841 2910 26480104
2703 1956 964066692
779 179 31059818
1216 593 265231127
149 2500 813254713
1310 252 210696239
2315 2741 432329210
1227 2739 458605524
1111 2997 334963153
2548 163 612248873
2895 1646 65840678
1235 1845 602353356
2125 1712 808920235
2165 542 197148290
727 2968 968044190
1083 2088 151752468
185 2538 34966347
2444 316 129172595
706 2905 169530068
1414 1020 350258210
1515 2672 820262708
1165 155 399380948
2545 279 724720001
1395 2709 681154644
504 1366 410858865
560 2888 322985636
2664 462 338808606
2732 181 669227369
816 2417 771078925
94 2835 480372358
2269 130 471827052
674 210 686828805
1417 1212 164772763
2192 842 542476094
66 2556 975909101
1488 1183 551269682
1174 2056 927540654
1487 768 7553335
2861 2560 18954088
1608 1008 640920282
2930 1796 680822114
2850 852 358745600
895 1334 490236521
43 801 579024462
2695 2403 376508114
2219 2984 943587018
2911 2686 454712510
1450 1879 972445634
303 316 90135711
252 2826 723018988
2166 2132 172551675
366 2037 514425806
1054 2965 38818416
2803 2173 729883744
2322 2913 412022519
417 2854 791669230
1211 908 549091692
1811 365 824817219
1107 2313 907280461
433 453 885420291
434 2357 420695233
529 2103 142642008
1465 2820 273433308
216 984 710914513
342 2014 990036001
1913 66 753328774
71 948 866580552
1258 931 420230527
2904 2236 996932160
2093 1886 250681174
1782 2376 389797750
2545 565 972763674
2343 2513 267860823
2482 1994 408871030
1106 977 582670612
1828 387 905397009
1764 345 357580708
2888 1938 642187320
452 1242 283812366
2096 51 84466618
360 963 838826984
2237 2950 148722451
2704 1535 425800218
660 1024 354480076
96 2585 645144551
427 972 464771105
2716 2279 230811182
1349 2661 521719779
2548 142 66106092
786 2472 17019296
2246 1408 909622020
1017 2791 278168576
35 2148 922873410
225 172 827404657
565 481 189830557
2803 1370 191154182
1388 2662 180591548
2367 2903 616094620
1100 2263 361176507
584 1716 453045822
1082 2767 232860718
898 2437 65840842
449 1057 573737061
28 129 882955732
2066 561 829041649
17 507 173985993
1394 315 42500711
2257 2603 771002199
43 643 600699235
2450 1125 882867980
2404 2937 461771983
330 2446 223706941
2728 1324 133549925
37 879 862745385
2732 2908 257439601
2973 35 279377501
695 470 616743899
1719 603 950594393
898 2373 568841572
2471 209 85756019
2302 2347 609609263
2296 1131 761103099
1902 1722 568060803
1991 587 931176607
2082 439 148096975
2653 1989 991522065
182 757 106363629
1844 251 298571750
156 1718 742010027
1719 41 332350145
1376 2910 364071302
1696 1626 166873008
1514 2940 286820280
483 2636 131080149
603 2323 663455860
2397 518 414420040
2920 985 921677167
1575 359 242412860
931 740 379686050
403 2085 553682784
2937 2878 312660558
1198 434 528452487
1820 2213 942552384
983 2537 575046282
1566 342 199517526
839 2936 601104748
1986 2166 810793537
2088 312 819575743
2401 1889 34608779
338 2991 843654727
2512 1527 513766107
1327 587 855123420
2098 1594 844186488
1222 1419 139105428
1930 2799 867608587
1908 60 951378720
2162 1895 386870184
975 2575 603428470
995 548 428459278
924 1639 140581296
1054 2699 538278190
2861 2541 942640180
2708 785 218599913
2129 1777 540594708
426 1431 738194718
416 1062 828975798
1528 2482 112411619
365 1224 511411639
2538 1439 598482449
1570 1355 362076684
1659 1083 348902406
365 1713 255400810
2913 1457 557554853
58 1186 992620519
536 2605 404036513
1114 2931 818019809
2160 1251 331372539
1498 1846 422951454
256 2217 653877960
2046 903 957467188
2208 2156 547700791
2893 2699 90041643
727 1087 174067410
2782 450 455630944
1727 1203 334608132
907 2662 247456940
1352 2357 246114011
2662 2051 317071812
2689 2602 954970125
137 311 506188258
1645 2223 139910720
2571 477 383166373
1131 607 844673413
2881 2863 865228853
1864 1390 943429413
2587 1827 227007402
2154 1001 895128224
2516 1175 906231725
2185 306 498219762
2047 1384 646014048
1650 2881 62058008
937 2473 420133755
2453 1145 706625233
1166 2576 806377911
1239 1928 463249577
707 2126 63492206
2590 2410 752396338
2596 1952 125790083
2455 108 422714260
317 2740 666165119
1870 1588 160243528
2357 544 223097340
1102 2944 330342688
988 2055 10225733
681 1321 671266698
2987 1023 11849278
2821 2813 19690260
853 257 17076609
846 1521 161685555
2043 1642 616975050
129 1440 551045951
1374 584 844437396
261 727 279027393
726 1510 422055427
310 693 543293425
2514 2512 32935684
2532 2644 195670393
864 1464 494411954
2464 2257 147672703
492 1320 880218363
831 823 313151458
314 346 445523587
289 2274 804753346
2802 1169 470801864
438 113 289406278
619 656 511447174
1664 615 320925848
616 300 152959835
993 1398 314572596
214 1151 161993646
546 2043 472411746
2968 2780 609487821
2369 128 905500160
2872 1594 479852885
2996 543 86924677
1583 1738 21787606
2954 2165 895023426
646 880 64190390
200 130 160991721
1018 61 178690389
1332 1132 583293011
176 1466 383743090
1068 2622 757316989
459 2490 553083340
1784 108 165357267
716 1709 19964172
1771 2218 161311409
1644 2820 741916898
808 2303 676573478
1545 1891 663860589
2289 200 560169210
2984 1829 833251039
69 1986 473220850
1713 1178 205354592
2436 1072 909436753
1722 218 3930931
845 929 730286498
1400 175 497911319
1866 2810 276055732
2455 848 130816239
2899 19 726481126
188 2861 808846500
664 2197 534740132
1666 1997 753831242
471 1063 187358513
1307 2186 519117441
135 2228 469069734
871 1819 126544413
2295 2685 899383866
1110 2749 314268425
1921 392 336700354
340 2295 766251112
1015 350 458155387
705 1841 492869372
1257 765 527333127
276 37 658604235
2192 393 736637621
2476 370 836003071
1101 595 986671621
36 774 269363213
2526 1068 699638378
1048 2652 650338842
1434 410 287660113
806 1054 30630809
600 1256 999609954
405 841 159697976
2106 2861 833520389
1892 1991 98475516
810 2433 838065191
2673 999 432761002
159 1458 362548541
32 1725 252005737
950 1704 729602952
1411 2427 925375652
405 669 860817563
339 1553 709468725
390 746 237147418
1937 742 867666879
428 152 509987267
58 2457 32800090
2098 1455 104097458
736 2986 535954037
1583 2292 670234336
877 2015 908413176
1319 1320 516891628
2463 2110 75589801
1728 1413 86194205
2613 611 77779152
1185 1944 855351463
1109 2727 670042652
966 1807 451019821
1729 2295 126321351
1335 2194 572209543
1697 1267 65262329
1645 534 443655876
2187 1872 874322793
1581 2044 931796082
969 2882 659676234
662 1979 814284060
235 1813 141801060
1817 511 743360275
20 1918 460432512
1921 1833 874659953
928 579 868122888
1350 2035 142037339
15 1415 834784239
1390 454 953295493
2806 1344 911508686
211 1318 189703674
1031 1467 620940111
2463 2285 607472157
65 2999 881086926
75 2113 115993834
2836 2481 250826300
1202 1392 514098049
1614 2063 21922119
966 1969 661074405
464 2976 953937335
2315 2891 168532224
646 474 19022363
62 2726 130171626
2464 1325 892085924
1431 918 405686122
2276 2032 480459600
1898 364 567625404
2695 1734 712469578
1732 1519 22128788
185 1094 794257040
1216 493 408498019
1846 1782 619971286
691 1515 209696216
1690 5 241972394
2225 1475 848230057
1173 634 284902360
2931 2955 826266770
1316 2509 413409295
764 1637 452628125
2105 1935 406270147
1231 2894 397765284
2626 2556 713182037
1023 426 784789012
2585 1810 380595569
1274 2957 507522803
2221 2131 422768056
2904 2110 919755043
167 2130 114682526
751 1431 73485799
591 1884 366867860
824 2629 659307942
1061 1905 512975464
1426 559 643345391
2169 1105 641914604
1584 2673 553635773
2949 1217 574548182
686 2141 874010619
2045 86 9368038
259 1071 616844361
302 818 996230222
1024 575 734534656
1351 438 574414669
2927 2596 621473651
107 2059 926556700
539 1145 296614776
1461 2650 107347214
229 1750 786339110
1768 107 207480050
645 1898 236297695
2528 1668 451002555
557 2165 281916304
2372 426 239892322
1893 995 112380727
156 1879 35925515
486 1899 373131173
1072 1088 593363558
853 1790 152660101
1526 1612 730715992
932 103 573650332
2393 2785 937665497
899 2634 540873297
640 1080 142164511
538 968 153336176
134 574 886074620
377 16 437431082
1566 1051 487157124
959 2529 287439200
2740 623 68359922
1426 382 183608352
2572 2209 288060107
926 2848 21778031
1209 508 701660995
2910 2398 547967304
1358 375 58234336
1246 253 167332580
1642 245 987879517
2167 1225 158478908
1073 1511 29217232
1315 120 888086732
1444 316 208283662
440 2221 204168856
1375 2631 554379086
1210 242 344155251
1217 606 977079308
1496 342 9939582
264 369 152638767
2634 2934 786278639
999 1721 13147245
1578 2244 445893395
1477 1554 347170030
1466 143 671174805
486 846 816476207
1643 2314 928110336
1338 1643 168839465
309 1204 4926337
78 2740 196540849
909 81 700446449
1080 2407 966777889
728 1822 520649235
2876 675 55412536
72 2027 512599577
130 466 441934398
742 2777 525350253
430 2636 502769003
543 1643 700543149
2984 370 669630601
759 2695 440018934
1710 939 3393496
1861 916 162316388
2477 1570 191049009
2340 2736 941321689
551 2223 890641773
189 1988 235884798
2022 1789 659114503
2955 2412 189673863
2400 1843 244755199
1864 1645 87218874
194 1877 177480449
2215 2199 33498673
331 1517 805778886
1210 2825 262958302
2167 418 34197690
2513 1364 752361039
1181 2403 207840735
2983 2236 851818034
2139 308 786062064
2753 790 911493659
1634 285 408142025
2120 2939 812694405
581 611 689531653
2352 842 880196630
1813 2295 768822761
2473 873 686237223
1717 2334 374876288
2495 2332 625309059
1079 1512 937799942
1306 1703 425450093
2370 1908 548047753
2894 2830 792210663
1871 2136 688584909
788 2926 981115441
2469 24 481800048
729 2521 60510864
2791 2868 90745166
1986 1614 977192272
2531 2081 493590822
1729 1333 963809034
2460 507 287928957
192 1645 401605674
1853 1303 39538626
747 922 276186027
892 1952 664320178
1437 969 582046244
1705 622 363249917
1343 813 204102920
2430 546 242098473
2454 750 196156457
1905 1027 740528054
904 1211 733403006
1592 506 627607683
2426 675 55765797
1391 1382 175277168
2094 112 603639210
715 446 735348035
825 994 510129289
2478 1217 27217359
657 2605 915152113
1720 2950 483115090
606 1015 292044490
1429 40 674475807
1882 725 134785017
1600 2691 899344252
1443 1447 452277730
2948 1831 564419277
1835 879 813217582
2324 2152 508386801
426 675 556869582
1282 2552 360404203
1746 587 104079678
2887 2151 266646213
1476 1940 880528142
131 884 752087472
632 1917 325309853
2456 1754 410362224
2951 2660 946777895
216 1787 229401078
410 2969 506661122
1138 2792 837339214
1415 1139 956967716
1304 506 496453563
2601 2450 940268520
2142 307 944611103
1517 2544 379585041
860 111 71304352
836 251 285290766
2057 1347 860970888
253 2638 570766207
511 2720 207947373
1939 2680 981848056
1435 1157 522514321
220 2470 753930756
1775 2898 323178891
2716 2572 686646123
1669 2771 22241830
2787 1314 244151735
1770 1974 118810504
753 1424 718987765
1399 438 360915350
1986 2084 224364216
2885 2682 598704535
663 741 758962786
488 1749 514664471
1824 1840 688569766
1506 934 162086669
1731 2871 576039496
1007 485 454001216
1741 432 529655335
201 255 549977061
1101 2373 905297020
2410 2387 545686413
2576 2561 730699620
1509 519 819448125
1072 757 736678811
1082 122 293458654
2692 890 138442377
2741 2956 745588183
1583 190 687740035
945 1563 628568824
2031 2920 613045066
2511 645 773726873
2175 2862 197497558
827 2439 991465730
2666 1617 859453529
2288 995 960527629
1292 2349 24038782
2507 2493 497977098
1955 761 229105137
610 86 821460962
2898 130 425536291
1102 2043 358650494
559 151 687056974
2662 79 423461737
1453 2685 380513463
2574 1156 551981747
733 2499 936865330
2556 1804 239020056
399 2158 703755243
1592 367 944402786
812 2257 759841634
1115 2384 626039563
255 530 445276599
212 2594 254356262
1245 31 877616935
1476 1321 822286462
2119 2066 154783446
1380 2482 113821695
1468 2751 813737678
1469 430 479014996
1351 1960 229163591
2402 2334 368505809
2838 2725 461920296
282 2807 185713811
701 1381 131674061
1663 2997 146977510
1789 2740 656059403
96 1248 212234214
773 2433 926779504
1688 658 867866216
88 1022 160602319
2 1936 848108058
1063 2895 337794299
1841 1759 69894376
415 98 784050897
69 359 924400289
2990 883 941564539
55 249 546594522
1913 1850 859801843
2614 890 13921042
454 1182 485082310
2353 2004 346382102
653 999 828310810
2468 1678 574666663
2493 833 359081202
2013 1403 546560345
1925 896 811273903
1424 2735 829573053
2413 1959 28768729
606 2448 18380994
2333 1260 564118303
162 2634 193316439
1193 30 694809756
2931 1024 425557077
978 1650 774729307
134 159 233321628
220 2355 67699485
525 2316 445923707
1385 233 800754009
1023 492 352738389
1 1143 451671171
559 812 291266176
1967 2445 176437905
1528 1233 222763120
682 2457 219223994
2419 1440 410966292
2838 1679 257601664
1770 2567 714852223
1841 1513 545534960
1851 2107 739485387
1518 1462 133931048
16 2081 264100922
56 1478 98899226
197 876 218560413
2321 2291 344247182
1693 1735 829636089
39 2692 471693933
443 103 486917734
953 1765 356657723
153 701 686848826
158 359 858754277
2677 1489 816309607
2773 417 898514876
71 2701 953326113
986 74 93706689
2531 336 704885955
1602 1159 627205666
2552 437 721207027
2808 1902 631005444
2488 1253 30492931
220 67 38891651
1129 2108 577953946
193 2564 412970486
1915 2228 76555667
2958 227 679784311
2574 2382 860604708
2492 2705 421344674
1927 1118 210665282
2102 2527 158165403
943 2223 330212932
1937 1690 527024981
2870 1506 109463750
1180 208 205919762
163 1852 791443408
2202 1302 30837541
2542 834 457320246
880 1081 469912831
2390 1757 835534401
2086 2519 781855336
446 2069 962775694
2536 2957 293958156
1383 2425 391159606
540 1046 590336568
2441 66 322241583
196 2185 45790950
2826 200 944691697
1443 69 385209334
1794 340 169199964
375 2016 536671166
2113 1414 383441368
1921 882 939645380
1270 2296 911138237
2482 209 304531913
82 1165 843848949
114 2885 372336906
1727 1179 880378336
1645 2845 74127809
1611 242 872700535
783 1358 444377329
1130 1190 125433267
2904 2357 914696291
333 2836 32562479
480 2945 692229355
1014 157 223281932
1942 255 416530159
1904 1197 592513556
493 1788 700889897
2926 66 658871329
851 1749 788548523
824 1920 192601791
131 1474 163823395
1720 1558 684754960
2569 2722 423250016
1301 2573 770445296
353 628 921689620
1838 396 710873432
1212 311 393682651
2963 1487 431386119
721 1234 936186236
541 2107 49977438
2618 2758 777182573
1819 2642 970019723
2338 2514 948232604
1643 1344 707210218
177 2342 444488556
2002 1687 363363239
2341 2386 373597181
1855 883 167827367
93 1843 52875184
994 876 102431912
1997 1465 156226537
917 1891 34492582
2744 2640 989472535
2388 100 673413760
1104 1218 369824497
2101 1355 257201627
53 762 506932993
2189 2616 861466950
2016 457 203103589
1615 362 87820447
1368 1280 728183252
2276 1985 980558772
1725 848 742533855
1595 172 638030636
1666 2652 611719033
2211 2069 108083112
87 1209 375063225
1165 848 98749220
2973 2284 23254493
2571 1033 743963811
2769 2714 642568849
841 723 893888011
842 860 708235121
690 1831 556034637
1749 961 537581260
1107 465 870577096
1628 103 218651051
1729 2157 71074543
2326 2286 212598545
792 1234 435789608
1916 1609 969413507
1648 2503 841787383
2166 2205 829467850
2295 431 534399579
69 1056 864040951
1927 52 363653752
215 2447 145800102
2222 1691 50192757
2378 2882 518516871
901 1099 221029799
1393 1923 521616922
906 91 895519470
2195 2849 649187257
2541 2395 63738207
744 2423 635143131
196 738 857819171
322 2026 773991318
2342 127 238367390
1025 1331 72694885
800 1888 844635091
921 673 26715691
2617 312 235565574
2192 2931 415158135
521 1522 494114978
2617 1272 775360009
796 2771 118084701
140 1713 334099861
814 2828 414826393
2011 36 829101254
614 935 506080525
1344 629 631746693
2167 401 238963876
1354 713 67970938
2362 297 862205604
1995 1540 939720146
2630 2091 789436691
791 142 914582339
260 38 551424853
379 2911 504899917
1403 2479 16427033
1970 2473 295301569
1393 248 519312758
1174 1401 985929606
136 2219 911778640
876 2319 364485018
1193 1855 169652736
436 2385 97498711
1650 269 600754996
616 1077 344487671
1514 2301 575093010
1680 638 869179226
990 2064 992105379
20 2203 73508358
211 189 946587758
2495 1482 118292078
1902 2296 912674915
1472 2465 572480374
1585 1737 559025147
665 2372 135069750
2289 1389 239807388
2642 2035 965624062
408 2291 394775617
1061 807 425052825
2107 2952 838333530
706 1280 771717078
329 2072 235422960
2245 2451 977574723
1097 1190 835752716
770 1965 951639355
2817 1151 741774169
1602 2852 359357987
1780 117 333156872
2434 797 741979376
2790 688 776367859
589 2962 608062443
21 36 219940357
1813 63 985480632
2258 461 584610264
1629 2440 144558740
2366 731 174604447
839 2470 307461085
2462 2904 653251909
1312 2498 706770391
1145 606 299050710
2238 399 772425644
2138 1692 695367198
2535 1957 934528948
1144 411 410233743
2724 708 844015095
923 757 504028519
473 147 431565039
2071 450 16601105
290 236 319761041
2634 2047 904015564
2716 745 814047118
1739 1495 981925514
2979 317 995583189
390 74 815052058
2365 584 181577564
441 2877 762873480
2018 2519 75899936
675 1330 114761411
1036 2501 871714922
10 1219 197884288
2165 173 17185363
1514 2168 341359711
2595 2636 416704393
2074 530 728053067
686 477 662810194
618 500 132246309
1035 1997 322061008
534 515 345863844
2266 2985 124605575
1894 1122 596301686
192 947 567263260
870 1577 545584043
2747 977 732118367
2177 179 562362195
1386 1147 203279755
1031 445 649801829
2670 1223 656307659
40 1060 785108706
869 1053 245302784
2816 913 600047417
1996 347 709267905
288 1649 310372589
2632 2851 205137827
1122 486 477967732
1800 1720 18271929
1487 2838 461469538
158
2162
757
1086
1447
1
1386
107
660
2683
2800
379
1495
2265
901
650
2420
595
1166
822
118
2363
2821
1482
750
2263
1341
2792
924
2597
2066
1017
151
87
918
67
2062
2462
1077
2761
1744
2121
230
1271
550
2196
863
2828
1183
740
1382
1837
1055
60
210
2579
824
1445
1910
2538
997
2125
2790
1608
2817
576
2184
1963
801
205
2036
253
730
2
1009
678
1080
1380
2558
128
2145
2710
1897
526
2809
2814
116
778
82
2628
1455
1715
2201
152
1943
2319
2938
520
1818
586
2075
2910
2408
1367
1654
925
1276
131
884
252
89
1516
838
830
1449
2181
1777
111
570
2455
2962
2622
460
2041
629
2845
2780
2849
2970
2371
2192
2197
2883
226
816
1157
306
522
1591
2321
2982
1235
2632
910
2448
1994
229
1172
1593
2599
2324
2405
944
1053
2169
747
2143
654
3000
