2784 2916 477 13
1306 2159 372751616
1854 663 167917408
554 1311 34501948
1090 54 545455128
1463 127 558661120
1504 2224 938605333
1800 1845 322584574
1826 780 781770044
779 508 612917624
1981 1399 459898692
373 1824 922505441
519 2659 657279750
903 1571 84795331
1109 102 149872374
916 112 980144611
2682 2746 896776689
2478 1972 959579810
1406 2462 806028600
1635 2041 604070053
932 2008 943159484
818 2490 307798968
2497 327 281907099
778 65 54982895
600 227 826331882
763 2548 598672654
1195 1303 9691316
2767 177 459681066
41 142 825836355
1352 1272 453851024
1007 1084 749728413
790 1644 631373028
1145 1942 414241873
1454 1149 914679693
91 1210 863252851
569 1353 161792848
108 1300 888233700
146 1225 978817851
309 2235 668006358
2581 1380 517610435
1875 2456 693348494
2587 2550 313509680
816 1246 856498028
1437 1122 463074360
2629 1503 127284776
630 142 554089194
646 2231 209037661
1571 367 589129677
822 1908 643754571
1576 845 470329161
2525 1463 493914840
2468 207 977451844
1056 188 161620440
1975 1635 445941519
1101 375 307562893
1801 136 853479811
498 2218 263038065
533 1221 902521703
957 1061 516744242
162 1365 917100052
2386 1976 121224445
1853 1560 747303515
1084 2389 470107903
928 270 784971686
1493 2238 305177128
2062 1842 796481373
1039 773 826157105
855 107 840149642
2221 198 333315296
935 2732 627069375
2324 2137 778187402
1299 2172 223751991
1742 1809 532063449
2745 2199 677761338
1142 2117 724050895
173 414 814578886
1401 2466 210131722
1874 1831 438435947
449 2096 233536841
204 1664 204855158
1241 804 481500206
631 457 545380177
2740 2090 572451909
2228 813 424577833
2453 2161 107668804
1279 1065 803826641
1692 1149 46317204
2537 2586 67721190
1736 1181 732367376
827 2088 292396594
450 2084 622076684
125 1003 297494101
1062 1526 156650904
171 2659 438931362
1191 1537 443487236
1927 459 937851462
1847 1679 701864103
2402 833 679222959
871 1281 196010460
938 2217 22358826
2434 1282 427735629
1381 151 17813454
1316 527 95450483
1793 2274 977786008
1140 1725 857601116
1458 1635 151218647
1744 27 672038575
915 2502 422256842
603 478 412384749
828 1432 283042438
925 1822 335018745
1724 2237 213763869
766 323 441211354
1597 2489 672136444
2126 721 768656830
144 1570 996074645
1072 250 71704385
971 160 394816061
639 1932 816063727
1489 415 637129814
488 1987 541681671
1556 131 428052400
1272 2725 335162754
1542 659 948651052
2472 412 493436242
2630 2731 596851618
2322 704 49233390
1178 2441 461276932
2014 2025 489699854
1101 228 875582915
881 1194 482240691
1085 1618 140102513
1006 2530 899920746
976 1866 686809511
711 2186 214451920
501 68 761364520
30 2510 964115800
1878 2229 298430790
1477 627 70911563
763 2176 708366468
745 1021 549782800
1455 1960 673921404
2422 1351 208492717
2553 2371 183555842
1448 121 505538445
909 1440 423504522
2318 2714 301631363
1365 1105 768656326
1298 179 358388750
933 36 981156499
1991 1090 713926878
1961 1952 975735061
1063 2754 347573911
1351 1473 834017824
938 1461 875425748
1584 1077 808304089
2438 1865 662952558
1582 1801 18689693
43 1725 778925309
2322 2031 372010528
210 258 183904926
401 142 230370009
445 2751 602988278
674 1848 220116381
963 1740 302015095
1959 1853 207607178
1113 1922 526666465
1354 2253 989748262
321 2684 173706764
2356 1855 924275655
1401 1427 465354979
665 2323 583413812
127 196 713840819
849 1997 528885132
406 2597 305196709
2048 1680 562159462
1558 2647 174501257
1058 1968 587437113
958 157 347108820
77 1619 134373118
1922 754 255438828
1813 2339 737448211
1784 1002 574682786
1328 811 630540898
1002 808 790254591
930 1937 822222786
2312 547 582800450
2520 1165 953150876
1966 913 604914473
858 2010 128323793
404 1255 515416431
2369 1693 436077019
2704 35 639911062
285 2069 424663602
2732 1336 252496614
1855 1300 155496944
305 1770 153272244
390 1957 390588343
2016 1423 233788391
2152 256 342378194
1606 2533 814726840
118 2439 439038362
1116 2064 962834104
1929 720 358407706
2296 71 567175959
1287 18 738352374
1143 275 528503586
946 1932 562597000
2013 2128 297753101
1154 1719 34647627
142 434 65441010
405 1302 22963836
1787 279 743604505
133 920 530274302
1738 1846 742666873
302 1595 563586173
1977 1023 687746687
2070 1980 202505430
482 2283 395903757
1818 652 466672566
498 2105 877867460
572 1023 992246401
851 1249 688380294
536 263 816654452
1456 1021 532665398
1325 1513 866875917
1352 2335 343817409
2378 521 92725929
622 2220 203062626
1832 330 19491439
2629 2562 960104993
505 2028 105322092
1726 1058 760518556
1592 819 789323519
609 54 876437001
1091 1281 792682103
1838 987 795489402
2543 492 330699770
1456 1928 734895203
2168 132 111733928
2257 873 754089305
2358 1284 188309759
399 354 837455132
1203 1345 48893056
2013 458 699558359
1395 2450 781120403
1840 1563 273328805
1641 1702 60978087
2164 2298 901974615
1957 1785 890690461
212 716 299191924
1703 1968 553099366
1549 779 743765632
636 1844 387759082
2510 1600 739267457
234 26 3994667
2283 1794 697622974
473 302 691380906
1028 2547 442478281
1485 2459 76891657
1630 1259 658617280
1089 1057 869965297
938 1791 331731407
2193 20 841558837
870 391 371571448
2337 175 577874487
103 983 879323926
1221 1066 4644746
2505 2395 533053726
1090 2707 329089240
2689 2582 265062568
1581 1936 206968326
121 712 686245294
136 940 316900501
1804 2770 752214162
141 2243 829219659
1362 1115 282286181
2155 1130 396809746
2273 1700 484600677
2552 154 230085663
22 1618 715840967
2354 1983 744738390
1963 645 229891255
1663 14 704096748
411 2039 513140124
1786 1624 244462414
2683 318 916493728
382 597 277419840
1375 1533 206010735
662 2738 224448073
252 2359 583102270
2100 284 368804430
2483 1457 222977294
2121 1354 861296765
531 725 908052273
2747 1084 119389548
91 1510 575372045
2461 2565 410576257
2273 950 877147167
1129 1958 179443091
557 1448 949374787
442 608 576662993
747 670 951348785
1873 2199 704692963
669 1374 543156042
151 397 583290190
1921 1851 251432852
2174 1464 196911388
1044 516 839503107
1157 470 656523707
832 775 420280570
2026 1149 372865573
1114 1311 115406096
1639 1127 526537025
989 32 724606486
2314 2119 463536776
1032 801 829128025
1000 638 732032747
428 2584 54059044
1675 90 569852916
594 2231 318968200
786 1484 958770475
563 2211 43231838
1161 370 476182458
2160 487 808118156
2570 693 911045715
435 255 146921096
2673 1165 817845585
746 1208 818218010
922 896 454959901
6 85 967568229
1982 2450 785224403
1930 93 869611303
2512 1025 266771236
765 1355 736833855
401 2345 495609213
1752 1709 115303023
1872 388 728068969
531 1334 738361443
313 239 371982899
2049 2033 39747058
1329 1452 28645071
705 1783 904856994
2449 2123 203151353
886 1911 32284785
2332 244 358730398
1654 1565 708140754
1250 1084 685181563
896 88 654408693
2148 1410 196130564
2153 247 419456331
1734 46 135909510
2539 2434 954182217
909 1039 633433999
1102 29 515786859
1613 2253 494868109
892 488 998027643
367 2549 80747444
2150 2077 765749266
800 828 788822309
1730 370 784710751
1832 1474 27945804
1674 204 152390439
1522 2562 286826889
2379 4 401019660
387 2562 935985937
455 2601 474288657
510 1489 398630422
237 701 993064285
1675 1704 278924070
2602 2738 822680382
2515 60 240200400
1584 2697 759212912
1323 288 876403084
1539 316 132534687
1753 208 994920924
1167 2399 504702507
482 2625 876923566
2603 402 808985386
1349 1816 390845444
1868 2069 623016370
1365 1772 717113814
2578 1374 675172183
2776 1896 60589878
2077 884 154647026
1752 1303 813442997
747 1743 356218788
1675 1508 535016197
1621 124 861865242
626 2024 329625311
1839 579 751894545
1132 2409 793091878
1649 31 99791388
2374 1185 54313036
1732 686 192522149
1253 1039 249954293
774 2602 478945585
2639 472 502303705
108 972 659738855
2670 720 661908206
2171 1544 255260754
892 1870 218903237
2070 2737 73101925
267 1264 295529780
899 1116 617886143
1064 2264 879714356
2438 2628 522607921
2214 1182 815536141
1370 1677 425473660
2029 492 180929968
607 742 197847902
862 1220 277856611
2745 2016 92666575
1061 625 950430115
1237 651 351794312
708 404 322373189
1401 1982 284432580
368 143 850691549
1965 905 897180233
269 2042 658270052
2687 1386 475785897
1001 466 337593364
2565 21 947921093
2277 1891 283560342
902 530 228721554
542 1805 704150623
2219 659 600013599
543 1488 701153879
2097 1843 243490774
1812 1862 883358139
2088 2385 921388545
1398 1517 311990339
945 233 248699792
248 936 664603270
1053 1216 908551705
2582 2110 97204125
1536 2102 757304095
1491 2602 712208135
2180 2018 811942550
585 1441 803284172
1189 1450 453279654
1432 1371 727272932
2730 1157 293625263
254 1627 988791000
2604 814 143742861
1707 1360 435551913
1078 184 760691484
1194 1840 12967409
1991 1384 934623486
976 303 693066312
151 2549 553467547
759 74 182826473
1192 2610 822577768
2713 1710 522303892
420 995 423232620
1149 160 899582645
2141 2058 823280896
690 2068 146913221
1374 450 217634774
2779 377 12338927
2632 1921 924773691
2633 2366 600456439
1013 1084 528125856
915 2496 243275351
551 2375 911845206
1386 21 95748266
1313 1378 179319960
394 996 307688013
349 996 845500878
1305 2631 461560899
1910 1502 411411984
178 2161 754330201
2170 1699 951060456
907 2111 5047690
2266 892 471770715
201 1893 608389796
1375 1413 758771754
738 2712 35960107
2063 2550 841035093
2657 1186 398897276
2398 57 356815072
704 110 989135669
914 241 988453593
2651 2611 425679572
872 1695 508418200
2467 1729 227026333
1460 289 398601544
1501 1663 111020737
476 1888 222226598
2679 2703 713416892
2618 2635 896363016
2509 2588 524101630
955 954 264785313
565 2656 10827213
793 1857 693439491
653 2102 278228329
537 1434 14134244
2123 2432 283156336
915 2122 969371172
2776 477 420611460
2244 887 616153614
2230 1576 897962538
1157 21 278727134
1887 2469 123367157
2535 2301 681272194
450 226 713733347
2142 1377 755204004
605 1710 542809862
353 2027 762663656
2390 1689 938936166
1191 2768 762448754
2112 911 297022501
322 823 29783210
2594 594 159081188
1808 295 33135939
2233 2154 748869733
2419 585 621841272
1375 325 504486001
1446 2346 112220568
2615 900 167813116
704 213 162367173
260 2085 524252550
1530 1817 944799735
723 2725 802643395
1035 2443 272488775
304 911 37299325
1972 2293 739249002
2760 1512 117636537
975 1579 383244154
735 612 563506969
815 1596 72941308
876 827 942452096
2003 2386 452917790
1617 1025 187911931
985 731 973879872
237 1493 882941150
2328 176 349276341
810 2060 268842541
872 960 533222346
806 943 736636990
446 1476 68465158
2722 194 349842844
1553 104 137793459
2758 2170 561254189
2511 2646 8627357
2086 2056 488842646
1215 404 967048729
1456 2521 300221149
2197 1382 470075720
100 714 782592080
2434 1992 301027740
1999 301 853105829
974 538 144341915
265 1280 853358178
1149 1950 496627683
235 1419 920806014
692 1390 656219245
1240 1102 890449224
1066 1622 829468693
2758 464 668679048
2108 2635 346872921
368 328 555806179
279 2745 504892769
1101 624 605849731
2297 1647 218402878
625 1062 702909686
1744 2454 443101046
2019 944 389421143
258 1040 569463744
1923 49 319889835
2404 2558 156894475
2311 635 767269516
1919 720 39715780
135 385 331629067
686 2146 550501976
1503 1832 148042706
2305 108 805989624
1916 277 930183049
2728 1128 309275035
2365 745 360583291
2757 1227 589261897
1412 571 854371704
2658 103 594934165
2582 1009 584071420
1808 870 603468138
2560 2215 400593808
1499 518 304702986
2607 1523 721027184
2134 2645 353725268
2546 2758 248128109
1403 743 473994309
1970 2765 846945556
343 2717 988625600
1750 2585 823005712
1212 353 829074833
2170 1122 266865356
2038 777 928617647
1391 312 174951516
1261 1213 78203841
451 1245 478545821
894 1600 838291171
236 797 916772250
490 2297 287689129
2659 1645 137246769
947 1752 113127011
1083 816 325266678
363 2337 116558242
2588 2606 802545238
1401 278 200971259
1091 973 936017663
920 2078 872175114
1245 1770 804664191
2392 2716 585343673
2185 1422 88443435
759 532 248814530
367 1530 189140801
1042 709 675041905
1116 61 178970960
499 2201 494476974
1506 2713 127116759
576 2482 638856250
1090 512 762476076
1278 2232 67334713
1940 1223 509503647
14 2101 514479855
2177 2607 513152991
560 909 953101774
2130 1252 422919835
610 744 546681776
130 1972 648938860
580 1632 125740384
477 1346 415746289
1099 963 729982558
1590 1823 456497723
401 2747 828506595
619 2015 208345452
976 1221 346833442
2399 1785 48001178
1879 2304 508375504
2644 2047 215110904
23 1355 485228006
2685 2403 369551927
1445 985 593068965
595 355 796578857
1356 1675 48769242
2702 9 819359912
248 110 982064227
2538 1315 108857269
1340 2316 670696689
134 244 250013667
339 2027 352062990
2336 1410 505122037
343 1180 597376865
1259 2040 985152198
620 823 232311345
1280 916 960444009
2291 2719 874435879
592 2411 309952400
2223 1388 732098647
2003 1714 104914993
1756 1890 253230977
2760 2783 662273126
779 944 722244243
2469 1489 361088148
571 961 840058482
1149 80 779656655
2015 692 817052665
475 47 188396669
1390 2357 80729409
2076 2074 139430713
523 1726 280554274
1256 1438 996390393
986 2687 637650170
768 202 760220018
857 2337 204125356
219 438 483272378
895 896 375801067
1898 1955 42574639
1236 1507 905522104
1927 524 508745879
749 1116 418575656
157 1567 319033224
1490 616 968585323
2184 433 377637898
2125 1564 483432713
1969 1343 803552378
2571 1714 844070509
93 878 710103728
2528 687 493858215
1577 2052 559295844
2004 2508 232290669
25 1227 785655757
2129 2003 549271650
1170 1176 433487754
2275 1460 537483162
676 598 35171013
1781 1221 381445981
1726 1896 422661781
337 1374 551802411
2288 444 776440228
2106 2493 955656704
1263 1275 189917969
1051 285 494239193
1099 278 293594519
632 2181 85077366
399 2266 642470126
1193 541 272533344
1062 2728 538818929
1383 1915 518410541
52 2400 114814976
2371 1638 265511426
2368 2573 734464551
1092 40 10556760
1221 662 10715775
2655 779 731772419
291 1191 783165780
1553 2339 194745712
1402 1762 825812872
223 1780 363238702
717 275 876057526
974 1432 619740335
293 2560 15853977
562 708 605615438
1637 838 355436975
1363 1286 525966995
1228 1356 82512665
570 1318 174577846
706 1561 224740805
1264 2009 596819297
810 2566 429796558
2591 330 585409210
1059 2255 759058210
994 1214 54602912
1471 2058 966059621
1841 356 967561780
2249 2407 463105044
435 966 716691354
1078 1247 442307821
284 546 911061504
1832 1189 231758990
1951 2496 859814878
432 874 904303452
2462 2526 145704319
2160 372 409610406
621 392 405759937
530 467 945258761
2653 2118 351751448
2536 1473 424590101
2516 446 885502168
655 30 703436336
2018 741 395642547
1925 2110 86058938
343 741 802268287
2130 1019 108805745
2748 2352 34244156
1578 1545 822863895
978 454 724357717
2248 217 522832722
671 529 229345318
371 1138 857148370
2175 2486 389973694
110 2527 654275768
611 1501 245670885
2065 2533 614859062
2264 1001 535924576
1781 1998 414997362
1008 1723 385377907
2753 592 818400687
2443 1237 689919910
1831 1942 189995438
1467 1186 563045068
1528 554 180899922
378 219 25242944
356 2262 971105154
2162 1649 692024433
414 1211 221989458
604 170 218442401
2782 807 542134628
513 527 547573737
2023 435 140622732
1221 771 650037120
2041 1490 629887154
161 2314 600335676
9 1670 384613116
196 754 516470615
2096 817 152721964
1717 2111 458463350
481 204 698998086
1304 1521 873959399
285 2358 221978741
136 850 304453162
2404 2351 596959022
2324 157 774317490
2115 500 231024789
128 681 148964332
407 587 821869088
1982 356 870061696
1646 315 534048890
413 1182 944712918
2080 848 599141545
1318 1309 459892699
784 2088 827204978
222 959 202844676
322 1592 82496763
2216 2484 832787346
81 1702 122276530
329 284 949191448
1994 32 835528557
2767 169 767722554
1971 1081 823854546
2476 1188 507175606
2026 2586 403473657
1234 1954 326135720
2272 1122 643635535
1601 875 128195337
2227 226 61490109
1603 1336 462406520
930 666 234861832
250 2212 446768189
1237 1882 247442298
595 514 36906378
1194 1105 314225346
1906 157 53699842
2490 858 414829592
1449 1438 233379455
918 2541 602354852
2336 779 231312144
1757 11 951916064
1054 772 22025280
2382 185 854993339
1 2149 484081053
558 1518 575377216
110 1595 240669816
1107 28 925742711
1852 1445 451952104
165 1097 190667467
1184 1081 252407061
1838 2203 102313260
2124 604 780112306
1709 1689 550902839
417 718 953459915
484 2166 372487827
2764 2104 704064960
1043 2491 719499165
991 1995 709906320
1952 2203 577488454
1943 2236 296740443
1017 2372 27108924
2697 1936 508896545
1267 2450 34685767
2092 34 19260367
459 121 976052981
782 2017 463153532
109 1655 841056378
2576 159 762002671
2437 235 895175888
565 2460 924041572
2129 2566 800328998
1781 2090 686945679
2440 1756 911743351
652 28 168973537
1589 452 764437880
2648 594 699283209
1344 667 904545718
98 2137 58798525
825 899 737392383
744 1616 832788665
1720 796 619445249
329 420 972940295
1328 1626 727689521
721 207 157680257
1171 596 253598958
2761 2311 162261140
1372 463 699259365
2760 1374 157830982
1049 252 752958390
215 2058 357575545
1942 391 390253527
205 2184 897679728
626 1744 522052793
580 2419 992204434
467 612 12144424
981 1422 797645678
2519 1285 583907319
1623 1379 353174527
539 508 763827675
2478 2708 674101296
1656 161 63865751
791 1097 542628002
853 1504 469424729
783 38 23472555
1966 1824 923801700
108 2106 572669090
2355 1752 222199278
126 1116 997341017
930 2492 651328586
532 79 255212010
1489 799 649304905
2114 2033 810383030
2448 1025 133224158
2676 1245 611772586
855 1421 553204992
2264 1832 919359940
1835 354 849484244
1171 2628 748357589
1550 2628 471935498
278 786 475889032
1150 436 835734406
1933 2279 640074146
463 1212 912099907
2316 2761 396274315
780 1221 542161268
1701 145 640185868
526 1259 721609963
581 1534 412541273
517 2725 60138686
501 2713 543838546
1918 776 108716327
1080 163 444384517
560 1367 565725356
462 1863 222626423
1725 755 191076479
861 2298 976338851
1585 505 312108839
685 368 145805763
1132 2716 812929375
1446 2002 393226445
1503 617 719964989
1966 2139 309208896
1360 1863 414329750
1074 662 436653087
450 237 869420960
2613 1443 800987965
2518 2402 171330265
1827 922 223792571
216 2315 997736744
1973 888 698870991
1644 697 37177153
1390 2421 697899718
1155 225 806667597
2529 1927 276978251
450 2496 516378569
214 2554 390135273
429 74 7818925
2733 403 181000654
1792 562 104719057
151 2144 360012241
2424 1310 735457676
2584 480 815854005
1065 1907 10128542
1535 1729 155563439
1633 550 903803983
514 2436 211250981
1939 2660 468680663
298 694 609185720
1001 941 827716608
2587 708 206355076
37 1189 78532105
1497 1112 387896742
1871 1996 384650957
1420 828 429223934
650 382 554571301
1118 738 966955317
1643 2613 528441993
1861 2749 826684417
1483 294 492589309
2432 2307 285799079
286 1625 395164970
821 2465 211905
240 2749 380071882
1502 365 628581185
693 359 126274377
1659 2349 9649589
1643 459 978575017
2179 2595 592565707
1701 2216 349334693
2606 396 517039640
2000 1067 805810457
550 2022 578203924
2776 1246 265270432
1342 442 624834409
1058 901 234969214
213 472 949873772
1078 447 940467392
1979 1499 986815723
1793 994 341080226
410 1494 42417193
749 1486 94414128
952 1326 12260646
1351 2740 209431599
1543 723 704736802
246 823 450543420
1803 630 212001380
2116 223 452521269
1880 2176 113883191
1041 1513 115927001
1693 2054 195986741
867 2602 951514026
17 65 677216967
2044 295 591097370
1741 2686 203310315
684 1402 635942886
1918 518 826733368
506 1226 406050236
15 462 773932062
2152 2330 440084259
677 717 67187314
152 1313 305948059
2569 2096 669274410
1071 2194 903453187
1456 861 113465188
459 1157 377813562
353 320 389160108
1417 2287 356210953
2505 191 580444030
976 1538 232178752
2287 2301 650874377
46 361 276572446
2754 2378 824423222
7 2123 359323381
2514 2694 966520295
1133 2710 702701582
62 909 498712707
899 1068 499736265
984 243 319844018
2235 1781 695869193
330 78 909075813
111 1182 694030798
813 205 170920728
1889 572 170865954
1335 2243 397540955
86 462 655541305
1369 2626 600488077
662 947 304178131
53 1441 183309547
166 86 922709733
1650 1512 131045320
1574 1045 710367607
363 826 55514141
1647 1836 256911311
932 702 765289796
617 1282 766110671
788 1618 622552832
450 406 194416283
2151 1527 655210432
956 1136 372679806
2202 1009 484195620
2475 461 840622350
2362 851 214918848
1635 1428 124156301
2499 536 154565919
2113 1075 269720978
2622 1039 867457290
1135 1284 213620712
1615 2726 462209289
188 1388 537644981
1257 294 313630505
854 411 641965022
1260 2389 527368959
967 1380 7062698
1318 2601 265517037
2491 1881 87756709
338 2014 569762211
2477 2161 63981510
966 573 74225384
298 302 945933779
880 2503 895377562
384 1199 923318532
1168 1974 408648947
1116 2281 877014502
685 2376 606581517
142 50 934017410
1226 472 289144999
149 1052 89180350
2089 1612 228280873
1934 2270 730869762
2455 2397 365643493
1050 2462 932332317
226 2685 647760287
581 2225 246874986
73 754 917203791
2273 1964 255193134
1503 401 914246180
1208 2057 451296068
1350 673 257520332
317 1742 183056891
2146 1302 344214002
2215 2216 488760895
223 1940 683777544
625 2219 862664694
1663 2170 578251077
1131 918 623251628
2270 2327 534426097
350 539 927900017
2307 2323 945175264
1989 2599 781629697
2382 1034 75469371
2642 213 802003493
1837 1306 593455750
1938 634 508928601
2678 1808 851831773
1040 1365 307794095
2277 2507 175829888
1927 155 279352051
753 1669 229693330
1687 1306 360174350
925 2536 532712733
1503 2215 856444591
586 2490 488920665
2159 425 642010919
1679 2572 45256493
1665 242 313779092
1156 2644 785717750
786 723 254950721
2003 209 605466758
1388 1194 576926797
1677 2580 504229742
92 2677 429319306
1622 2255 665671040
1308 1218 533005478
723 282 875795855
603 947 625326992
42 699 539530872
2637 1842 181952532
1202 580 545477478
1584 2067 107561160
1598 1800 130405968
264 670 946646571
348 1942 162370246
87 1842 971383562
1265 734 911433965
1648 2504 284385573
1308 1382 284201672
2146 113 164313618
2412 1314 227620280
1879 300 2053218
1986 1073 404871237
824 1080 115411201
1798 810 761752606
143 1660 303235298
108 1695 109223518
2302 1975 134952667
305 2058 549395984
701 1989 309187021
1280 2353 884211445
1914 2033 165186311
2247 2756 722055300
2023 621 929875179
1826 359 459007793
1547 2176 315769298
161 1235 149793266
2531 356 245646125
381 2003 349872126
2776 2762 746218220
2006 1246 909594327
2462 2383 68106530
1295 197 568259723
2514 985 261148649
2333 1500 321795637
197 1753 745902466
1451 1620 712242378
1915 10 478990529
84 963 518393361
1115 1819 508311463
769 827 823821299
621 2244 815641680
1048 2758 805498356
2261 2682 160677903
912 323 394884865
1001 1060 291604695
2466 1251 258312043
2239 2096 723706588
2091 2252 344920371
2680 1949 711663225
1136 2333 978776712
2299 1187 3014228
2374 863 240045197
2213 2731 724955071
1678 2030 467688030
1507 2287 911248737
176 2100 108477524
890 1261 491796501
14 2739 966479752
404 114 579937297
827 2483 771231126
1084 615 316768330
2061 758 121046690
2516 1415 195154967
601 1590 271294368
1045 84 734604564
1401 1738 756600015
2389 2350 532365640
1757 1456 136713349
2386 2695 568705418
20 2741 163982898
1468 382 236443167
1615 2744 320126878
1541 715 436319656
2311 2720 30155893
1890 1507 170697274
2074 1743 872524293
1017 2335 806142670
1886 2750 317758277
583 1469 818148571
931 477 342967064
2750 2457 947652161
999 1842 774893267
940 1289 321088361
1351 1318 165532412
514 2427 383615913
1875 2577 886372436
126 1482 643865580
1649 483 787076376
531 2571 377104273
421 1675 642602114
659 478 727132052
2519 2182 455682198
947 1310 7711211
967 726 887901722
327 875 806029106
1725 2021 925678821
2555 480 957671561
1350 1759 718239836
877 1505 425477564
2578 1635 27851321
2361 1268 926859685
2178 658 204657550
959 876 572537550
443 934 13511689
815 1173 630599258
2591 150 73735033
345 1641 376319268
1475 1410 615296913
859 208 974065960
2276 2495 575639530
2129 1312 591674146
335 933 292889678
2577 1559 742866036
2764 284 108175667
1513 1844 392494412
539 1737 350593156
348 1138 391277829
602 841 577458343
935 2690 690330318
838 1332 714763195
1704 2268 905698441
1175 2141 522442529
2168 1895 127742964
700 802 58918718
539 1479 114408974
2149 617 58352510
1018 1729 398894771
1976 2367 642486939
1604 45 11711113
33 387 472880414
594 2470 549664543
1101 979 593853477
939 1109 959329106
1686 1539 809342055
2592 711 96133107
284 370 523634549
2196 1797 644489382
785 1094 122082114
1531 1976 443948300
2636 140 761313765
1628 2472 838568996
991 156 632519068
1103 2594 602797550
659 2406 251860244
771 2430 965574993
2682 1399 671604199
2123 2120 253131837
1397 1861 138908517
2024 678 731971604
1832 2575 999964566
1877 1932 116672581
1771 2505 643798143
1895 467 781482810
2347 1157 526730660
441 1018 602420084
2672 420 818094542
401 1605 431344883
2143 593 287673102
1609 1568 9003738
1291 268 526703873
648 798 597930323
140 1489 678722388
310 2715 424098736
2402 875 549989002
1590 1064 505806546
2739 1366 256091900
1603 1778 473812430
306 1306 512903201
1902 1754 537804
108 680 610880527
971 1244 437464115
1593 2290 865724737
509 2566 752784898
2 650 413080730
858 1608 359630720
57 2014 798322090
1840 2401 226420504
1016 1943 665624879
2442 1630 232328829
1123 1597 891440605
1933 1967 229159189
1770 1520 231891809
1153 2759 119425683
775 794 166872483
655 1383 172539878
83 1567 968920139
1821 1189 378274897
720 427 649682567
1198 1553 217613530
2564 2606 456823050
1958 2144 55491560
1830 11 178848855
358 1002 193628455
1171 2203 157775166
245 2455 685703087
2067 2242 159285159
1741 1182 566744164
1178 133 636694414
541 1877 51770015
2500 2462 35140173
2410 9 79273229
71 878 882393121
2654 660 892613335
2508 1497 992686054
1088 2667 571087107
2404 127 904554789
1163 137 719711257
16 1211 445493840
1839 569 472593929
1729 655 761089355
722 727 17644107
1373 367 136944686
1080 2533 318618184
1174 1799 930761289
2001 2393 564720632
376 1106 773334888
2345 2714 409930443
1630 662 103611223
287 2592 794629837
1287 437 632678824
2388 1955 266345988
1977 898 113646515
722 1360 535863324
2606 2027 623851741
419 2606 427476549
1116 2373 460915997
903 2291 189970268
1399 933 648014780
254 2737 297530440
2041 1314 14130779
2176 2740 102198438
900 2348 444325434
244 200 85105576
781 1630 5504438
1364 46 847099194
1412 875 581382163
1151 1424 908793702
951 2109 436876667
749 1749 809855992
1804 1139 572505414
2590 2099 931209317
1675 782 281227900
2703 711 325904360
1846 2417 100295319
1242 166 869528045
1438 1100 257733772
594 41 271576754
1288 9 517678604
2115 157 238770220
399 1935 363436807
804 1335 689699623
1004 590 885921649
2492 163 65132208
617 2051 337693511
1649 2723 485320630
921 2393 994051284
1038 1028 379481838
1705 367 108474672
142 244 553479415
1688 1035 952034057
2455 1165 225331903
2292 1303 107595173
1359 2013 301377060
1514 416 2965543
934 2041 57415389
2372 933 473133328
1494 242 545577883
2030 2670 321972744
2378 1796 915872107
964 1655 525666782
1644 926 356079966
1853 2118 316638413
1761 879 419058794
667 1582 518302465
1746 2124 931854738
1933 2160 722837336
1663 2156 37188677
2775 2085 442258540
952 861 924909827
1979 2135 611475409
2574 64 451639366
1201 2657 717071771
1009 453 199731615
1096 1509 15144482
2627 1728 520770846
2709 160 401071112
418 2072 989871863
1572 1142 682242683
2166 2669 531138913
1564 1271 216163767
1236 732 999530689
104 1479 767393742
895 2062 493048327
847 1860 418324395
1132 2131 769962840
1962 699 385908819
1068 2241 240494317
2210 2577 263015534
1945 1020 489330234
1388 1514 558209542
2658 575 90426706
2155 552 291588237
736 603 694447241
2394 2517 104053540
2206 486 596015706
493 1835 644713242
2747 2488 921599371
2343 892 401326258
2011 2721 837960079
2460 1820 132208169
2495 704 237699370
2570 530 219898614
459 2443 448802139
977 2047 690985811
218 895 108029557
2415 247 821857276
1351 1310 818699150
2185 1647 507622454
1714 1503 285301789
1425 1545 643230226
1658 377 221162462
2773 729 221043954
1684 54 505659641
1281 1141 975483468
2072 2614 637469282
349 31 91473581
2417 346 36459650
1513 381 69062401
279 1576 540851223
380 1668 674315281
1589 1625 339821912
947 1647 157358156
1675 447 661920091
2414 2491 155089865
1374 1236 595408315
2094 1218 372705932
798 1438 229600885
682 972 402059527
2370 2196 14712850
109 1838 489140964
1337 2480 3487243
1442 956 113408513
2567 1438 326782824
1400 577 741233083
130 2300 792669609
1496 1608 113417327
877 1187 458199530
1731 2366 820308286
2236 1974 448735297
1363 366 45218831
2579 647 151727466
1065 2661 9660889
97 847 734837414
347 983 390849826
230 2158 844203999
2408 612 770196162
120 62 721143824
2202 2750 801205484
1131 785 197745123
1327 1431 562340974
2357 452 626286235
3 1949 262765623
1029 951 285936947
2612 2740 798335770
1187 654 141325767
2766 1301 284383696
1387 1231 169209651
703 2586 247677763
1179 1874 608673017
64 338 754936585
2740 276 281973096
1182 5 923138606
2623 2555 635473913
2337 386 273808950
2426 400 338427899
1409 886 171625569
1106 2285 82568563
238 911 510040368
1294 436 406629949
1291 336 59957288
2679 2215 554407798
268 1368 349039573
2736 2601 570870045
1038 2400 451435537
1172 854 30618103
75 329 640952453
2264 1098 935913396
2095 2414 792004976
560 424 966819151
873 1914 361900711
279 584 137724346
331 932 714030812
1794 2446 918904505
2020 2336 123496738
2662 443 186152973
332 719 366177456
2434 1293 197880533
182 2147 415830244
809 787 910770481
842 620 114969483
469 2058 806488616
1158 2586 295573343
48 1005 365044171
1531 764 675159248
279 1669 49363354
2132 2413 834000135
2605 100 392354085
2136 1010 48957223
612 1739 583632118
2617 2768 103122901
80 1514 88528302
319 1994 708714746
1218 2640 738158445
1529 252 913193927
1584 462 887401847
2692 2248 7563001
2395 1700 528485907
1536 1605 579392861
108 2735 804037814
1642 216 295797910
2493 2260 869728353
1876 1225 273977886
604 105 997887047
2195 899 314021002
2479 101 863515313
1276 373 811113233
2658 1933 800207398
849 1486 840652622
1859 2174 959459014
2011 9 731563332
1225 168 175444982
1062 462 60610979
1238 464 672276545
2718 2700 189583945
2664 2757 741348221
1607 1595 636190475
689 313 913605420
212 574 791358644
2032 389 271188773
1172 2693 630193229
277 1877 462813300
2602 2751 42387614
135 1503 182965373
1090 539 420160501
2259 1169 416696935
2513 1132 830413861
2773 2207 994394294
1661 2193 255157969
456 440 167667002
2307 124 588066794
996 918 318420775
2041 687 709195893
1672 2418 795877765
1069 2148 435138961
2606 115 440263114
2553 2048 947431864
932 2642 311129284
2297 241 876819524
2285 1946 142774204
2275 2781 145098549
2003 815 754645976
1692 1588 959779633
28 2087 302845889
1389 681 339898827
2476 1403 691764100
2733 745 857497095
955 213 854876349
1062 2713 280879901
2748 2237 424455922
569 1390 725436285
404 172 196670012
1336 2259 48263187
172 2208 872142891
1537 655 734401484
363 183 164876523
1682 938 466047319
1532 789 659342498
1551 1820 88028976
1653 561 940881692
2748 849 455844313
896 1851 744254378
911 645 912060010
2697 1024 309875014
2672 2600 756085580
1876 803 19906811
1357 1993 581635393
2538 1603 783229571
2081 2549 278778022
2455 1117 277257009
1790 162 94008572
966 2505 119170321
1581 341 435445412
212 149 868365389
1004 1273 998066409
400 736 193529042
775 628 57247812
2014 515 629557298
1433 1642 37112026
1040 2718 857403339
312 1401 246188361
1453 1898 80367401
1087 81 826014115
2602 1353 154226344
907 148 474347706
1459 102 184123998
649 1244 8046493
1189 775 526317879
2404 1564 20053859
9 398 100174432
1552 2067 112213286
93 1380 512311528
2784 1982 311674962
1495 663 398572965
893 817 742339359
1027 731 774049108
2730 2192 34519387
1630 2314 43471107
446 1856 232722284
810 2715 69533875
2542 529 378926997
2391 117 870151736
1829 2382 49614200
698 544 189062756
187 2063 44565979
468 2672 358380644
2534 1108 827796654
1575 661 62534505
911 867 928889164
1820 2002 725304458
1900 932 390599937
710 171 481988840
1396 101 292376012
367 2392 55352339
1447 991 580381029
2055 1773 926489259
2498 352 836073601
1331 1695 871019850
180 1905 339355219
2591 1436 420457377
301 2339 193884758
2062 2534 676338656
2375 1362 519214665
2196 844 892335195
860 2549 323655803
363 1428 813602666
656 1618 658801224
750 1558 786352016
1271 2585 64933091
980 1134 993459678
2492 527 723365461
2558 2504 208126105
82 1414 566058180
2320 1989 439591450
1786 873 165729784
2627 1162 726789621
2578 401 615532315
351 6 415921245
39 1918 968131775
1298 2226 480363462
2649 1598 549644069
435 2310 154701004
1656 2066 205615292
544 1879 515450963
2509 2494 686723303
1896 1003 159268334
1324 2747 385297155
2686 217 139475076
1388 1407 763780008
2331 507 549835057
895 2544 766316078
1750 2615 985878633
601 1322 426464882
627 1793 443794787
1019 47 865696985
1590 1950 633741748
2596 1648 899872404
2339 344 537537337
2551 742 803959845
117 727 879663674
2190 2509 895159330
367 520 118740939
589 2773 74267705
2330 1700 485386357
164 1047 132142707
74 2221 704572694
2059 1149 245771452
1755 20 771545605
1948 1168 475612834
1291 1016 517820537
2130 1369 240054621
1683 776 538091050
578 2290 418956815
462 1406 582378808
2509 968 188291660
1573 1618 662210636
877 219 163010779
2547 2540 896632060
713 137 13733054
769 1076 698631284
388 2188 158351471
158 2158 61054545
464 534 334248300
1838 54 754350544
1022 2432 474850293
1906 2165 796484391
2395 2699 48650004
1702 1735 220213554
2105 895 288885469
1985 733 321406802
1706 1115 610418935
421 1209 820060562
607 2631 195340634
1502 1635 480334602
2327 961 308111705
1685 2024 537631880
2475 1227 208003299
1080 1605 437800300
876 2361 910062085
1884 1765 856514259
2314 1347 365488818
2576 174 271635702
1239 95 225510086
1241 529 912444116
304 642 398081608
2415 1023 556633615
2337 1504 153808879
1558 1947 715772691
108 1210 406162407
1341 789 771579773
2481 1936 28269268
2277 1853 4343481
1284 607 78738199
1411 1347 929715437
2646 1820 320637519
1758 395 969105941
2271 559 454228258
1492 985 327267182
1806 668 780346172
2194 1222 427743512
1317 1756 626099095
2568 2060 81278454
2148 2226 848917757
874 615 114687448
2013 1169 94645450
2067 2699 177291228
2658 2505 869737974
2454 1025 338687248
2423 731 525945427
2220 1457 32066396
831 606 638538258
2698 1671 633411231
939 156 88636811
1431 1229 612974615
282 2447 751533884
536 479 734440453
779 2082 87435282
2562 1988 192475536
1839 631 389741543
1503 278 898025705
2160 939 77115468
1402 2395 985436591
2072 1514 322263431
1870 2444 412082581
1157 2669 414343135
502 1634 463727938
1949 59 870036758
699 6 989598584
617 729 388017718
1004 1189 856675959
2411 1204 894859664
1742 316 410047907
1427 1568 254008065
2070 2588 912292196
1385 1427 912598647
1102 1831 776938829
1533 56 837495987
206 1230 546964608
1842 2407 794150991
359 1838 850310735
487 2188 504469251
1130 2465 776181030
2088 668 760117539
2724 2117 518734761
1820 1356 128459627
1154 2560 785295897
21 1716 318648063
762 2555 902738427
447 829 466665900
675 1513 201480187
1238 193 661175411
1979 884 841197069
1903 839 987433544
2078 1521 178855892
2002 856 702574870
1897 2728 234903879
1196 492 91610375
525 2091 293894034
312 235 999249921
2651 1470 133439033
2517 2177 287652211
2649 807 569238147
364 163 792278096
1428 2284 601097493
546 28 368157531
2653 2474 685098460
827 612 188640165
633 1706 289585200
1487 2070 692586835
567 1803 590342453
423 2670 189074597
1373 664 985663621
924 2547 329968947
1362 2658 521386251
2722 637 95884152
541 2196 911256113
567 2377 494726292
2561 1776 582424893
1349 2560 636823117
312 1148 729611512
1090 32 603124054
2194 1080 965322640
282 1849 929894356
439 552 185968831
1913 2532 332665373
467 2147 662970923
342 2615 475920834
613 460 946284560
505 1787 192628943
679 2375 978697243
244 2666 807104337
505 949 861499545
149 1944 589088535
1168 2183 467359184
2412 2034 229714877
1459 250 720696237
2018 2645 96649958
96 2602 764306847
1383 2093 147592392
1908 1211 235274433
535 460 135782636
1269 1262 883376702
2371 163 609940790
610 137 630019056
1353 485 337918243
2737 1544 285392714
1055 2680 928874322
2734 1746 254360696
2743 2390 425056069
2476 2154 658585028
899 1541 176503144
1881 1001 969874747
2627 19 242223441
1093 77 845532816
1975 2159 3658312
2691 888 944878399
704 2174 808211978
373 153 51574005
1224 198 387439562
1788 688 984058926
2587 2322 266275192
2218 1307 794099488
466 1160 724893508
947 1598 194721495
1979 881 530569573
373 521 536263840
1153 2331 955934229
53 1673 286528939
1874 1718 216901088
1955 1241 661276395
2626 1518 721035294
1923 37 778796353
257 2708 4395966
2761 1164 136994264
1086 1948 822349380
2045 274 84205778
2003 1117 53899540
307 344 180622371
2627 2395 411040496
2726 2465 828410045
2750 2158 75590078
2419 765 145715181
772 2292 651228302
1398 2659 672954628
1025 1363 355624924
2297 288 135906105
867 2691 95102993
600 2602 334530510
2690 2041 319028303
1354 1190 58101872
1503 782 521595758
250 1783 223235043
61 442 906590016
830 2560 447403742
555 2335 480890396
1356 313 550026035
712 2668 295671962
910 739 819446579
1369 1832 927491994
472 1369 754420047
2674 2018 984481419
707 1074 186730498
1084 1271 894370281
359 650 338254318
1258 2328 858447879
1303 234 811953733
1278 129 854976014
2304 2473 254642026
2516 72 624497477
1567 591 443373527
2691 2326 769258130
856 346 572342592
1354 1026 13986368
1099 107 503727608
63 1795 788312066
1999 672 830369940
735 1123 456211767
740 2076 673251277
824 1254 142911854
824 956 213425834
2221 883 227157805
442 2704 481528030
767 2706 375423726
1341 1117 44152174
1853 2582 194082409
1410 2429 642879895
908 1592 480951320
1353 798 775675885
1241 1995 850842360
2241 703 738493895
142 1702 783073420
1099 2677 835449050
1435 1843 625701158
2535 1899 452741411
2329 1993 260447849
862 2307 932649738
728 2201 341928457
1073 1853 636679620
1714 790 254943956
2289 176 727384056
2182 1858 689002998
2578 435 950491813
615 2414 846969976
2123 2590 787163714
1509 2112 734122249
1642 1405 537346598
1009 644 950662657
2746 793 413696042
1462 2715 631654306
2410 2003 299901580
2685 395 143532192
2781 2663 761417237
1635 731 169000675
381 1938 974728318
1328 2695 244813450
363 1545 896294672
1120 2445 964076339
978 2073 785083273
1670 1088 467517817
1093 2105 377669446
2727 2495 542812349
1726 231 662953118
2236 2763 920434985
1962 1079 147197067
357 223 275524594
1562 1132 812337295
408 1922 802772444
801 1712 402318036
953 717 738102275
2068 6 619515029
1815 2675 638782167
800 1555 728582845
561 89 69122920
2610 1291 959593165
1752 1985 800092387
1444 1760 597189122
2325 1655 928549979
402 116 31233206
1755 2724 973737677
119 2084 541184006
176 1516 929294173
1458 2354 489525684
1858 2322 862830566
1910 2079 135065167
2088 1965 792747953
1206 727 24348049
2451 2302 367662723
430 1500 659910407
1707 271 28362204
2158 2555 195286263
2032 897 791147646
437 2769 911828349
407 2644 806860844
737 2038 164764662
2682 1922 554651571
930 1575 785159330
149 2027 625923373
2070 1466 449915012
2000 1692 917941380
1507 2286 741450125
1410 1554 324743733
2652 1362 212842745
2774 782 283434582
788 2755 376895479
1918 486 587344345
1165 2245 46344335
1382 366 418120210
2306 1600 57575104
609 474 569032822
1321 734 972919272
867 1519 831667364
2620 1169 77039720
1433 1731 434898089
1389 663 748767623
102 471 199441279
1478 1481 62740886
1876 2140 218923991
2726 1993 579968597
680 1824 149875992
1407 540 121840021
2420 1387 103387302
2037 2014 604182558
2102 2759 178589543
1124 543 712760530
2643 2558 988400002
171 1910 28941330
1785 1502 630252137
2573 2065 783578463
2407 1159 648657689
883 308 745975620
167 2353 614940320
1531 792 504422772
51 2443 21327071
753 26 425372974
765 967 397313937
299 1766 265508840
1691 685 70306187
867 1783 402988075
968 756 305413701
2118 137 207002812
1663 1221 364895128
1984 862 977317884
1243 299 554043337
462 1764 112592273
2726 691 206806469
1120 2689 453672004
82 1222 14532526
2233 1339 536133164
947 6 399387542
2771 2628 322916620
1814 2275 268733577
61 1121 90988793
1704 1672 730914768
1974 869 208031552
1993 1867 604792948
504 1236 441716101
1170 1541 817141505
2035 2104 433572655
2495 2266 334721419
586 379 757653251
1166 1434 108062197
2758 1392 643366159
727 1309 581884016
1772 614 247392968
938 1331 703591490
2431 1359 925393270
2660 1810 935482056
998 825 784459984
2078 1853 682670269
2007 820 961518050
1036 793 353552828
1248 419 429505590
1576 519 406379523
2615 1696 553959219
449 1405 317170297
454 2072 709290943
427 2501 245614322
1039 1773 796069420
1126 896 890157232
979 273 759064656
1453 1782 592937260
1871 207 711521269
2121 2419 259247894
1820 362 633415540
2608 1195 122748315
1987 890 406621851
2381 138 336368101
870 840 446155223
1178 1533 817998055
1360 1971 818292623
1351 1468 21179738
2060 2280 358346701
1779 1650 213918210
2698 683 936699939
333 942 755594293
1133 2459 945172428
1768 1420 480448669
603 890 274179600
1944 1338 342527548
283 2524 401667309
1401 198 615943600
1489 86 227911667
2560 738 565898424
2539 2138 676478319
1415 2214 594377206
1725 2647 782166475
2311 548 421725942
873 1909 971314484
175 1344 788677230
938 225 400349565
772 340 905679559
301 1095 835098691
847 357 773133531
2428 205 974538064
936 1199 47180032
640 813 954595652
773 2032 331169349
17 1302 485501554
161 547 762925563
2085 279 757452295
2781 2466 850639734
2738 546 26626417
968 1883 501345301
1932 198 146297341
489 2604 170390910
571 2334 482830018
2405 867 763142190
2269 2301 742852285
1078 568 682835504
1653 244 403160381
706 1636 845595180
503 1166 795724929
100 1401 796263587
2411 2216 984695454
576 1107 724878712
787 1974 680267942
2178 1523 593815473
2607 2145 968775174
281 1397 627146622
1125 2550 123318320
2478 491 17963643
1804 2190 250264697
861 595 475072562
972 891 365036099
2411 2254 944504035
1878 1074 175988062
773 1733 260010630
2527 262 448615595
377 2691 356996624
1351 1375 472052482
546 1329 260048117
670 1014 710167125
365 1296 30495982
2557 2026 408554261
945 770 52567036
916 1172 899896788
1232 1895 497782955
1608 522 856033067
1763 2693 581535899
593 1065 746591709
2353 1406 732062523
1073 760 768380732
2705 330 548583128
416 1690 232449995
2690 2479 268596182
1169 99 409601060
1732 1912 513024060
1681 669 849583131
2052 2267 257362805
1274 2597 432381988
814 842 245891668
1109 374 693004017
982 1620 750450520
1713 2204 449420639
2600 1941 262543665
379 2005 650028690
2144 229 466012546
1029 1726 744289374
2247 2485 295664104
1469 940 544284648
2321 1678 381781819
2584 243 84067981
719 1722 42337555
152 1363 634237697
1074 407 57697677
1375 2768 122258107
2232 9 977134415
812 2472 34833808
490 2742 421184456
580 2258 953485214
864 1990 494769596
2554 1523 97323371
770 933 723739135
2364 2085 702024269
2604 174 124693632
2767 1770 917329163
1906 2209 815649161
2682 2029 613324484
2492 6 729517892
2251 1282 853367311
2420 2658 870771072
2779 841 466575459
552 251 547738037
2457 2288 428579257
2638 934 402398021
1319 224 683787887
749 258 51464708
1065 782 430400367
1388 1637 391365370
2696 2550 531071120
1903 1592 713313639
2717 2711 221634363
2384 1745 270871558
2567 2464 160698705
2545 137 675067030
2271 681 120538188
192 1121 33525141
1283 2669 572322980
821 654 573158990
1623 1351 767566707
1602 1960 83153686
2643 1186 605256795
123 1810 132831698
2565 2515 644937639
2046 2466 244288699
508 2265 16725680
1955 2240 900973413
875 1429 41834625
1702 2582 865727484
1979 2487 264650942
731 852 990621905
923 140 431855297
1615 641 284625940
2604 2191 994023685
2561 2395 237883875
2098 2342 115563719
1580 1633 773136003
2504 1115 882157546
681 629 64037612
1187 403 536483610
1100 865 807543178
1448 566 252320308
2588 2548 671500609
771 2611 1748197
2247 1353 359386290
131 707 259710865
1142 2395 617197500
456 368 767298677
2291 2313 529646917
835 1787 226990351
1075 2686 329007930
1955 142 29285820
1978 218 917304019
2708 2360 814911907
1652 2471 173569307
997 2157 946672849
1008 205 516188591
368 1591 197692581
495 2613 881095621
2719 2295 975583342
12 244 106508656
970 2322 186072658
2256 1059 776901921
643 59 325121649
2658 1546 730041713
2465 367 809609289
2246 2167 392431901
1652 2074 696712795
1430 1139 588729168
2425 2088 129388047
138 535 289997864
828 205 899194324
1085 620 830432114
496 1208 84409739
1936 1015 735030200
2682 167 372263717
1483 1871 666340222
1708 1035 255363466
763 277 708929223
819 2650 170277820
1439 1211 198472414
2563 2412 220278332
1977 1617 390729298
1828 952 819799212
773 2036 440375105
867 437 769024437
1304 740 917404121
1953 720 298025258
1697 918 310001436
1525 42 996473965
1806 1976 533426658
2308 655 663972625
13 165 739698724
479 58 425130432
1320 2308 178842231
343 2288 479139679
87 877 631343573
268 851 95318127
1871 8 925948835
2226 1343 686289590
1239 434 393330158
1531 2291 525424926
1704 1302 636955128
2264 598 245170140
66 425 18670835
1745 452 512297684
2332 2342 662285068
1998 1144 644647483
2075 1760 175038634
885 687 169762686
195 2665 478496759
662 2578 645081698
2127 933 433831582
2091 2203 509391467
1005 2259 939367382
1540 1757 721086594
734 2748 230817440
1856 2511 348644049
1777 2408 129283148
305 940 844731121
607 2480 443328320
1152 2153 393504839
1676 2307 140407804
2681 557 353921706
1028 1277 922469976
542 1404 40444745
1459 1219 638560016
2701 385 698944460
1150 1643 796563842
1918 2602 516643768
1688 1608 392268725
24 257 821177367
128 1030 955152029
420 1006 878895447
695 713 949066396
1711 2343 32030066
1002 1227 918545996
334 207 830039631
493 2028 286548859
2587 1788 32896615
406 1553 117106806
1842 1581 725549995
1640 1087 191035274
1476 486 326409381
63 674 906012359
1140 2650 302996957
1129 1789 818675207
2071 1290 356626301
2686 692 631991598
2241 1057 312656184
465 198 367248050
2167 1507 448870502
381 299 963706461
634 1284 831517299
2244 1636 311236689
2433 1207 911673210
2341 1727 823553101
927 1806 406266156
1949 1667 90422061
730 1756 574787574
1183 581 159327927
1924 2591 849561699
1436 1034 146540948
1104 719 870153918
967 331 604038043
1733 1734 712858875
2261 1444 762374229
1217 922 599654614
912 948 163290045
2009 1109 503607356
595 2162 924886855
1434 2170 150456298
1727 903 853366051
1618 917 722002004
2490 2506 704639938
2215 1358 811424967
280 53 255579032
1427 206 392478417
2720 2619 579804964
806 2130 679890912
990 2030 88984877
383 156 930371368
1169 1303 565569869
55 1384 871645642
2777 603 422504115
2633 2708 868054834
1677 2285 581027107
235 1931 729910208
253 2683 835097665
1084 124 730652585
2505 426 183620879
2752 1221 551390751
1995 768 689446324
757 2335 435165872
1700 831 221348735
1031 1189 254258923
147 2467 498235178
1050 380 50904648
578 1027 237001570
467 1968 304009289
2522 2385 182782854
1722 1312 447229660
2511 1590 953958063
1241 2670 225726723
2330 2340 23182576
1892 1671 979089334
2323 76 623786206
41 2731 283104007
2606 1826 240938834
63 1116 775144327
2397 2393 741131629
2307 2583 663251432
2337 1781 972933851
473 760 769882851
795 384 677867612
773 595 688305499
2658 1702 146690176
314 638 299810498
1812 246 383263921
2720 731 898827196
1567 1693 811646070
1079 2049 648961793
1432 1756 981093621
1742 588 292785799
1905 2043 850377402
2611 402 12738271
249 154 703890358
332 1811 177261791
2706 1511 80074633
2527 463 489180032
2157 1348 519612931
1487 2647 319230474
1410 1248 582753768
2251 577 909868654
174 1946 182744563
2621 2216 833076722
952 70 684159517
974 34 176981523
1810 1462 401535774
2247 1875 449191846
435 536 656331315
220 1347 16226879
2251 1137 633492258
2096 1598 506638807
1437 1010 778642043
1174 1345 268897448
1752 700 479895071
2444 100 836687707
1599 988 954426886
1398 1048 368924517
1671 1237 334413628
2183 2317 529337774
233 2187 14140203
352 2756 176194931
1767 2724 593669920
2309 1807 736505196
508 2263 965073927
1098 1201 929126192
612 554 716651641
1180 511 534971096
1548 582 199027448
259 508 637812963
1080 919 400223865
1217 2379 907016281
1614 1318 275092770
1138 2541 492744498
2215 1576 644384083
203 2392 837484279
1301 2741 352412906
2461 494 840776105
618 2165 272417475
2593 1953 630286050
256 2189 503495805
326 2260 182120762
1824 1223 951964291
1976 2358 516861420
247 2103 396625482
2739 942 695430840
1803 2704 248810711
1697 749 632178186
662 827 206300036
1635 1896 547166043
906 478 191316226
1312 2508 798503382
2264 564 893640865
2053 1070 707541823
2157 1363 158895054
1631 2112 79989008
2611 1281 517677533
77 992 841650660
1233 810 45252617
1913 1157 415984920
2043 1781 27158456
1903 288 657232047
1978 2324 357987586
2492 796 417276278
2071 1027 56503668
2634 77 315715944
1695 1666 919191312
2063 2363 71323219
2336 947 97074584
2535 815 485514939
391 834 378734091
2375 2150 132961021
769 1585 915685999
423 2384 851062455
1066 2749 814112721
584 94 745913959
401 1025 392689802
2278 2331 627641169
2222 836 594584259
1600 208 10741670
1266 569 545012538
1270 2550 838634210
493 1864 655821381
772 197 958191733
1547 1147 33828119
8 1361 268704421
1386 1225 649021761
632 338 742890930
497 1483 354559100
1904 763 617453370
1930 591 518641317
580 2635 516581855
40 74 12856840
937 2285 974974758
2165 232 944744416
1330 1050 828388770
2737 624 218789662
1586 1770 584069457
797 635 390782825
2133 178 434772037
1410 1046 515178086
86 493 269794694
1242 1834 409982264
2609 154 274585654
724 2246 908727882
749 1194 13230326
2338 1803 52065099
2400 1303 940203912
244 2142 479426938
2565 1685 988952245
2250 425 679493155
350 2560 204612209
2689 549 577219432
45 2429 48433212
369 1398 936290628
829 261 870405066
2606 1350 376418509
1498 2642 667691493
2780 1345 120699832
1379 2728 159440274
2432 872 146300450
2332 889 201211251
595 2747 676723341
2592 270 810796395
899 761 504335400
368 2615 811463303
1945 868 910642514
968 670 233231131
2012 846 877728352
592 702 90537260
2105 543 784231582
188 417 186636045
1281 1599 741808532
1103 110 736742988
680 2452 868358281
512 848 545833678
1979 1956 20611148
2591 1418 455338040
2419 2331 491298097
1177 387 23979408
690 1566 229958490
1843 2226 978622756
175 2416 55554359
909 394 619560106
635 1484 558994511
1408 1801 434567592
696 561 28576319
984 2463 85847573
2523 1930 162159107
1090 2549 909948224
186 1590 507904884
459 318 686521073
2510 603 612835601
1828 1426 305994445
1242 1333 726314497
292 175 510055422
1416 1186 619895384
2161 338 497291539
1478 2317 581662105
2703 791 228187684
38 2578 517967227
1228 2779 441930041
2660 2041 792474352
895 1374 559375595
1000 1901 739537762
1474 910 927402315
2234 2606 163432511
749 278 974770435
1847 1004 282199223
681 1633 240125115
1966 748 552742852
1951 1926 643628222
2325 1677 781134954
2333 2291 536516828
500 122 463411264
1651 1189 901065873
2579 539 186738222
2729 654 662068070
1025 2396 592073079
274 1920 394316695
2204 247 862783737
1533 1549 689420021
1053 1098 36434099
1777 266 138724365
961 2724 362359176
2695 879 383409546
582 2144 693263682
2138 2343 294568407
911 1208 377007320
2053 676 359358216
2685 393 636041971
315 1198 810751738
242 1136 172774574
1800 1715 430993848
1057 1647 569277085
1858 2556 235822624
1630 851 909052945
2639 1394 226260166
2050 1419 836984985
2111 1824 44103959
2337 1511 936654794
2387 780 332577985
2606 843 456256323
181 2226 991262034
735 563 725641963
199 968 399315487
1757 2552 34641788
2263 118 661225062
243 751 807188805
22 554 730272182
1902 1311 745316139
1619 2437 512787087
311 899 406430192
1879 1630 754861380
1480 2397 587187639
2177 2738 103480104
2331 232 4382151
1365 233 546160105
2530 297 953277071
409 1828 921644342
1345 1299 975653865
502 860 152633000
1562 545 676735906
1376 395 587157982
1200 2141 233157178
2247 67 308231914
216 1007 605420519
1351 1602 478828267
1747 1460 47473119
142 1689 14859514
2160 613 848093143
69 627 676838729
2068 480 540310982
2052 2112 158367369
2665 1947 17658862
1269 106 923886988
1712 129 265935132
1565 1145 179322668
1662 1308 205124397
1960 321 725410410
1610 794 709392852
2237 2589 536466649
1742 2018 837478811
482 1557 756925245
1550 1011 988473127
1628 738 394874478
1627 866 360442559
2581 2327 196205186
1775 1529 29310479
1279 496 228159530
1263 1781 284005928
1472 231 672215132
976 1269 403753418
1028 2413 725750322
2054 189 732453861
2007 2534 35748113
585 1970 22613597
1612 1783 108572429
2107 2398 652200205
1721 2455 123486092
1583 972 585063695
2458 38 588125225
2083 85 919090745
1917 2508 112856538
2244 2309 372066537
1395 431 885394004
324 719 952240645
2325 2198 41285037
2041 2169 616446781
846 2576 811160131
599 200 8343443
2349 413 169207004
2671 6 349779484
1393 2024 308749582
198 1894 793235207
201 1983 313082849
2688 2251 413545694
1623 1346 14832306
1223 720 293361164
1824 2731 523672153
486 858 387918494
2768 290 976930446
2222 731 751709261
2332 2595 819953544
2154 2781 765692092
2170 204 539253734
1569 1285 131110909
1142 1534 929736402
1894 2182 586669913
2076 235 638767203
108 205 132432464
1234 1607 225918019
448 390 758686174
2679 903 771823249
1337 2380 53864447
21 41 558932744
2264 215 425184117
1421 269 181677152
912 1877 306922952
1466 929 696111604
1404 418 797163406
384 2159 790860708
1371 1146 763696876
681 1825 738918396
104 1134 638105692
2124 2145 548993173
1629 1932 480217520
2121 368 740486331
528 1637 336019798
2121 252 266078800
109 1012 135836636
1242 1956 500472047
1883 2722 438711222
1119 1202 48327508
615 1945 732596543
2543 1465 242602746
2708 2466 496376573
57 467 335089669
707 1570 54208041
903 1794 954288482
2616 1903 731925357
1546 904 798034220
847 1359 263405551
969 756 445981009
2500 1297 197706893
2130 1453 558982773
1702 1946 544543594
623 1001 285856533
1567 2602 19768233
1002 12 832537839
2624 662 269346168
1702 145 351681185
2201 231 430834768
1845 1769 52210576
1111 486 928991098
709 2758 944854027
571 603 763009236
850 1110 240647599
2103 38 38815701
2641 551 818101772
889 2294 626128589
2175 1299 564106120
2781 1751 241915505
1833 2424 357572227
377 1611 978133399
1229 1693 238719676
2549 6 544305981
2173 1902 30293234
1920 858 576174287
1250 1669 989601998
2774 1949 886623912
221 550 771054847
2525 709 576973017
657 274 901093798
2554 2319 278359594
2344 985 335695605
170 2027 787416413
607 2654 178091026
44 2662 589831865
1047 1115 528225344
1726 332 155808198
1048 139 978461760
1606 952 778393940
1748 465 546875893
993 2367 632067522
669 1023 900331078
476 2327 619423612
1657 676 446571335
1262 2675 453853125
965 644 237920411
394 1211 243609526
2544 1259 335766547
440 191 736088965
296 709 857397402
2200 1368 20444682
2435 1826 747277653
302 422 458798207
2776 2151 45546758
2459 1971 362693255
758 1702 962192305
2282 1165 119767665
2429 1424 863957633
2399 553 260895165
2433 217 249285099
1009 737 185279966
738 1850 389294611
1849 1205 24893249
2563 704 847594863
1251 206 380580493
287 2721 359232938
1581 2778 431858220
67 272 416758986
2079 1044 465812490
2284 1319 931733652
1875 2163 774978972
2273 1524 333765166
883 975 179335716
2086 355 334237702
69 215 204893490
2453 2303 400460274
1357 556 924389229
1587 878 506719129
2524 2392 548745107
741 152 412878096
1620 507 786319806
595 1765 994354631
1977 360 552649960
2121 1576 573869478
353 1127 239348400
1990 1595 229522546
1406 2560 608050525
752 1565 385687413
877 1934 165078563
1082 1692 771620190
1423 1985 41244581
2255 211 130840165
1197 1351 565956283
695 1149 822531250
1384 805 735708020
1033 2667 903057151
1774 1383 261338206
1174 554 72054651
1214 1869 724730372
731 1090 278502641
1594 2399 692606647
1028 2560 830390825
1111 190 917121169
2374 615 47582094
178 1982 803595702
2772 642 410069265
578 120 678621917
2205 2685 346048076
2582 207 786295822
373 1895 630435049
1942 1117 490037165
1412 2736 103631172
2030 837 471791030
1694 81 693717838
529 1515 531795273
1201 1000 857382325
1786 2385 891556969
2162 886 334661441
2689 1698 247859712
580 938 802108545
882 894 512788006
1815 731 659006886
1649 2349 263307426
2559 1655 720192686
2583 326 282534320
1664 1802 430970308
174 1037 407362820
2358 1736 154952166
1292 14 560279310
401 962 772321224
1509 1885 780458624
312 2236 523064567
1503 681 756446732
1895 2598 718192449
1143 2660 559866994
1277 931 729280084
880 2556 460331705
2565
56
199
137
223
2
131
55
62
75
19
148
161
127
229
110
230
115
237
238
105
112
220
207
153
39
93
122
232
159
149
74
70
147
235
33
255
256
257
118
35
17
172
262
158
114
233
165
16
128
43
171
271
136
208
188
88
4
221
69
68
216
60
195
15
284
285
183
287
288
13
290
265
3
253
177
72
129
28
298
299
300
132
302
303
12
305
266
307
308
309
111
311
261
169
240
254
316
189
14
23
301
215
322
155
166
191
45
327
181
73
282
331
107
333
258
152
173
142
338
50
41
201
59
95
279
345
224
318
21
168
350
315
116
353
310
355
101
108
358
359
85
334
102
363
364
134
185
291
346
211
370
31
372
121
320
371
376
377
64
379
37
381
341
249
384
361
386
387
80
133
138
391
1
337
394
196
47
397
398
388
163
401
402
403
404
378
160
407
248
198
206
342
218
413
356
415
343
417
174
419
27
421
9
423
424
259
360
98
81
67
430
86
432
179
247
143
436
437
438
439
278
408
442
77
444
87
446
365
178
449
450
451
452
453
100
455
456
457
431
293
368
57
462
241
464
465
466
467
274
6
412
471
472
150
474
304
476
477
478
479
10
250
51
483
484
396
486
487
167
410
428
491
492
329
297
495
496
245
281
94
500
499
366
503
504
123
506
507
508
509
373
202
512
324
514
515
516
227
518
214
520
521
522
460
26
525
526
527
528
184
530
531
532
533
534
535
187
511
411
539
540
89
542
335
544
543
546
547
548
549
434
551
552
553
554
555
186
145
558
559
393
561
562
231
564
565
289
567
568
459
570
571
572
228
574
575
576
577
578
579
336
581
582
312
584
246
586
587
49
383
294
591
592
593
594
595
96
597
598
599
494
601
286
22
604
470
606
607
580
405
610
611
269
326
448
615
616
617
618
317
357
36
622
623
624
90
517
627
463
629
630
631
632
328
458
409
636
637
475
125
585
641
642
643
644
645
275
647
648
545
650
651
652
653
654
319
454
657
658
613
54
661
662
490
664
416
666
667
668
669
306
529
362
673
674
263
676
280
678
369
680
296
513
677
354
685
234
380
688
689
690
691
692
693
197
695
696
603
698
699
339
445
473
703
704
705
706
707
589
164
710
209
712
713
200
715
716
717
718
719
720
348
524
723
724
725
726
727
728
729
730
605
732
469
734
735
736
193
222
739
740
741
742
743
744
252
746
34
748
749
750
655
752
753
754
755
756
757
758
243
760
83
762
763
61
765
422
767
768
71
770
771
772
773
774
205
390
777
778
779
780
781
782
783
541
785
786
787
485
789
790
791
792
793
794
97
796
797
798
799
800
801
802
660
804
461
795
807
808
809
810
811
510
813
814
65
614
321
435
819
58
821
117
823
104
825
63
827
48
829
830
731
536
833
538
835
836
837
481
30
840
427
737
843
583
845
846
640
848
106
850
851
395
852
854
855
856
857
612
859
860
861
268
863
864
865
866
867
868
869
870
871
872
873
330
875
733
877
878
879
880
881
566
156
884
885
886
887
888
889
890
891
892
893
242
573
896
805
898
899
784
901
20
903
904
834
876
907
908
909
910
911
120
399
480
915
916
917
628
7
920
921
922
923
924
925
926
400
928
929
930
931
932
933
934
935
936
937
103
939
940
941
942
943
18
945
946
947
948
949
950
831
952
953
954
955
621
957
958
694
109
961
962
385
964
965
822
967
968
969
970
971
972
973
502
702
976
977
978
979
980
981
982
983
984
985
468
987
226
989
990
991
992
993
994
995
996
997
998
999
1000
295
1002
900
1004
1005
1006
1007
1008
1009
130
1011
1012
1013
1014
1015
210
1017
1018
1019
1020
79
1022
1023
1024
1025
1026
1027
959
1029
1030
1031
1032
1033
1034
1035
1036
747
1038
1039
1040
1041
1042
1043
124
1045
1046
656
1048
701
1050
176
812
1053
1054
832
1056
482
1058
1059
1060
1061
1062
1063
1064
1065
1066
1067
1068
1069
683
1071
1072
1073
1074
8
11
367
1078
1079
1080
1081
1082
766
1084
1085
1086
1087
1088
918
1090
1091
951
1093
1094
1095
1096
1097
1098
1099
1100
1101
1102
1103
1104
1105
1106
708
1108
46
1110
1111
1112
556
1114
1115
663
1117
1118
1119
563
1121
1122
1123
1124
1125
1126
682
1128
1129
1130
1131
182
1133
687
146
1136
1137
204
1021
1140
1141
1142
862
1144
1145
1146
1147
1148
260
420
1151
1152
1003
1154
1155
1156
1157
1158
1159
1160
1161
1162
1163
686
1165
1166
1167
1168
1037
1170
1171
1172
1173
1174
1175
1176
1177
1178
1179
1180
225
1182
1183
1184
1185
1186
634
1188
1189
1190
154
1192
1193
1194
1195
902
1197
1198
1199
1200
1201
66
1203
1204
1205
1206
1207
1208
1209
1210
1211
1212
1213
1214
1215
1216
1217
1218
1219
1220
1221
1222
1223
1224
1225
1226
1227
151
443
1230
1231
190
1233
1234
84
1236
1237
1238
1239
1240
1241
1242
1243
1244
817
1246
1247
1248
1249
1250
1251
1252
1253
1254
1255
1256
1257
1258
1259
1260
1261
1262
1149
626
1265
1266
1267
1268
1269
1270
157
1272
1273
709
1275
1276
1277
1278
1279
1051
1281
906
1283
24
956
1286
1287
1288
1289
1290
1291
1292
1293
1138
332
1296
1297
1298
1299
1300
1301
1302
1303
1304
759
1306
1307
1308
1309
1310
1311
1312
1313
1314
1315
1316
1317
1318
1319
1320
1321
671
1323
1324
1325
1326
1327
1328
1329
1330
1331
1332
1333
1334
1335
1336
1337
1338
1339
1340
1341
1342
32
1344
1345
1346
1347
1348
162
1350
824
1352
1353
1245
1355
1356
1357
1358
1359
1360
1361
1362
1363
912
858
1366
1367
1368
1369
1370
1371
1372
1373
1374
1375
1376
1235
1378
1379
1380
1381
1382
1383
1384
1385
1386
92
1388
1389
1390
1391
1392
1393
1394
1395
1396
1397
649
272
1400
963
1402
816
1404
1405
91
1407
1408
1409
1410
1411
1412
1413
1414
1415
1416
1417
1418
1419
1420
1421
1422
1423
382
1425
1426
1427
1428
1429
1430
1431
1432
1433
1434
1435
1436
1437
1438
1439
1440
633
1442
1443
1444
1445
1446
1447
1448
1449
1450
1451
1452
1453
1454
1455
1456
1457
1458
1459
1460
523
1191
1463
1464
1465
1466
1467
1468
1469
1470
1471
1472
1473
1474
1475
1476
1477
1478
1479
806
1134
1482
498
1484
1485
1486
1487
5
1489
1490
429
1492
1493
1120
1495
1496
1070
1498
1499
1500
1501
1502
1503
1504
681
1506
1507
1508
1509
1510
418
1512
1513
1514
1387
1516
764
838
1519
1520
1521
1522
1523
600
1525
1526
1527
1528
1529
1530
1531
1532
1533
1534
1535
1536
1537
625
1539
1540
1263
1542
1543
1544
1545
1546
1547
1548
1549
1550
1551
1552
1553
389
1555
1556
1557
1558
1559
1560
1561
1562
1563
1564
1565
219
1567
1568
1569
1570
1571
1572
1573
1574
1575
1576
1577
519
1579
1580
1581
1582
1583
1584
1585
1586
1587
1588
1589
537
1364
1592
1593
493
1595
1596
1597
1598
1524
1600
1601
1602
1603
1604
1605
374
1607
1608
1609
270
1164
1612
375
426
1615
1616
1617
1618
1619
1620
1621
1622
1623
1624
1625
1626
1627
1628
1629
1630
1631
1632
1633
1634
1635
344
1187
1494
1639
1640
1641
1642
1643
1644
1645
1646
1647
1648
1649
1650
1651
194
1044
1654
1655
1656
1657
1049
1659
488
1661
1285
1663
1664
1016
1666
340
1668
1229
1670
1671
1672
557
828
1675
1676
1677
1678
1679
1680
1681
1682
1683
1684
1685
1686
1687
1688
313
1690
1691
1692
1693
1694
53
1696
1697
1698
1699
1700
1701
1702
1703
1704
351
1706
1707
1708
1709
1710
1711
1712
1713
1714
1715
1716
927
1718
1719
1720
1721
1722
1723
1724
1725
1726
1727
1728
826
944
1731
1732
1733
1734
1294
1736
1737
1738
1739
1740
1695
1742
1743
1744
1745
1746
1010
1748
1749
1750
1751
52
1753
1754
1755
1052
1757
1758
1759
1760
1761
1762
1763
670
1765
1202
1767
711
1769
1770
1771
1772
1773
1774
1775
1776
1777
1778
1779
40
1781
1782
1783
1784
1785
1786
1787
1788
1789
1790
1791
1792
1793
192
1795
1796
1797
1798
1799
1800
1801
1802
1803
1804
1441
1806
1807
1808
1809
1810
1811
1812
1813
1139
1815
1816
1817
1818
1819
1820
99
1822
684
1824
1825
1826
1827
1828
1829
1830
1831
1832
1833
244
1835
1836
1837
1838
1839
1840
1841
1842
1343
1844
1845
1846
1847
1076
1849
1850
1851
1852
1853
1854
1855
1856
1083
882
1859
273
1861
1862
1863
1864
1865
1866
588
1868
1867
25
1871
1872
1873
1874
1875
1876
1877
1878
1879
1880
1881
1869
1883
1884
1885
505
1887
1888
1752
1890
1891
1892
1893
1894
1895
141
1897
1898
1899
1900
1274
1902
1903
1904
1905
1906
1907
675
1909
1910
1911
1912
1913
1914
874
1916
1917
1918
1919
1920
1921
1922
1923
1924
1805
1926
1927
1928
1929
1930
1931
1932
1933
1934
1935
1936
1937
1938
1939
1940
1941
1942
1943
1944
1945
1946
44
1948
1949
1950
1951
1952
1953
1954
1955
1956
1957
1958
1959
1960
1961
1962
897
1964
1965
1966
1967
1284
1969
1970
1971
1972
1973
1974
1975
1976
1977
1978
1979
1980
1981
1982
1983
1984
1985
1986
1517
1988
1989
1990
1991
1992
1993
1994
1741
1996
1997
1998
1999
2000
2001
2002
2003
975
2005
2006
2007
2008
2009
2010
2011
1403
2013
2014
2015
2016
2017
2018
2019
78
2021
2022
2023
2024
2025
2026
2027
2028
2029
2030
2031
2032
2033
1667
2035
2036
2037
349
2039
2040
2041
2042
2043
2044
2045
2046
2047
2048
2049
2050
2051
2038
2053
2054
2055
2056
1354
914
1689
2060
2061
2062
2063
1282
2065
82
1735
2068
2069
2070
2071
2072
2073
2074
2075
2076
2077
2078
2079
2080
2081
2082
2083
1606
2085
2086
2087
2088
2089
2090
2091
2092
2093
2094
2095
2096
2097
2098
2099
2100
2101
2102
2103
1377
2105
2106
2107
2108
2109
2110
2111
2112
2113
2114
2115
2116
2117
2118
2119
1591
1594
2122
2123
2124
2125
2126
2127
2128
2129
2130
1351
2132
2133
2134
2135
2136
2137
2138
2139
2140
2141
144
2143
2144
2142
2146
2147
2148
2149
2150
2151
2152
2153
2154
2155
2156
2157
2158
2159
2160
2161
2162
2163
76
2165
2166
2167
2168
2169
2170
2171
2172
1673
2174
2175
2176
2177
775
2179
2180
2181
2182
2183
2184
1613
2186
2187
1963
2189
2190
2191
2192
620
1947
2195
2196
2197
2198
2199
2200
2201
2202
2203
2204
2205
433
2207
2208
2209
2210
2211
2212
2213
2214
2215
1518
2217
2218
2219
2220
2221
2222
2223
2224
2225
2226
2227
2228
2229
2230
2231
2232
1169
2234
2235
2236
2237
2238
2239
2240
2241
2242
2243
2244
2245
2246
2247
2248
2249
2250
2251
2252
1107
2254
2255
2256
2257
2258
2259
2260
2261
2262
2263
2264
2265
1497
2267
2268
2269
2270
2271
2272
2273
2274
2275
2276
2277
2278
2279
2280
2281
2282
2283
2284
2206
2286
2287
1780
2289
2290
2291
1554
2293
2294
2295
1055
2297
2298
2299
2300
2301
2302
2303
2304
2305
2306
1028
2308
2309
2310
1566
2312
2313
2314
2315
2316
2317
2318
2319
2320
2321
2322
2323
2324
2325
2326
2327
2328
2329
2330
2104
2332
2333
2334
2335
2336
2337
2338
2339
2340
2341
2342
2343
1610
2345
2346
1196
2348
849
2350
2351
2352
2353
2354
2355
2356
2357
2358
2359
2360
2361
2362
2363
2364
2365
2366
2367
2368
2369
2370
2371
2372
2373
2374
894
2376
2377
2378
2379
2380
2381
2382
2383
2384
2385
2386
2387
919
2389
2390
1637
2392
2393
2394
2395
276
2397
2398
2399
2400
170
2402
2403
2404
2405
2406
2407
2408
2409
2410
2411
2412
2413
2414
2415
2416
2417
2418
2419
2420
2421
2422
2423
2424
1915
2216
2427
2428
2429
2430
2431
2432
2433
2434
2435
2436
2437
2438
2439
2440
2441
2442
2443
2444
2445
2446
2447
2448
2449
2450
2451
2452
2453
2454
2455
2456
2457
2458
2459
2460
2461
2462
988
2464
2465
2466
2467
2468
2469
2470
2471
2472
2473
2474
2475
2476
2477
2478
2479
2480
2481
2482
1730
2484
2485
2486
1653
2488
2489
2490
2491
2492
2493
2494
1834
2496
2497
2498
2499
2500
1057
2502
2503
2504
2505
2506
2507
2508
2509
2510
679
1823
2513
1860
2515
569
2517
2518
2519
2520
2521
2522
2523
2524
2525
2526
2527
2528
2529
2530
1901
2532
2533
2534
2535
2536
2537
2538
2539
2540
2541
2542
1143
2544
2545
2546
267
839
2549
2550
2551
2552
2553
2554
2555
2556
2557
2558
2559
2560
2561
2562
2563
1669
2565
2566
2567
2568
2569
2570
2571
2572
2573
2574
2575
2576
2577
2578
2579
2580
2581
2582
2583
2584
2585
2586
2587
2588
2589
2590
2591
2592
292
2594
2595
2596
2597
2598
2599
2600
2601
2602
2547
2604
2605
2606
2607
2608
2609
2185
2611
2612
2178
2614
2615
2616
2617
2618
2619
2620
2621
2622
2623
2624
2625
2626
2627
2628
2629
2630
2631
2632
2633
2634
2635
212
2637
2638
2639
2640
2641
2642
2643
2644
2645
2646
2647
2648
2649
2650
2651
447
2653
2654
2655
2656
2657
2658
2659
2660
2661
2662
2663
2664
2665
2666
2667
2668
2669
2670
2671
2672
2673
2674
2675
2676
2677
2678
2679
2680
2681
2682
2683
2684
2685
2686
2687
2688
2689
2690
2691
2692
2693
2694
2695
2696
2697
2698
2699
1768
745
2702
2703
2704
2705
2706
646
2708
2709
2710
2711
2712
2713
2714
2715
2716
2717
2718
2719
2720
2721
2722
2723
2724
2725
2726
2727
2728
2729
2730
2731
2732
2733
2734
2735
2736
2737
2738
2739
2740
2741
2742
2743
2744
2745
2746
2747
2748
2749
2750
2751
2752
2753
2754
2755
2756
2757
2758
2759
2760
2761
2762
2763
2764
2765
2766
2767
2768
761
2770
2771
2772
2773
2774
2775
2776
2777
2778
2779
2780
2781
2782
2783
2784
