300 2473 3 1
225 24 551790898
73 216 771041794
46 292 88170876
45 167 123669248
141 209 473649335
42 104 702124600
7 241 611387152
55 20 898801119
247 202 97304302
50 79 67233122
229 99 917865595
66 211 476402310
229 75 261631330
177 159 568230607
53 246 432206554
22 226 221702438
152 35 128106468
73 113 648180661
168 109 733067216
87 184 783126549
188 231 454338820
116 38 221500331
15 240 128209408
268 109 547323470
215 35 615016092
107 150 268663597
123 177 782922132
221 220 469516784
41 118 507674694
5 231 485361180
221 22 588689081
1 165 255502523
248 287 94287329
167 120 241965115
276 190 609009696
97 62 971571862
297 220 159069200
73 120 729916851
176 32 902252415
45 116 238650891
113 256 285602490
169 185 820421007
80 203 583983118
248 142 527293129
264 297 978894219
91 293 1233985
237 56 565271819
142 125 397625889
277 7 6332530
120 261 170915356
1 264 232366646
129 273 90338698
100 264 647958561
281 84 134555095
158 40 999672405
132 23 723866398
283 116 89890449
67 214 81230096
143 262 387046321
223 52 177421338
226 279 619954555
103 232 361042119
146 2 7090840
139 297 282880866
96 127 104338143
259 149 387312095
238 7 339194841
22 21 951117306
220 13 658751873
31 179 781819296
251 274 739747147
267 168 715789198
225 243 897871719
55 3 81663544
56 20 369030726
53 100 101313771
197 77 563846236
200 105 702257461
27 137 298053160
92 34 908407940
266 264 671210609
246 230 139965452
41 241 26653905
273 31 561501934
51 83 622328951
161 139 320153750
14 105 741662503
268 43 735647588
97 188 534225541
260 277 477762957
297 142 186368915
54 75 125093443
84 125 137186936
59 129 892416276
233 113 833093763
11 166 144746895
164 232 180553326
215 298 543133484
33 197 721937638
71 81 432752493
216 291 413292874
183 67 788048448
122 194 538359475
63 106 892165799
28 127 22879028
28 281 667337114
227 4 460058466
88 272 805986603
25 154 679549974
109 67 235367915
154 40 742044273
171 259 20805260
195 174 819142175
15 84 119829959
119 60 977215968
255 293 816472703
214 283 569910340
277 83 736201254
146 80 355176117
258 235 416476512
93 157 528856250
204 184 710086373
139 2 526915449
31 237 730724011
38 48 392840574
291 173 390042947
280 190 601790650
201 34 638741891
138 188 795561677
86 291 456244324
265 213 931187591
78 70 759357230
146 109 193399212
285 77 304002514
261 141 819807223
223 30 641054102
177 45 594263137
170 12 728853495
233 237 187669922
30 106 817286602
214 170 695288055
51 269 181785251
289 219 970944038
231 123 533139579
231 19 244588479
231 46 14939020
143 69 852446627
66 1 786481791
167 27 623585738
72 33 491082441
230 20 639733056
147 203 731460946
292 19 79092591
76 49 934831447
287 144 251833252
155 230 510654352
86 58 874845899
264 8 947397012
297 210 33304957
210 199 549513596
165 237 358814268
91 203 53752775
90 77 369660925
198 130 771438461
42 29 956321510
164 141 937851542
169 177 364608855
246 288 686145179
296 46 427797806
126 109 522874765
246 2 663935815
238 295 179844358
76 70 68225857
140 31 769116062
16 211 692051847
45 150 46604944
257 19 978942350
225 19 799265692
76 7 102013531
184 236 541074222
288 9 569240904
25 192 98161343
238 59 659362566
138 266 41468794
40 17 781391077
67 140 433014563
149 215 226466386
166 269 95909172
98 268 373027489
146 81 942819912
234 5 70702861
97 238 114821564
8 24 807832316
17 138 646755219
143 182 214183558
149 206 132873370
200 176 43680568
235 230 120409292
287 87 51230484
106 277 449165815
123 275 622912476
115 243 265881247
57 43 609214607
57 256 69491489
31 42 801627443
26 137 52864283
289 167 880892629
289 30 651778315
52 69 67536334
6 62 517691445
162 41 358652487
108 28 595023562
196 137 509523710
195 283 542879814
75 113 533682761
123 279 457080857
94 245 249729371
296 143 102607497
283 265 595576773
215 172 950749654
149 237 873126720
198 197 990080926
191 23 550635433
285 75 629335171
96 138 745438540
204 178 389834762
190 210 774520676
191 11 105881798
23 51 647416034
46 175 213655221
136 191 130286445
207 229 573909481
3 215 926555306
28 190 587711850
228 93 740287932
29 252 852723290
273 81 76296462
270 16 423654234
71 205 702390351
134 124 804037164
23 201 218614974
134 110 679980441
293 202 657663911
180 291 199564181
188 234 501996332
184 259 261871520
194 216 803851592
175 14 284428142
300 16 135547153
178 65 47510985
39 254 143612988
267 8 502798262
39 154 236310246
85 199 455391191
32 200 50837393
79 157 66507279
70 286 100914028
179 13 534464363
61 210 797979350
24 59 542019135
264 233 898540068
97 48 466500752
190 36 360159906
109 284 618086065
96 283 59398616
294 206 763058736
257 282 287150861
45 286 133223666
134 113 295714064
292 121 242844
132 152 699276341
163 243 871758388
17 74 304957598
42 280 776764424
206 72 843190971
36 210 489018318
100 58 386813459
282 135 349259532
117 182 328200259
284 209 963054009
135 21 295304775
187 204 299702052
5 293 682092536
132 97 572649749
286 100 312844757
120 162 97934641
283 133 345636101
191 168 821571234
168 106 292217756
22 287 552867831
293 263 73497373
298 148 347118408
163 229 1967423
114 181 202258077
244 126 5818100
68 53 553251983
157 104 869087654
108 77 274080559
232 80 536915651
294 267 838441255
268 30 505978235
183 43 861357343
278 151 35343560
4 158 685136226
101 290 784160686
135 108 629215168
61 42 823867332
37 216 418315189
272 195 16315378
255 266 656893642
300 14 654209403
226 31 141468987
262 181 205426493
35 133 434433753
138 232 869644087
153 213 134600753
35 25 615580236
186 138 790852078
285 245 498709574
170 223 578673787
186 179 926926364
173 64 538153452
109 127 271953527
223 121 922131486
121 247 745878642
49 258 964819740
61 79 404080289
83 259 920952260
104 92 761000021
126 13 87086250
273 169 54128413
240 143 910275899
69 223 559939726
136 47 978934053
22 149 643184711
46 269 294995446
292 253 253600303
210 281 705578243
273 253 463588608
220 26 328102282
84 287 197185289
170 238 905131802
30 259 177477423
283 228 715935283
105 127 969571892
86 139 342090536
73 107 904901179
270 123 919217484
36 7 469776011
252 159 248250445
40 94 308051347
54 220 693514714
88 201 90095917
174 135 946729356
286 267 49193766
40 130 362610946
132 254 946580478
256 202 866414670
57 180 908206059
18 229 313068687
10 26 707776547
291 298 200085214
88 200 670889563
227 71 410349421
123 162 584455818
85 65 384565997
80 88 496066290
125 276 152214064
131 265 651062368
123 21 499465232
249 297 511447729
81 125 62752654
274 254 88480152
78 240 442921021
73 118 285006751
241 269 10575585
275 16 343095659
56 229 487549522
67 201 870201667
70 10 851365542
147 189 530815699
53 103 915511950
114 41 734365996
276 194 886635776
8 169 795423502
154 281 504018710
142 129 871278441
138 70 285515829
235 158 532740641
166 175 248407153
132 227 422418193
273 195 128440624
99 38 434821459
131 108 173768205
93 119 961467581
56 150 42254334
245 110 463594413
201 58 522463928
67 56 787299081
130 161 5735505
248 12 930828417
100 153 677062439
192 175 557896471
57 177 571627520
221 287 866896352
82 124 364604018
155 257 349366027
89 246 651351429
16 198 750863138
107 220 717299862
71 221 131020432
274 113 651271293
128 117 474259810
77 122 236529906
166 286 1358673
54 31 585390124
59 74 566569984
56 284 996583114
80 177 208505729
179 44 337836534
265 103 124928285
71 74 933536711
80 221 676722260
90 146 457253351
16 195 209293858
239 265 740815989
178 82 568056963
140 201 292088620
18 71 475212857
230 186 952498884
253 163 986091724
3 195 537245848
150 189 698472146
288 169 175518856
77 44 560640624
220 264 765254944
208 42 47360032
156 293 478489081
83 65 950923188
239 209 650655839
42 71 556969370
137 105 264506932
18 115 169568352
242 8 572656915
56 296 263782522
285 267 743468984
207 257 197974595
266 90 411135902
112 39 9444929
296 76 17550569
51 214 555591085
142 169 518706310
122 228 690201393
251 230 417905808
46 219 776492531
261 132 818076917
117 125 930091729
229 98 185630809
73 117 749819886
285 175 44095289
248 209 535546989
278 276 211138387
246 229 877722236
102 103 923548485
226 233 871882132
191 68 955152500
2 237 89743614
189 2 587529007
262 75 538776216
290 296 514653971
99 219 127192025
140 297 231583664
130 56 97617681
224 206 720937836
154 92 657625333
76 23 605167783
270 228 116609627
128 41 834101536
292 282 534456897
101 195 898132374
133 72 139232275
113 119 465277874
52 189 324698156
1 285 654000163
94 260 102065309
64 170 27703562
219 9 667704878
17 142 942219417
36 277 683634593
185 233 177816054
180 247 608609085
290 138 107161700
297 260 963825802
219 188 565435044
152 256 848968792
287 101 587845785
150 16 10546950
114 162 462714666
148 74 168070912
185 108 747133547
20 23 235485577
97 65 608135167
272 133 805679546
293 246 72811447
83 153 539267017
289 176 181224574
204 250 731837070
251 12 415590265
267 74 390009667
74 138 602751850
205 271 489331595
247 106 564642901
244 167 780337589
48 282 881725797
257 41 581195073
87 286 896809231
130 250 704062882
73 237 780074871
293 187 945338693
9 148 640926995
161 36 182154449
174 189 619212686
52 289 264095408
114 77 220942574
44 66 813338830
247 201 224044280
161 297 703222944
101 27 295696082
45 159 218205544
284 116 168463082
186 154 748096182
275 231 94365462
181 122 366474545
171 68 612173053
156 106 888426391
139 260 588122292
206 245 23596034
124 47 810749355
47 4 615812460
205 281 51341770
134 154 867925364
266 12 385929942
268 29 225752673
39 286 471543833
195 290 146204519
295 254 512436290
266 225 361813801
70 222 307480969
188 269 665762943
273 241 421733398
152 100 704574328
20 257 724417187
6 125 150153378
220 239 770839903
242 52 657993864
240 268 705876245
225 275 436599675
11 5 46023821
265 255 841366421
131 152 416395826
76 210 371209978
139 55 274685429
210 86 401096289
32 92 487238512
240 168 708399058
89 255 425632845
252 111 773726129
289 189 545199848
250 272 699494394
2 163 329176882
226 157 760740301
41 221 282097113
234 4 727298861
65 113 739119013
204 132 988265220
29 165 299452709
213 4 477877098
196 264 599718538
144 127 840053798
9 137 499936722
180 50 160385908
58 172 899347240
20 99 979799816
254 157 294207370
208 179 163103058
234 109 119513516
22 163 274823940
246 80 870954267
36 17 914323152
280 65 817241509
223 199 70859126
114 176 289803000
99 22 869926397
22 288 502550665
148 237 168758848
58 218 594322359
97 117 859479467
141 52 76672559
288 160 946247238
153 37 685309585
120 88 703220723
258 98 213463379
68 232 222227443
28 233 562094566
170 80 104607406
177 85 148102678
128 294 419115443
67 46 106788278
267 282 963085308
166 186 86787707
117 91 800109687
129 282 455808040
211 249 996177601
24 39 857038059
136 66 739526196
170 99 343079943
127 159 407816483
219 151 5849266
133 59 456236131
22 236 483249471
217 286 407580942
229 9 308369024
280 226 172580483
300 245 622399333
91 174 958982320
77 270 611106536
50 284 753439891
168 275 599671853
244 270 891209469
245 144 561151716
59 149 624394648
101 224 638566385
170 250 350681132
212 96 807474767
136 271 170310685
140 173 792371761
117 296 311966775
189 258 323933289
255 105 380142254
275 250 596424717
233 181 851150175
133 115 62200407
267 230 356058204
83 8 116527309
262 51 64901287
20 125 917240737
213 65 134980924
153 116 440287834
54 297 167434324
225 30 980780723
115 217 166961384
133 146 644496834
121 248 205333107
60 81 416609628
199 176 494784252
56 149 353051063
35 264 693800787
54 229 558045009
292 242 214003098
122 61 781495057
146 175 568911367
20 14 899185835
286 229 849369063
208 178 152245064
273 85 666851557
283 94 398466149
73 139 443151499
271 88 378587898
189 104 594080265
70 298 60989663
23 65 843958837
13 70 389258347
275 32 511268307
42 114 358552158
128 217 256460821
140 280 661756416
214 149 151574372
112 193 889260425
68 43 671879776
135 27 383353027
101 172 260603174
134 255 158177261
36 250 708658896
241 228 876782307
165 177 167580993
250 144 494558331
221 95 914942241
63 89 845101104
255 16 443729446
253 219 990080005
140 202 205785493
64 48 121566371
285 194 162844936
196 75 944935364
165 7 258170737
107 177 556199636
138 43 169497182
163 108 696982485
97 167 175158654
53 33 872136322
254 231 889087587
249 292 171588023
254 21 961103497
154 78 946186511
213 273 493190038
286 225 226490062
239 147 969314275
127 198 676348929
13 138 914149178
224 158 13980900
117 292 893186529
183 240 718465923
119 5 327010775
24 180 496046755
203 251 466283613
117 229 159410913
116 73 967830967
73 158 750745628
226 75 423154995
299 224 582804752
227 232 385244522
85 279 308196674
291 184 387494597
3 64 804060451
59 184 308405315
251 285 813442672
10 20 97343608
95 220 796241623
27 271 811672792
117 22 654522079
4 131 541096245
126 212 714304776
248 219 15161221
152 40 867696945
246 153 970803177
15 149 421064762
89 23 969343210
33 15 653506025
166 69 629927429
110 212 844869393
268 34 118378089
17 206 742774256
141 63 805181950
214 196 494712537
26 180 396725417
197 260 514917138
163 201 671642062
141 25 359270911
234 181 525703190
93 150 738784895
153 89 94539633
157 38 341714581
66 37 575432542
23 284 972134730
72 53 295410537
107 250 165121746
191 48 422229493
16 47 734722797
202 11 71294267
19 262 469911952
36 264 801593490
251 111 667164612
188 24 65138160
4 205 391120076
191 291 817319856
123 289 992021901
243 33 868603029
112 64 623355946
256 244 1606670
277 213 843017198
93 170 572088507
191 180 782917999
14 188 236048687
293 213 736949999
244 183 715991799
247 92 412685061
227 300 396270555
256 180 798691196
144 8 954827619
251 163 196905594
167 177 909238940
18 97 653362148
291 294 802801692
59 286 206309633
135 171 538585154
213 133 41980509
184 118 565276098
269 36 172116463
5 244 773008480
300 250 795149693
151 237 340973051
190 80 695053119
258 249 200459724
142 66 268479682
140 23 324305903
13 125 462818831
30 73 28312355
284 242 644979468
220 274 131235533
156 113 834936097
191 205 708048706
160 99 983894814
177 259 585972293
172 175 700904795
68 20 356261838
15 267 7022112
95 299 826461965
11 26 902296135
271 187 741177773
91 53 202927647
204 49 892643165
268 114 457225364
292 219 838305675
231 154 69161612
23 103 251368818
29 84 434868883
132 24 925715543
189 35 621849273
18 142 196982286
58 7 926985402
82 300 912656835
117 107 298015840
170 148 801840374
65 40 499294245
12 214 761909959
152 118 99058715
102 224 341876083
27 251 134782736
298 230 780307486
15 62 64462316
2 15 120915154
206 108 483801438
173 284 579408583
84 97 458678199
177 238 404118244
33 137 851535125
163 20 533888645
103 184 277921731
242 188 348590718
189 42 820653792
70 33 648016480
287 106 926048574
230 46 40010746
262 15 371670155
231 268 276874018
166 253 486633654
1 130 738795957
61 132 847382923
73 234 886020059
14 110 206545056
98 182 206105743
36 174 481133428
22 101 805870686
299 112 519094228
108 40 917741678
88 170 365036160
95 88 733815745
171 265 38108687
299 62 822006971
174 73 780540431
108 127 6004449
89 202 203105391
3 290 133794531
164 145 830713121
298 94 596126940
246 136 893007867
283 13 13564631
240 189 768455390
53 167 489346965
225 182 250893849
129 16 371789196
40 192 830868239
67 152 583228979
80 134 466955030
93 253 544671612
103 55 467676834
288 243 930397602
67 97 851268258
54 42 654191396
191 116 115555881
173 237 326873360
188 163 165913169
224 141 732825988
141 20 724746843
172 178 787967089
193 104 6326811
121 54 13936802
271 83 248653970
283 188 749567740
55 237 183528156
138 89 942667271
22 100 173433676
93 110 435703212
151 95 349234901
94 82 583719744
221 129 812229291
247 27 824731585
269 29 634705961
240 221 87599710
151 282 542288117
193 160 583144252
38 108 896407393
29 152 55741559
150 76 820022548
8 231 923467110
121 70 686577641
43 146 476575779
272 11 731189526
144 115 664246089
188 272 203916944
3 299 741559295
153 139 900051630
83 191 919526453
287 52 380442124
158 49 690450221
73 4 59471281
196 281 367842365
221 43 76570484
138 100 416486354
125 281 44410011
297 196 389130424
214 134 109143236
266 186 375129495
152 292 814686984
46 44 397936320
145 73 342889820
32 149 487865385
149 161 963571259
211 153 139865526
22 37 387118721
179 286 633533370
64 77 601629594
113 59 120651708
264 260 219508187
122 283 76943229
82 192 267435311
24 191 924452921
39 237 446424053
278 232 918037549
190 170 761638441
79 133 495503449
86 61 950288065
105 185 621451911
79 273 716254553
283 69 968618379
251 17 996482577
37 294 48174539
54 195 904777142
154 33 987247617
137 239 440997919
258 92 299064383
241 62 240018137
66 224 94428979
92 72 48753670
123 217 997064620
51 184 894207361
85 22 831602268
296 13 161506886
3 144 34329055
223 9 995308049
42 33 130703099
199 283 544479044
180 29 243072809
140 192 847760653
105 131 930757460
154 91 687409095
89 98 6568160
218 114 92278689
269 69 912504045
279 193 753595261
170 162 825201116
201 46 338490394
21 60 436529425
44 84 491686772
164 114 545211642
166 150 115817578
30 7 594730832
204 97 51305121
218 176 298233245
243 113 354984
147 19 637852669
157 197 769627228
167 44 353533480
77 123 790003086
63 236 261592751
30 16 188632802
112 108 521552005
68 47 325192953
155 122 106179264
274 55 512868818
277 241 676395681
63 147 867471981
150 134 738624977
252 73 383551153
253 150 750638317
175 108 369366927
100 137 767044164
132 172 551638886
125 269 446976735
62 295 288188584
298 102 247369153
138 243 589746366
192 199 805153135
5 228 966711081
105 281 381316530
28 2 419195113
288 75 376396698
101 64 973032481
281 246 242655174
110 139 978541051
14 298 791380707
129 283 856128713
254 182 605458545
55 97 912682604
88 157 541241293
126 59 346136313
167 227 145797995
171 14 687654809
283 35 511166562
46 246 24000944
165 211 235435053
146 79 688643136
164 230 462404271
182 164 69769615
206 201 636964471
135 201 280882440
254 26 84217669
53 66 419975006
193 216 580930765
259 62 128901879
193 150 74832826
97 68 679885447
171 180 233849077
265 300 211871226
102 154 93992742
87 181 629210006
174 109 904749690
253 119 289017184
168 209 829516455
267 84 186403519
126 55 657851692
233 96 68434015
79 24 292025309
64 6 26031192
141 193 388053918
126 258 401859214
121 69 522855278
215 254 196185434
196 222 408765863
113 181 287975529
161 50 851220355
214 59 19184100
250 123 791031522
230 159 492967889
180 213 798893641
56 121 697203640
53 184 930441005
144 37 163264137
14 22 737787506
291 16 606002876
75 254 331409198
156 43 428738234
169 41 112361905
176 298 952786811
243 129 385624777
75 155 645625711
287 17 489712449
161 175 335315362
160 108 489119659
267 165 441857818
256 184 112187999
242 192 864095363
203 170 647507395
74 106 112479758
99 263 914190027
121 28 367604117
42 23 318904259
284 194 713860354
152 298 461492556
273 167 728446193
119 38 333635491
168 178 696404372
186 32 188978217
42 85 947379159
117 47 71045407
185 298 447310020
232 48 860303280
135 115 49351975
19 98 549082164
235 75 184756597
69 34 628192946
269 169 549646825
212 163 255173543
80 14 529899759
57 288 715143429
298 48 654887366
107 129 595694462
16 157 881558368
24 292 33794561
149 273 989823372
136 187 717497732
228 300 903909974
283 274 968939268
267 157 536494509
251 174 589690313
46 160 125506374
8 87 797769710
161 238 959935168
29 229 434900256
47 90 183234057
186 293 600791461
55 6 431363071
147 212 771983264
267 30 325246298
257 77 951644819
142 105 2056136
243 72 190429476
197 281 667217753
62 23 297892131
129 270 66347037
129 235 912393163
9 71 293754378
9 295 886637127
61 247 246256931
135 163 960779896
199 178 997395927
144 156 158945781
178 1 746397094
43 139 970554195
219 75 687501834
277 272 139024293
18 106 251503508
226 190 640335430
192 23 410203476
283 27 462564565
284 91 702014590
180 221 974755200
266 228 58097737
216 26 222854533
198 107 184895002
216 242 995092982
239 191 280973281
202 82 843870396
72 290 133890243
194 238 193889757
115 126 167204857
45 227 561409281
155 6 644539895
249 53 187774769
18 87 717984720
229 100 463545058
216 46 118568152
172 171 414276146
275 24 177865354
260 78 106044272
138 234 672997036
166 108 902745570
43 143 68456369
220 69 742138049
132 89 381081949
163 217 75950216
210 236 280258991
17 293 622405741
27 73 955931130
164 170 944738351
206 277 396589652
148 226 353565202
95 242 482861876
153 178 295943463
187 85 614189910
228 111 416148433
215 210 79240674
158 294 663591555
245 33 341458124
71 50 46976206
208 154 127741821
204 262 940470426
132 286 692879795
279 118 117794739
66 133 81822885
93 37 11217799
7 41 951175786
209 44 549226285
184 207 326016410
101 50 675627945
102 115 192220469
108 145 882771054
20 187 661726915
246 268 262701091
80 99 596246717
28 191 457905578
21 66 346829099
216 160 810842461
80 143 614337165
159 53 292748442
87 141 539826431
65 154 275876737
78 156 372284311
29 40 536829692
245 52 91893777
210 27 478703359
96 131 960481966
249 71 456803600
148 252 524925528
9 77 623170825
64 41 907333386
239 252 801525788
97 146 379133038
170 199 733715992
139 275 440359623
186 73 772990186
131 121 508775440
264 162 106064485
29 140 895998821
50 261 345606213
237 288 989775010
286 181 911148657
15 191 519486025
118 209 908201343
33 157 125329321
1 255 131534717
92 263 68899643
227 155 886117614
244 141 716826446
171 108 822481939
73 110 416385255
185 100 901623915
211 203 214108898
94 243 24813691
124 126 122466652
33 1 154726865
170 112 134671188
207 243 883375430
3 23 291241615
86 6 56612740
25 289 957928381
98 204 483670984
76 149 155458265
38 77 234223335
289 217 131892181
209 59 302937237
129 207 381530485
215 68 848366309
164 25 985479802
160 272 124424715
121 192 945024771
144 225 371858025
202 47 375676464
246 224 85535944
13 176 87629320
238 83 601454821
290 164 128536988
201 280 875925040
251 112 19648364
257 227 136409295
226 83 959009288
266 4 147165416
6 170 615252218
41 26 923490848
235 27 82724835
196 238 911744350
110 224 395371491
143 20 625226963
126 291 784362302
291 274 62618686
41 225 179483963
184 149 715621740
45 117 77701711
150 178 589650174
25 7 426791035
110 179 619776878
118 173 792602098
259 300 366429267
76 237 137754622
66 81 35963364
133 30 579405347
69 173 93114042
293 79 110435716
260 156 298647001
115 235 716115589
215 1 710828272
285 159 510278833
233 243 730045152
134 69 288103646
123 221 291865722
80 33 950341519
274 84 439056780
66 299 213325720
82 263 858521630
31 87 41673992
197 46 530752505
42 74 565480002
49 215 648181864
119 264 709885805
38 182 889674818
216 182 834016781
241 13 4836391
114 179 666321650
237 213 823515400
65 66 400232528
205 130 199650541
195 55 377840687
273 269 589574642
12 67 544256261
112 12 811699602
104 242 676410528
8 105 974780455
67 163 782969161
172 286 449000625
31 240 271059750
266 289 613634773
296 254 163041760
83 228 747414825
119 281 254268037
271 42 522562990
128 77 751746478
295 191 819948701
168 258 30518756
15 239 428215654
160 87 61026879
115 41 573585909
212 52 446760271
70 192 987917366
230 168 698242624
26 282 479526363
146 279 988414008
102 82 289661532
37 141 727751683
84 7 307692863
170 51 421730290
233 98 233714329
109 261 328735231
134 297 728460756
80 193 725684789
207 34 794109617
209 70 977103182
148 242 807293584
18 132 760667549
227 55 916555759
145 24 414970926
114 202 777259568
298 153 466720299
87 106 569013150
245 220 360124545
9 115 266698673
205 41 415189442
283 3 765676945
182 213 941486156
259 289 718470872
192 298 98366123
283 130 558952092
137 232 816995387
138 229 282461867
284 294 958547474
3 282 187971352
55 299 443690524
126 78 208495606
68 118 393094278
203 272 106752355
238 300 491902304
131 220 519449032
203 285 985148029
31 177 336140894
123 241 36943773
210 179 705842675
90 61 508494029
234 132 638325741
220 34 636025102
273 123 433758095
79 29 186252597
257 11 482543994
221 173 834183441
26 234 89853815
114 107 756912850
291 249 181758579
161 298 580753064
118 190 581683914
102 88 819548330
48 275 350982856
27 127 121017593
142 35 805387115
171 3 782794789
191 49 508591982
75 116 238164430
50 23 677539458
76 113 69740430
244 85 825999070
28 73 47866390
10 281 226706170
291 167 140039318
206 187 108239766
66 109 246182498
146 9 663798784
72 237 14225618
218 62 710262935
289 2 338228073
251 137 80552330
248 28 725996088
33 138 378208741
109 118 567916676
197 11 648736462
278 266 322221990
172 51 699579147
105 230 860369458
103 136 34725062
35 82 359385947
145 97 516803476
78 176 145320598
223 219 534837427
107 296 245646204
285 152 895661971
156 171 978762740
289 121 280097431
179 277 64823952
47 144 35449884
167 162 397361975
188 45 74153913
241 176 313917445
275 118 750548936
68 182 426240110
35 37 143101733
129 23 939663017
38 15 461672757
113 112 641304395
152 137 967169066
300 100 31894833
40 268 973688708
215 166 219691939
93 269 412275418
242 117 870866613
289 228 875714265
157 189 687688176
123 149 205367949
164 29 295894834
190 117 41275103
186 12 37580242
53 141 620491358
292 244 853493255
240 154 377260353
128 140 364291721
93 154 83930540
247 15 75886200
184 215 756635186
247 111 885211005
268 209 274986651
135 158 479493679
114 1 284661990
289 184 305251511
300 80 144731281
243 156 118591925
168 2 532256791
255 36 659463013
146 299 441620153
80 26 211329789
203 111 816317569
278 20 668118618
183 264 896050307
38 62 540438490
6 171 864857957
150 7 747440779
79 159 635421730
39 168 332971652
32 73 410935562
280 40 75866003
201 249 30460684
129 60 355261976
182 226 709347639
9 134 210497072
285 162 868842110
207 283 359444757
216 288 312207803
129 245 649975491
136 226 19548150
68 115 177500127
20 118 235130598
245 56 217156052
274 46 789297079
256 58 538048831
273 110 20829197
116 279 854972556
171 46 204323656
216 146 646223585
73 287 505180681
223 147 449339194
194 231 983092213
271 28 363394004
2 32 292114872
167 283 156105167
267 160 855676749
44 276 372669198
229 189 491158139
60 26 753435233
63 148 388753314
133 270 876531686
233 87 131520183
222 201 346102187
154 158 268533388
240 114 128347288
42 175 689878100
185 42 217377164
287 281 254812518
278 299 336731333
233 80 326496577
267 68 205295492
211 143 860960720
90 17 99599344
272 70 725517806
68 137 164300602
249 58 278325803
5 212 354980353
138 3 670515152
14 174 889410808
83 274 454855200
295 6 213113798
153 35 205263328
104 138 835119149
138 197 498989849
43 41 453178733
208 34 226390300
208 267 128146410
72 108 973059783
216 212 245571852
224 22 562864901
241 265 532269926
240 106 86196634
57 159 858469658
229 94 580414496
271 20 300119674
148 268 444855116
34 255 245319923
19 8 464282741
297 195 802032678
22 58 985264471
128 67 223149399
255 97 864434707
276 200 834570506
279 159 678187386
187 59 734249707
254 97 130489738
40 180 932369902
119 81 768672824
71 148 893352630
13 221 514219119
56 259 499551802
145 131 235393368
11 75 98784422
195 99 302594012
279 288 44473470
220 241 488327270
47 276 372386313
2 222 408070893
112 51 907647212
95 253 139456305
232 85 962358292
57 99 49817412
77 62 783211481
108 114 457085003
148 110 686880352
10 5 425184645
250 179 237363264
148 10 459778956
84 16 658726759
256 242 366568923
125 74 411330622
143 286 902566032
78 50 647190795
173 53 59820145
72 219 638309783
86 28 984855348
165 192 173366032
208 129 419343354
243 16 986895408
178 138 962057756
263 256 33542557
91 40 813227050
138 200 127902355
68 124 396556080
238 284 996505535
107 214 973593659
21 229 528854638
275 83 640612891
163 280 970482151
181 91 258561897
256 197 919524628
122 86 278782667
110 295 36906087
18 40 310804854
200 74 501022202
225 212 858598388
72 276 383166456
235 245 300310311
279 54 4947259
21 61 142265229
242 263 413841462
161 205 143055044
122 1 92108821
123 181 218326865
188 68 173746722
288 125 248689308
144 141 364220266
293 266 192374078
271 192 979303584
233 263 398999935
96 77 369920064
224 125 335504922
204 3 308466423
289 55 387548994
124 26 346818625
183 17 171462633
130 45 402064724
154 276 873946943
185 14 161271356
131 127 543224440
284 105 621550918
152 227 777021138
252 13 577675938
148 142 990561750
274 218 373662275
274 294 51234269
151 239 748673034
127 82 189919957
165 67 51052066
114 139 991760197
91 30 570641325
31 221 192381837
49 18 616071072
49 250 290044786
210 277 479089130
103 49 73289690
295 221 451107547
48 75 259132627
202 187 460233923
80 297 879721433
107 295 863389657
43 275 381358680
23 261 104069215
200 228 730540655
203 169 426686210
31 165 932296182
37 113 46280582
214 276 463662530
206 47 758783394
148 47 850943783
36 168 369560104
242 90 644587453
297 223 338023529
188 256 560948583
241 133 28728790
147 73 337475217
292 91 683593194
158 148 826431160
294 156 962132551
287 164 873557295
251 292 299519775
231 290 464292895
292 200 254193621
155 288 526338510
147 235 219999715
261 87 624091172
108 236 651123197
158 259 465110635
258 183 605347191
15 250 635101014
262 106 362250211
28 107 87330628
131 297 989653758
184 68 354725573
143 58 344449739
201 192 2642780
179 141 818110464
83 156 385891462
223 120 162512033
177 210 788882683
222 84 676961003
258 23 195428403
26 70 155796594
135 249 236935723
250 217 241129869
84 50 75047784
286 104 621912305
145 299 88789308
183 140 413866395
69 219 719403079
217 96 215104755
226 110 190995776
31 262 424388398
205 183 381669877
87 230 994805235
56 180 819465872
157 90 957012289
34 31 524154651
27 183 719584399
242 152 118281029
184 145 673871412
182 66 511018085
167 235 831586569
63 229 905944511
10 24 458426956
47 163 131141382
7 212 396756423
213 119 586337058
73 262 996813360
239 271 310949171
142 79 290883539
240 63 298734036
198 294 688407918
39 133 510796451
196 23 898448731
42 229 982310913
155 41 834913012
66 253 664283926
270 241 236716594
105 291 13488663
113 98 248153495
123 286 4427467
126 164 462059597
124 35 704830282
14 198 144293007
39 233 342445320
45 285 742740552
162 226 259808785
263 120 814307833
73 152 131584661
179 258 79615967
165 4 311872679
49 174 489701716
126 272 490024001
65 21 437653109
253 43 392069515
129 293 847180804
8 132 797714780
36 245 545584016
212 148 23523328
198 283 655999955
152 45 517669947
51 18 759207770
100 174 336494222
249 161 91975531
5 299 603699384
279 21 852649762
68 272 738048383
5 78 627931357
185 288 346402480
76 161 152285145
133 27 802508643
234 9 597626909
118 162 579555971
38 159 912930966
224 35 222010764
92 232 455662979
264 215 281181078
193 68 976579858
107 192 221266579
284 265 207782475
199 64 73139412
72 93 748744749
294 61 550008529
169 202 733578006
193 154 153711401
260 201 260279399
94 47 465972967
168 159 606761063
32 192 344812038
294 57 937853543
294 259 269755959
67 156 173036839
71 140 455264736
175 186 301513592
55 137 395424104
214 181 171494178
294 129 483202737
274 152 672446983
160 40 726938341
30 130 136406408
193 9 588765814
233 90 961996327
85 6 342287199
205 249 445050732
177 59 840816559
30 273 392751629
275 75 927031879
7 129 392802888
258 186 395093473
11 93 699827347
51 155 933720661
96 9 655975032
87 195 210231831
294 59 612104121
124 105 118741508
136 101 344912314
226 149 345296733
272 64 712545568
170 108 881363987
263 139 608251828
141 205 936014660
273 270 453300877
8 62 296997893
61 99 412462702
185 223 909777506
244 179 634797676
2 257 700776610
228 290 197071572
147 224 151455438
200 258 588994122
54 6 856242804
270 224 760222005
169 193 828499112
84 93 630256474
143 168 667742283
1 277 680896455
243 69 579010191
271 245 804335858
110 272 616044986
270 160 734633760
115 196 898094121
129 65 938581771
207 18 684350871
294 12 467569342
198 73 817203871
9 273 437460676
142 276 502228094
125 189 832707457
96 30 115647774
132 258 518494430
120 208 369537359
189 93 29108780
163 156 581498199
116 7 925665857
252 276 184767916
46 24 981240807
63 182 180376063
292 63 659468407
209 62 72597116
110 76 573121728
24 153 583266128
158 205 211197996
271 138 945096299
241 5 527256101
170 60 627760006
13 96 48849332
88 4 500045927
95 174 97795947
239 240 454391651
69 274 844640133
26 72 413957156
232 83 489388619
226 68 619330732
261 287 172310712
219 180 758629529
190 192 781103455
254 119 785826986
278 286 144537996
192 103 449707649
25 45 872405161
255 250 299915946
76 192 755614691
61 155 258972892
146 234 969932301
113 165 644211325
265 108 503080388
10 227 553569643
79 13 477986258
79 55 427980537
66 94 589880791
74 151 826800439
140 91 230146854
223 264 382092406
127 48 71180780
221 109 161633546
160 109 663868567
115 114 508433745
270 257 553502580
97 22 739828212
248 126 92420762
78 206 672926828
30 188 396649478
97 233 873863112
120 221 560683527
146 48 51576236
294 200 431999964
87 152 242116508
276 7 36451483
117 201 108200570
50 76 720008275
55 119 445902925
149 280 46452084
208 189 957982275
150 227 801807983
298 269 648986360
71 156 706364313
187 209 652453624
178 214 167237460
18 236 884728706
256 173 216142448
25 80 875655055
1 73 785385166
270 217 314384146
124 50 616997958
296 8 283274368
247 170 455671754
45 149 196163217
215 267 59328715
281 155 78783048
278 118 499819227
73 240 399953713
181 54 693073811
153 82 976480233
92 16 594932406
84 39 674562275
249 290 277402262
254 89 668978024
221 254 121411254
274 27 959946975
111 50 170301104
229 16 340955726
102 289 701949273
206 231 228735008
45 112 990412322
3 153 58656296
43 278 874415808
4 289 834396645
36 65 94359823
111 3 155248903
247 150 90766643
19 252 199968306
76 195 270125568
276 193 232551425
196 8 980897179
141 115 662218317
214 298 676566113
162 124 585852846
160 192 577555463
268 123 794699073
236 261 560917761
170 280 777146027
145 126 25103399
187 109 678115934
3 25 582762134
80 289 714074651
84 206 184388564
224 263 4413879
130 83 484895799
149 157 742238241
178 161 369528710
123 254 985165474
29 51 282567648
157 40 243922023
76 234 430473436
121 209 859315260
250 230 690329329
208 194 333200026
228 168 236002584
53 117 874179043
174 122 387917487
61 43 916368619
68 144 120251808
19 101 481281466
42 167 218083010
54 24 749695631
197 51 437014655
218 40 221261608
75 10 120959926
159 132 371379776
297 226 25817825
189 81 883931993
217 192 299157370
56 242 684036795
80 270 938840986
185 167 511180731
87 84 497071075
5 162 56249664
174 42 874745760
208 195 13594755
52 295 495476522
176 214 359889429
238 268 666809485
56 77 127478054
125 52 611332202
123 269 989146883
257 154 491514654
287 105 939555040
174 222 282037795
189 220 9234903
257 84 398632374
297 262 642218288
259 68 569923258
34 172 169226466
45 252 703959260
95 40 719901786
170 120 822274294
249 220 318219130
29 25 137448888
223 238 718922724
50 256 115242117
254 134 749842039
221 96 707517082
119 272 977612569
134 126 972367989
200 231 960331959
28 122 490550643
125 28 616148361
126 81 506053051
166 81 602916250
171 76 133473883
246 138 844241287
183 137 288690607
101 97 258537862
226 47 577987593
186 228 76710058
7 156 415276174
289 63 734172260
149 270 722198110
45 179 217865292
21 188 943598071
214 232 45711393
4 27 425168090
183 174 894011918
263 74 689019247
231 42 155577134
250 174 265782565
28 147 706458194
57 71 257210077
22 214 945754881
66 169 57252232
231 273 675644095
46 206 16899342
293 41 538245266
95 259 342919025
212 95 410596033
130 140 981484082
223 237 550298335
14 106 78888947
213 199 135494151
242 225 678449245
69 127 386213736
253 242 97077827
127 289 731387651
151 53 806487559
237 248 820038323
208 293 68294204
242 201 841850221
133 247 617500813
209 279 726500041
68 138 485301980
234 116 996292289
92 160 901590701
198 63 711047607
259 214 802429637
281 143 713312956
212 123 355253518
276 107 805539343
188 196 986240189
81 223 184499683
180 254 505609910
25 39 514512228
90 26 20980270
272 191 862774780
131 208 726953874
68 278 742759121
36 249 567755175
221 248 624101522
33 205 520567537
57 194 318786931
115 72 645587289
175 187 57450869
202 288 708253705
78 160 373810410
85 152 127789978
226 84 243722040
29 135 825386609
293 189 220805596
94 131 855904101
166 18 8100274
99 77 963347109
76 93 181492850
148 25 959050457
49 178 735598205
2 33 391334534
290 68 602965722
167 112 99218870
222 133 310092154
229 250 783487959
285 113 495946691
66 63 152319459
112 59 796418379
116 69 990581441
133 229 602348260
90 180 331276778
212 187 310595032
255 25 577670224
183 161 441271157
298 106 648010106
70 161 277127371
99 56 965919987
83 240 324613299
250 24 44400613
140 277 956865556
89 40 807624960
250 226 272309345
216 239 939996319
229 233 724681317
94 108 549626157
81 290 699855682
218 233 978896325
241 53 673350070
2 24 854628632
53 219 941510048
128 188 597469843
157 289 963459522
77 151 219089857
160 145 621632968
19 86 102812653
158 32 829931657
103 216 966967307
138 53 536325772
239 295 688696023
105 179 666621644
171 130 537411902
78 182 76036543
25 102 321524477
34 259 329010324
13 52 998216072
154 142 686141628
28 152 76598060
297 234 914662316
24 223 352560759
35 60 823071456
269 287 194303959
68 222 960227362
13 136 334956416
135 207 349617164
70 206 902631827
228 248 86990538
219 192 639098492
260 226 667447076
73 283 432123803
219 67 673594811
145 76 906972710
105 225 854871186
44 53 349385292
82 209 309194960
44 183 682493598
226 253 790046915
29 244 867471274
122 75 893171240
276 42 81971688
270 281 296642217
198 29 907099098
189 25 152522918
273 148 465520750
261 66 627915319
75 41 794903974
213 260 46764657
11 34 104388986
108 245 376213224
112 91 969082108
253 132 709705589
258 70 206543293
107 84 524251193
70 288 124854127
112 107 941778913
28 284 997818315
8 241 279020075
201 228 899259061
189 186 511067303
125 78 633174172
17 213 463021506
290 45 753755943
262 278 949057536
33 288 499630093
226 267 304830856
53 126 168484932
56 80 401419749
92 52 597054813
68 207 281403402
105 220 331793198
181 142 24981655
183 181 906644913
196 280 973183066
51 25 868205867
291 77 67356439
281 78 399001744
30 196 328486027
298 284 621346341
143 66 477323694
254 222 507995239
293 121 704311353
109 1 855282987
9 73 521961575
77 179 352551686
269 264 174942462
43 254 577109230
252 100 243284880
275 73 69456416
257 208 26942718
126 94 601843780
85 165 602312253
286 93 562546127
212 34 734711644
150 179 702818473
239 99 920855749
235 200 181566735
99 111 176970434
152 116 943374521
259 154 793700675
90 103 422685247
184 155 694736350
202 54 365717175
128 182 843191318
273 178 189495715
132 157 26333151
72 187 924911370
64 11 146744929
120 191 906333668
248 145 542381820
5 31 362486458
67 60 902319756
166 125 310616718
62 52 180503277
256 289 969556983
90 235 599189697
140 122 867340432
111 114 537048432
91 126 366552211
142 156 89795440
116 200 408852160
78 228 755770053
10 95 905705091
144 59 855417291
58 84 683084373
20 74 306354739
200 175 586032737
36 287 376262218
296 73 402648939
21 69 795225729
234 211 146840557
61 92 701923113
1 230 579136898
287 65 908441725
290 76 179388040
281 102 878843109
7 273 694311935
180 52 106744697
155 77 290318263
249 234 50974915
64 219 908388522
204 131 682542537
259 226 862590374
188 1 97722185
105 119 940103215
160 128 543890758
266 188 417206178
241 124 6181571
275 108 420026013
71 143 116220366
214 31 178055326
289 130 490790335
284 229 90299370
202 229 986991553
14 168 116812719
105 277 297036689
78 116 503770732
33 6 452446342
15 85 19708560
118 281 651326672
225 101 284611425
39 88 618412292
6 243 425748511
285 257 188762071
121 85 472497512
291 53 179060777
135 148 454511838
99 268 334373701
272 249 293276422
165 46 742891879
101 35 780457843
22 136 56622717
261 94 593527587
100 93 540978
257 295 144375080
222 125 107765799
102 297 283538314
5 73 65773443
224 191 475300459
235 123 161304749
157 229 552126316
81 4 267419224
256 219 466904911
211 29 69020351
76 20 669610973
122 193 475403313
182 140 143603210
209 91 644583888
125 34 859822678
299 89 750090901
117 65 566613877
168 97 894569622
6 150 265764146
98 267 875260555
53 293 936643983
245 207 702485390
19 168 521686065
136 233 890250017
137 65 567327226
15 76 658911093
160 30 526500599
106 223 842111977
67 278 957151357
64 145 34728912
165 34 827115918
240 155 505564023
228 250 49643904
199 243 200254821
288 69 402608352
110 240 271028196
184 125 794351763
245 121 75066560
239 94 302275390
294 101 920537934
236 229 762360039
64 34 522966191
61 62 113800924
62 240 930554454
171 26 858121171
114 246 818741446
72 14 970135122
235 218 484116640
169 137 567776592
104 183 370727388
173 181 133788956
195 108 587540822
260 22 694023294
219 266 851978380
145 230 584469531
52 163 243005350
29 239 986308125
96 165 411007925
219 236 855427603
165 207 683671359
27 164 756251925
157 83 550983419
205 156 620401707
94 17 329610456
40 292 944692974
4 177 91226948
25 60 458079344
71 142 136718506
89 179 258325592
93 293 632360763
13 67 471199825
35 51 295479536
262 139 285760421
219 191 355644880
264 19 91391780
250 132 816521326
236 72 658117962
281 19 937451701
24 239 681854624
274 265 223640807
4 127 375314018
12 240 619891939
17 269 809645409
6 153 980040102
39 33 211446059
168 188 308298003
29 271 977933160
167 12 647906294
23 186 395100038
53 55 429898822
21 166 968068760
66 149 409262506
194 213 365045627
113 41 585083966
186 215 145028410
227 106 336441750
153 29 217228723
294 185 292354
9 13 184425594
182 83 969242131
164 225 106481148
30 270 119973470
151 133 517299943
262 76 287623039
20 212 405334473
208 170 411496544
231 25 892439799
17 14 88416955
48 206 333774511
56 51 424386525
61 55 645931905
179 176 567340971
157 35 63111402
153 223 584399338
257 264 690397761
126 226 742302138
257 103 185443286
202 104 316362595
283 252 966255703
170 261 225814099
297 119 934454389
115 38 512339303
269 238 586190024
186 156 616548713
300 72 65626608
18 280 709867993
44 69 627042556
58 267 497324016
93 88 160137230
143 23 74748897
250 269 9238846
122 123 122078817
29 92 508959678
53 194 664598121
216 36 854764863
251 131 488412986
161 263 534211475
57 2 125216417
107 245 424494228
296 112 557111676
84 20 298681411
253 106 856207484
27 83 803323699
49 273 755284267
286 275 114905896
247 143 974952241
54 28 422576634
287 127 384377298
119 173 766347455
213 278 111125434
68 101 419935016
212 137 701178620
24 164 19653419
241 70 479309144
10 105 896190690
81 115 43706044
167 78 327431346
231 245 351784973
220 124 311697839
80 294 630139942
208 140 8628287
264 286 429858080
180 260 413377789
87 150 76907987
139 37 742851551
294 165 595535261
262 270 186332570
126 95 894412385
288 273 19395908
19 108 974288594
81 9 562269755
137 160 56277233
96 141 497231941
78 28 16808660
247 188 344524792
2 124 873972136
68 140 460677468
136 161 736777464
171 77 41035982
291 95 624204846
4 23 476296742
97 280 149360218
211 223 53785116
129 271 456519730
251 86 464333799
216 285 277979737
129 115 781418278
71 59 409114595
120 212 350508547
73 205 39937305
241 58 556914070
273 77 799231608
156 192 675767942
60 19 48415743
258
29
9
41
12
39
11
21
20
1
52
14
25
31
38
32
28
59
56
55
6
10
64
65
15
19
43
69
24
71
68
18
74
51
30
77
78
79
40
81
70
45
84
22
17
50
88
89
26
91
36
93
94
95
96
97
98
16
100
101
102
103
104
105
92
3
49
109
110
111
76
113
114
115
116
117
118
119
120
23
122
37
124
125
126
127
128
129
130
131
132
61
63
135
136
5
138
139
140
141
142
35
133
145
146
147
148
149
75
151
152
85
154
155
156
157
42
112
160
161
162
134
164
153
166
167
58
169
170
171
172
173
174
175
176
177
178
179
180
181
182
183
184
185
186
187
188
189
123
191
48
193
80
195
196
197
198
199
200
201
158
203
44
205
206
62
208
209
210
211
212
213
214
107
216
217
218
219
220
144
222
223
224
225
53
227
121
229
163
231
232
233
66
235
236
237
238
239
240
221
242
243
244
245
246
247
248
249
250
251
252
253
8
255
256
27
258
259
260
261
262
263
264
265
266
267
268
269
270
73
272
273
33
275
86
277
278
54
280
281
282
283
284
57
286
287
230
289
290
291
292
293
294
60
296
297
46
299
300
