1000 2964 931 294
142 51 253333891
608 909 90043789
650 438 302760453
608 435 149571217
794 323 94035749
66 641 768915956
993 537 258461751
316 911 756089511
456 267 129532634
568 673 849614060
947 420 217422613
38 401 287244057
528 253 236163004
470 777 102961819
348 836 530661656
746 918 527269693
419 567 880902598
1000 618 219191978
15 283 698723295
752 603 146308144
522 88 577740889
932 660 76785862
644 623 952593580
249 274 705189712
148 596 862910136
520 441 186692384
98 480 494399205
709 741 625252544
595 813 434427531
988 370 360889582
807 694 276947092
404 109 241673191
726 471 35216480
326 62 10978536
410 644 526860520
851 566 97283057
67 892 670043173
479 227 900708811
488 577 229602994
963 153 486608972
596 921 63948208
331 738 12483802
27 518 868811497
63 474 750417709
723 65 933470519
586 26 569751128
50 883 348499750
219 237 573220873
242 527 166185944
351 309 368165903
505 560 781202473
922 101 589358108
209 791 141097490
397 343 430312908
940 169 148294738
898 847 448023781
150 132 24497738
552 61 207464928
115 601 222128168
60 994 789371048
477 184 933708104
418 174 158016417
233 98 805405910
739 972 673364203
845 837 769999543
879 253 226989543
21 650 592363689
686 569 964378873
843 60 555481512
379 750 178875791
268 556 718574995
311 404 977336930
692 233 951703823
532 113 286915067
515 61 682061739
32 420 624289657
721 341 642377285
656 998 10629520
652 405 514958251
411 637 771128789
314 989 916386180
427 244 986278456
65 510 192580977
573 91 859221200
17 802 784544878
776 786 351642078
52 824 13541502
116 634 482402315
153 422 960822407
489 785 472552180
878 326 440974970
892 715 216506856
604 197 647127990
428 166 725167855
786 51 272681390
22 52 682172942
437 295 641461960
170 493 780661962
428 806 747022216
538 739 400197097
820 62 196808173
122 892 131282815
848 800 521624347
988 932 709187368
82 737 187918649
134 984 798668433
577 289 576744348
623 170 12622909
411 259 398199588
916 719 986719878
671 19 875621606
203 345 865391840
509 441 750907147
139 229 527953765
351 389 481013239
6 368 346167949
80 101 169335213
156 358 869065532
964 587 169580401
727 71 629456641
239 509 63736238
952 715 607097500
367 544 412675610
456 207 292678849
439 225 954950167
739 997 120227099
749 903 961738076
836 612 708886419
571 499 411906260
8 799 375911889
461 629 63399877
179 500 348183810
170 167 94273333
660 483 519765979
616 189 677422984
130 279 721738974
602 753 127438957
56 909 46555356
487 747 4012283
611 173 455606202
615 956 550521878
200 895 726899575
148 460 655446807
818 264 244748141
70 916 176506540
981 568 537830358
810 244 679324155
504 840 397064081
499 825 452688909
256 250 328472102
539 709 745111402
51 199 54405639
504 236 224187903
802 206 970737944
973 902 820327240
712 735 746296177
641 548 284672682
378 497 440237154
662 661 978647072
652 152 285747127
332 823 45024026
244 175 97240380
781 295 879780257
98 446 686990467
856 244 440191422
685 469 922035940
747 99 652516124
328 872 123895749
89 170 250122476
368 992 501254938
72 553 787097096
631 596 361023535
701 323 607630683
958 28 845071012
608 217 983547519
625 235 417470905
23 398 792430247
911 233 551256524
997 383 761733566
710 915 708330526
403 474 141952464
439 113 25712861
54 756 132841641
7 109 605631838
363 73 308290491
943 185 913386153
126 32 295088708
80 405 394630202
91 801 509999024
432 101 628296454
932 366 351488571
827 765 147525307
626 723 917808602
210 332 749667148
430 270 767744859
288 109 129768620
503 500 645746122
734 899 421148889
288 810 968467990
612 337 319237147
753 684 375830773
922 544 597626765
875 646 633699588
824 920 949424092
742 564 568454449
515 51 444283982
981 371 696376156
310 155 923742726
942 253 186403644
432 871 796221829
558 157 917698943
706 84 431199348
809 336 971350837
881 209 402406816
695 15 597802350
692 340 609631045
812 312 379092257
395 175 308522894
578 504 635863375
872 220 466664284
302 846 174458215
705 882 275935558
317 744 17168876
552 89 590863072
199 884 547974484
16 230 169425472
30 580 980612915
109 231 410013117
749 59 879226776
644 751 886418426
915 157 773274295
853 313 506134562
379 205 695033543
64 688 259099764
239 245 887614509
432 862 170672386
955 311 636836314
35 300 50026676
665 630 364457968
928 835 40428179
652 287 564894379
226 265 143560516
70 26 387072894
223 419 293807313
844 621 898356860
711 293 253178031
259 917 343932921
829 653 669861884
380 362 567646833
632 552 148248071
188 924 675268776
571 312 134432533
116 264 2460689
223 978 905468258
915 881 896222067
746 359 954741861
57 640 240036297
191 258 523225688
141 378 16979305
112 876 490887159
950 125 842611561
852 362 677949575
479 527 56936254
729 454 819635737
562 645 263705253
733 185 853833743
412 4 915478981
835 449 958261215
949 699 17766293
270 568 53617175
117 972 944323707
102 72 828128160
36 207 245063477
667 986 810389318
229 445 338943484
431 381 601897847
711 572 470343142
781 864 966650442
98 293 363138187
320 532 600894403
382 652 600295403
106 905 652332117
829 196 169088143
807 912 60040615
986 24 741472749
182 255 86917530
65 140 339400464
477 961 508889995
146 272 879005560
501 585 458662869
253 415 344539710
343 576 966198681
941 462 559582075
594 603 523510464
800 482 793225706
669 562 4537921
74 754 818796236
867 454 135198879
779 275 587530763
686 490 502587573
949 769 362912930
948 871 545459381
562 138 434961211
367 857 486758254
167 718 710156569
265 873 658617804
979 842 68036408
192 338 721271973
159 332 494351794
851 704 182533298
521 842 636552547
530 511 942836442
996 575 103903184
657 453 317634230
759 430 642658116
252 669 188833105
600 636 593238331
834 363 645938735
867 361 896964868
482 356 691116176
288 8 125734049
961 36 504402677
578 331 983210481
703 694 789751011
191 143 962580496
51 117 161307878
12 991 11541246
657 20 358708440
456 68 868201854
68 95 952677987
99 120 490512704
99 936 679109571
386 253 685853505
168 679 179044048
129 242 711123570
259 358 341731899
83 873 364789911
502 555 683253015
720 745 178179442
785 789 718132891
166 112 375126560
893 516 497795622
742 518 478015682
867 745 325129602
81 5 839680606
446 44 772856684
229 24 785901832
102 573 244580948
797 624 16170556
464 590 829566304
57 914 586912142
162 666 323823030
20 637 981033348
566 472 119666682
754 434 914404546
932 969 242152981
79 798 340667752
582 305 688682808
400 491 266779319
112 90 950903328
713 275 286581498
304 343 852189595
113 293 48073635
11 918 400569162
53 236 377958323
750 209 583595175
451 115 648591967
441 756 30213705
366 288 886815216
707 491 192799078
84 450 802805482
502 843 206413210
719 964 283819888
210 451 428375782
45 12 800726758
400 862 811650554
971 585 276273624
323 446 587222710
910 913 803172889
107 41 288552686
548 839 666673967
345 721 405064045
653 316 22497518
634 294 972463932
374 466 90978402
891 584 254705444
504 773 243541746
515 85 388415856
788 232 471326145
150 15 643571190
329 178 767542615
336 424 998254168
381 564 164587392
493 349 426632839
489 790 239254388
407 87 918000520
286 1 894043703
144 702 503456378
501 141 647453506
676 163 442113495
729 216 557477219
4 780 465999610
601 731 8956385
830 461 478019040
797 417 847344610
426 205 830932786
735 444 915974673
268 742 789051522
562 35 124577403
245 109 340363989
511 336 39990969
231 551 969442657
684 449 147309140
313 675 575893655
810 714 70945636
732 834 207245667
778 212 949782394
602 385 590697137
931 969 594261695
705 672 650648371
109 39 963763549
839 215 628584801
65 810 335910685
688 900 235336129
842 486 435428688
582 511 567016296
16 796 567639283
25 147 65386175
142 195 562160909
188 28 785608842
490 204 733263196
757 505 251014950
194 370 192668976
911 108 76842513
749 168 202793109
196 853 326056367
16 312 71821751
434 556 649422667
337 21 144467586
34 205 616485723
617 986 801753736
425 833 57084423
695 625 977047336
914 189 832664044
338 943 260538859
727 566 894670620
770 582 516680497
51 66 365625449
68 791 232213772
869 657 59550435
510 757 721669739
461 763 476267934
161 59 410297978
819 82 223146936
605 633 525104201
984 37 661050009
243 364 393868971
13 77 828065916
262 25 560190048
881 254 946629935
734 384 360246390
470 221 683863830
128 921 279772907
782 995 681325685
754 830 893698967
264 348 603135725
944 721 344073544
81 606 548989255
163 670 65070894
914 597 415796592
40 51 675934329
252 809 849585348
213 485 44991552
242 277 100391054
978 510 341433764
90 542 905027279
668 2 999758389
569 423 39933758
917 20 804389524
763 433 174370960
339 963 610506584
779 709 953641977
500 440 661290549
764 146 134866673
951 672 534729563
978 349 456323899
121 766 564192539
604 434 577458978
85 290 17278928
197 207 712492549
47 836 677651452
839 37 190757142
688 538 625875633
973 372 471579230
931 702 184521265
110 764 337185796
474 698 822778072
722 550 655038413
737 291 751183930
310 26 289372902
902 339 892274312
821 559 323176929
903 754 478433847
396 312 465058557
936 805 130265058
908 523 492666026
340 306 581509743
74 580 934124107
277 372 156754801
103 951 308491581
882 474 362097101
967 702 532526615
231 485 870757023
835 644 2415155
588 228 386615902
115 260 726579053
654 322 504012349
734 994 520396842
605 33 781269460
412 362 846771099
85 826 425887999
906 594 998942275
49 847 991748102
865 475 672026294
108 475 382177789
361 170 31162530
886 830 623194990
672 785 971124243
794 73 814587700
937 524 958438130
697 375 210175401
825 741 518429902
805 880 53208067
193 229 950726366
164 545 924747771
713 519 959025222
26 566 496638383
544 441 498667161
428 992 112811464
699 338 983550111
689 31 687538655
242 783 112287575
668 27 619613980
822 560 668293950
285 260 351400736
232 946 224807889
647 28 289176868
992 897 878912849
453 599 91689314
157 395 177415878
824 778 268256435
221 867 55818309
985 200 386718841
348 946 781004660
433 713 806647998
998 80 577728590
395 555 28007581
961 635 801537571
928 447 668422880
179 552 853193954
831 555 466316010
165 955 580539546
979 546 351035351
532 79 898440510
13 226 891689441
652 395 297041064
421 700 801724933
566 683 282671840
16 810 915315685
619 756 90417821
946 544 183402480
643 893 50721803
964 962 320422335
572 238 476771790
488 505 906482370
602 653 591766598
475 266 164163355
928 542 126974740
481 534 40061641
527 661 731015901
10 961 273987337
214 335 863255373
534 842 853342712
809 556 831784798
941 650 236625020
897 575 327858138
978 968 705554533
376 638 276536350
443 576 589432014
26 333 66655008
366 900 874812105
714 258 153663666
605 216 579900986
358 999 760450823
670 498 315026179
197 482 743661686
49 426 83352161
218 501 989513086
349 520 80391829
840 107 190365449
435 883 723462342
634 817 711582965
356 967 648846117
843 243 218895055
55 475 6204754
832 324 536259809
409 893 806062846
213 715 707065198
876 736 96830160
932 964 684875835
794 121 690667404
459 550 388879441
561 589 963604850
546 672 584067585
661 596 186398179
58 150 947940136
190 541 213887818
661 672 260970932
652 839 277611321
410 416 841557094
718 296 163755730
361 324 554652121
390 178 673571176
250 809 592057282
644 667 835976037
787 4 841311352
721 705 157182829
671 971 132495543
467 62 465703363
354 498 33300384
964 269 931322348
393 633 908961027
819 540 268640401
835 595 372076513
17 413 872820137
335 728 359335212
960 312 647373015
825 834 97694416
454 996 872103952
975 193 463636214
398 589 549773440
460 461 745969030
231 13 878893486
729 486 600461806
108 509 150552285
745 349 881138978
166 303 21443765
688 345 539332579
3 262 801863458
430 598 293623106
210 974 89179004
256 489 784001895
873 569 976962792
399 914 651048078
437 262 536049405
55 978 235936338
341 490 921563818
245 916 551613742
800 77 59284310
199 212 892509247
709 295 549999688
951 75 660331854
271 164 779171400
936 920 897487118
961 108 876282246
380 957 941500833
296 772 362890171
52 128 682856800
862 851 666397838
195 929 2211803
251 743 514017848
526 422 131686686
621 389 389014122
962 655 798790966
88 312 320376685
932 633 661627379
594 305 791708043
506 177 131384046
140 482 996552877
559 384 352240077
821 952 621894725
829 834 132222149
162 201 100709741
687 202 355700064
641 504 227263312
182 447 441107840
914 193 84824009
244 643 959526051
114 297 954243657
790 37 380535655
303 578 820335868
519 138 718628688
420 520 357329454
952 880 878826185
33 936 358714859
2 751 596287336
589 804 291113446
666 974 330232438
945 688 495155099
250 957 67192237
922 324 681595575
690 517 302051395
406 42 827929015
823 334 235337255
476 357 82200270
875 664 937470346
514 314 478976779
500 868 780352672
421 831 415951291
818 932 527264679
777 893 961510923
625 682 50860840
848 570 489522418
286 71 226369148
496 324 743465293
916 267 678657169
795 777 387794507
486 27 570211565
234 949 631153674
605 867 776080115
270 243 590263426
996 711 479941477
571 287 220789921
681 891 438062634
626 768 124533688
228 10 897168464
231 137 843811093
669 479 380750931
800 14 14021616
415 148 627093151
563 397 775219082
154 434 154164307
41 140 230304659
42 350 708600391
593 399 346382539
696 778 718540368
176 948 91895276
351 697 471909058
560 426 747981511
176 419 12172341
735 390 408720301
672 78 887384460
96 618 558265616
90 844 661696562
172 458 659603817
226 414 295372967
169 200 671141723
312 825 562189114
555 912 689809943
646 262 740585751
21 92 681068034
374 726 814138756
711 755 772294037
357 610 550701927
635 307 113506949
649 8 938083083
98 255 805538083
99 496 407081507
703 684 358695428
631 828 316479502
979 711 502738916
670 77 629630044
862 810 243768775
87 218 191674256
767 46 3937120
266 410 948553767
654 114 256244663
550 830 460192729
852 494 26619397
698 683 293942046
133 25 831650018
774 517 420415219
690 944 187497889
150 152 151914717
577 448 568168442
704 790 719955758
712 96 807208938
545 286 487762822
791 660 441585111
654 721 852132252
148 336 525415670
732 702 330932286
303 158 688841712
95 881 442910869
984 342 598926275
354 407 918539694
886 925 456857830
993 377 515302453
937 460 497369776
715 579 9008770
93 307 126523642
540 669 167244505
782 387 293577730
782 222 773297645
158 307 830936210
465 684 975105958
471 91 461194849
20 341 776905252
635 61 377100984
677 9 533444354
298 323 613528408
249 419 440203998
484 269 835420570
303 308 111685401
570 323 35634136
728 625 768060379
656 755 776848139
211 529 869705305
149 304 865686197
171 23 417902938
207 767 142774017
299 259 242839542
399 565 496593191
19 705 553890464
254 128 462161429
945 626 648940647
577 53 37161291
888 72 340514936
816 665 271004678
53 146 39675367
242 161 6879392
840 370 180736430
551 725 666117174
354 224 540637429
870 504 48470155
37 454 831062931
622 998 288545835
423 940 640493268
255 715 513856723
427 938 898941052
442 35 813323280
413 273 675621900
156 277 645485093
694 7 759281731
585 567 567619889
734 419 35740903
907 793 929524881
93 167 789596356
895 87 772187778
244 910 418832885
609 307 30153227
638 19 271278177
492 823 725340953
902 154 127453320
572 588 282227947
200 923 195902079
184 920 431106736
692 884 111781689
332 694 195947629
144 790 505999367
434 480 301607972
102 674 429418081
534 190 66143538
396 784 436428774
507 506 835952632
824 194 355800737
874 855 940925886
758 60 387333005
618 492 248003795
968 123 585454938
149 531 959506680
956 713 807261553
747 796 588679677
283 851 677698870
286 688 33572012
154 990 129905548
278 598 84925414
532 424 130047645
511 439 460419084
836 525 363255770
428 800 499167904
253 401 205546049
604 953 114700843
374 467 524434141
978 45 703870048
339 393 929039763
132 838 796205185
549 570 338381850
74 78 42772993
879 859 685217611
643 62 389991274
869 552 473766554
612 315 610343808
130 806 887312868
834 880 589156518
365 286 310313322
859 549 139979905
506 857 794145821
448 910 987494875
889 707 22940699
220 188 163089097
791 33 107480953
677 591 462907150
459 996 94258498
460 451 153796290
505 675 185337536
296 914 748137774
65 888 882842361
753 680 184487930
779 11 416131708
332 188 902337673
504 610 522754909
716 38 628196260
403 804 792977277
689 947 499531605
536 238 132222222
675 45 183907093
259 272 885471573
247 778 346393129
464 386 743869362
281 361 420735560
819 829 804054749
759 717 797131905
370 448 312164977
87 584 954187867
536 583 982750382
509 267 127973181
345 849 791101562
24 644 461581328
654 361 72595369
841 874 169503010
65 804 73495421
917 199 403994189
954 300 169099120
133 605 342440279
276 16 333438512
851 453 254863516
66 973 607497450
377 629 786956778
408 862 418608331
145 816 212728747
97 349 389392579
162 795 204677193
527 531 356113291
704 51 134051789
521 606 709597161
685 23 975669705
827 247 801522994
493 228 227619704
390 748 121746448
175 211 962063907
640 485 36972933
808 204 629511621
721 137 814093359
180 972 758374386
636 350 935729613
606 542 635635956
522 306 963349249
483 773 773562166
132 705 696157527
963 391 735153381
994 766 453047173
106 592 49825235
93 591 725496820
421 221 108231583
120 416 122639743
88 516 87189011
962 397 368686714
732 112 751128012
200 358 232026613
451 578 41847584
940 528 524808000
932 830 199230267
290 992 743047602
915 234 759136139
111 160 713200294
238 575 623544158
643 889 636287942
872 134 549887944
503 664 633745803
646 713 656636362
706 799 38980099
875 75 816211631
895 233 79977429
193 898 939022009
943 381 688950658
733 125 578982909
394 694 152407789
441 567 741901707
563 428 575169821
387 12 997913297
498 467 745561152
947 860 634876736
596 464 781520370
742 855 118792239
884 877 978655679
267 69 905279232
619 549 358797798
419 842 324753792
200 95 283574879
204 896 254021779
275 571 25197087
95 42 585900816
534 705 939619994
17 826 485044969
120 167 900156809
746 98 552605839
711 194 724374765
850 394 672211092
639 880 834157395
958 646 95372689
840 918 558839384
796 137 107676233
171 917 431913839
497 55 250474510
272 248 719621857
765 336 748896611
994 157 305805077
392 826 719439586
51 264 683052561
198 511 40326240
580 833 875396416
5 773 993576014
947 13 891087733
383 540 910660450
617 932 867901743
902 470 695386741
22 845 82163998
892 211 718666414
660 437 37422822
921 926 755930592
371 76 586071074
479 237 434553648
629 209 791597995
38 461 45679099
89 162 732400921
409 53 666172662
640 995 837602441
241 110 444197270
637 233 447160480
463 517 419831729
880 319 752221904
679 99 666751332
676 957 381831641
2 442 850451255
248 500 803479699
962 283 371296895
851 41 746616553
554 526 158447619
880 22 442123560
948 341 521223394
30 156 804608377
423 495 822573491
446 427 67614124
183 151 111726574
192 514 520432438
732 377 442675593
532 917 659328380
681 120 710329062
248 579 647378002
401 131 154094315
28 555 46111421
509 290 653716338
213 66 114583040
834 519 621768164
707 770 343953622
672 767 23125024
611 647 838551291
900 425 347511712
45 100 56798961
148 785 773386462
136 859 779888128
196 953 451869428
513 432 832147069
981 113 665376642
834 937 483187791
12 126 952368851
678 996 526609838
329 585 214050370
85 599 178128430
6 577 90426074
304 898 165884924
302 849 507728956
727 783 149065062
188 339 639752645
598 477 620002464
236 820 831423983
190 212 695192516
611 184 857203703
489 36 370155802
758 126 280673728
18 3 373917593
332 509 376837111
69 739 545102766
848 554 283367543
222 705 850260027
757 302 31190253
485 949 233369057
690 589 662693311
261 450 694416514
376 121 110437161
205 18 8151297
555 738 956109481
167 930 899881803
259 853 16552093
172 646 153588379
796 43 374893609
89 610 915058169
793 328 952716126
331 516 93411587
876 361 306057112
115 812 847902959
332 424 340969511
119 477 282155471
700 494 735244080
759 442 267696663
653 942 421998805
604 715 979488860
332 2 717702803
3 586 877242718
855 778 655598316
96 331 550786632
470 562 867696453
769 942 347356469
394 316 71102480
997 887 782153206
781 404 395380525
568 294 388869906
771 686 202996877
206 202 878478093
769 886 49157912
686 958 257533421
129 525 982328785
361 748 747215609
434 533 658741558
4 613 159912643
667 593 169649900
67 370 984634729
288 216 710433179
586 821 770517783
890 945 81589527
699 130 513198287
479 384 599008447
854 771 657117036
931 52 889252906
966 495 579594467
213 93 378291711
265 544 393864140
996 535 194013475
418 686 525136160
752 468 516471322
848 627 490304580
621 411 165770918
354 935 702132038
476 37 797263796
294 383 930127717
753 538 540716408
224 896 811275734
277 285 736547286
206 881 549130949
249 223 274763523
208 936 601200281
944 545 803363948
680 73 36533628
493 266 269469142
831 628 523963674
645 285 789194438
761 975 587256488
735 175 403127330
61 503 227697959
570 704 840657431
506 716 875773929
618 734 474305597
827 355 141054804
873 54 567695865
439 333 580591589
766 609 390640419
23 758 515644791
768 708 36305640
958 300 163022533
21 804 962942704
846 35 377812269
645 345 226196162
255 269 896100022
491 996 695253351
18 326 44335188
514 682 667498317
697 942 99884138
18 529 889023086
823 35 613126031
942 406 32835249
600 945 228428180
32 53 665782416
492 721 155410118
816 473 540905978
98 799 361168240
295 60 541191034
995 482 128913315
518 882 360865175
239 951 640948536
673 967 668797566
362 274 549346837
421 533 815829982
83 564 174468784
290 729 520491795
839 705 505515729
156 238 152973702
898 578 782964379
826 734 628547922
65 350 678171596
347 651 183405099
933 252 130264387
186 245 105811579
887 540 548509890
95 91 643536077
930 720 851366645
843 383 569162094
321 401 541917107
34 898 914337361
199 637 569093762
402 146 450688307
804 871 998749024
422 782 434165759
438 191 196152256
64 770 378428786
442 614 397817810
72 535 987905538
39 63 787012615
4 611 252161275
172 592 651717844
673 567 832927723
925 846 734941877
641 796 132616768
481 704 46735988
17 18 645115695
497 350 784763306
513 902 217696214
12 229 32576902
145 94 679114660
660 125 354036173
751 968 416153848
591 605 361580065
685 690 16184328
7 761 534628741
962 186 426727428
845 776 207789599
57 759 265701498
61 277 729270592
831 632 162137339
685 84 227170721
227 983 388523263
227 980 304775663
65 506 909840901
387 964 839925130
664 202 708795390
140 54 490529672
830 934 298639851
64 990 202603007
647 23 399019204
790 288 901198723
994 501 142618780
38 575 243387117
158 471 600367617
74 120 980299102
204 2 367663528
366 446 241872515
964 472 20167242
506 316 318249753
737 302 821470920
317 291 973408691
376 615 863049877
271 559 140520379
160 793 3072596
175 555 543073462
369 412 546761407
719 208 353239499
724 968 798611403
490 261 463817093
785 692 860189193
6 544 290971095
225 901 250856527
203 513 919795296
191 986 311645591
726 149 782775537
222 11 62994726
3 468 218176075
359 5 673031408
198 17 525623596
252 286 516863034
132 178 276013452
70 225 384274049
871 899 681930787
17 474 490375834
483 17 564846639
389 518 723869722
211 176 304310643
717 355 498916599
927 986 853486210
64 682 676847983
680 439 891846461
328 540 658755112
228 404 818337177
196 982 280988824
356 768 26134693
506 481 513660326
744 609 213511627
386 578 926910609
639 414 149080149
736 949 666618385
326 893 112667955
649 439 236980667
248 220 332161786
465 446 127932841
274 65 320713264
177 127 98390617
477 459 356252102
199 570 182449365
349 149 499342821
299 797 464559892
270 68 828320493
954 934 973210272
194 98 86061754
241 73 500919672
931 434 332837416
598 292 475792183
115 596 462680281
689 765 239364724
903 956 571119413
433 995 291680364
976 435 75719345
985 162 48909534
27 929 888408148
20 52 587545142
137 706 603877751
855 131 618399725
979 757 898030796
110 698 586897199
137 945 438022048
67 524 795408317
145 762 395998564
3 536 419002132
573 461 876138345
321 432 644432847
763 760 875244778
826 957 722726217
891 12 982370127
885 963 542160774
774 975 767262384
396 772 363121490
641 153 83070103
909 491 932378282
657 275 471930633
986 775 869403483
74 602 653023175
561 785 436102121
67 876 519857617
75 816 538330290
593 408 799135019
16 354 693871953
146 989 587247330
914 963 145113159
822 367 671190353
758 522 844847832
770 181 121376416
248 144 790695730
92 419 502685581
724 973 635566804
873 204 292649582
88 137 320274733
12 171 472963190
41 71 582583427
979 44 81222455
658 865 840827158
379 285 350613607
35 825 390227077
113 153 374174182
222 205 290113391
660 796 486017023
596 183 737359197
538 237 467933677
541 571 221583070
940 181 978447009
262 414 265961971
578 325 576065986
614 778 77707437
360 637 613812469
650 454 828293140
697 91 204086622
394 100 452587339
243 483 258024805
318 317 558712561
753 586 417152188
729 103 596743369
522 699 848037025
560 653 866386844
675 660 831611488
755 512 730008413
682 922 945582108
405 865 808054158
918 906 991868365
914 246 750278114
952 323 26873996
447 323 52595492
444 477 900203022
393 715 859635287
411 519 11670125
615 20 312575005
967 547 83486766
333 599 622296156
236 19 888353407
533 191 395170334
576 33 43176896
278 480 137451448
817 287 96111684
264 956 370133806
262 308 251228504
968 838 58456789
84 544 211932803
839 818 695223354
248 176 128440079
942 964 939147586
215 813 378705352
687 565 37106066
767 788 847640323
219 17 155710512
600 510 759145697
502 243 300911466
772 485 192199124
568 504 210899190
767 59 405550434
692 955 118419034
344 56 658311977
464 546 280766862
518 138 196061730
2 163 772791263
813 227 369230889
971 839 914804501
471 781 327750076
982 432 722361047
531 747 692792834
227 284 492312142
38 590 528527119
628 858 930650633
972 233 952468070
171 378 903606816
918 968 25468351
249 143 142911131
93 286 343947273
287 22 284051988
100 754 342270641
498 430 830183066
504 42 951492388
61 309 200387800
826 911 492139155
291 807 1040758
492 817 923962869
422 221 826863294
159 349 753995858
965 184 533926018
568 129 594224445
914 706 851106365
930 435 710175137
929 930 324267896
518 696 237455040
671 838 443361391
847 493 170880889
134 15 691246836
579 262 475534281
495 543 432349074
414 489 728611987
347 409 642645748
976 269 629529507
951 273 705555848
312 590 559130096
358 890 468478814
414 873 601242145
228 546 811813974
891 118 747401554
595 429 936853626
148 815 665789975
299 985 941353128
242 41 641079744
448 34 364635508
191 720 198433246
439 948 712705100
975 165 965484550
986 573 634064092
378 432 159931348
957 627 544479410
75 713 42695474
47 309 447512357
676 346 417926362
335 475 494552435
605 570 280892184
10 559 187148585
46 349 407038676
261 619 841330375
957 115 887785167
962 529 220159651
495 169 279794477
318 31 389210637
405 774 840128818
371 194 381413043
8 897 904953168
542 604 848800839
342 587 434130273
199 726 410908254
896 41 618382128
800 826 86919323
875 411 60173629
442 435 976109324
63 711 338978753
819 828 126098643
139 787 840806383
448 617 25318664
177 166 490422140
732 804 965405150
544 510 217994849
336 464 178627076
693 271 383156959
500 340 531557453
505 677 13215683
168 798 657916818
74 5 987352811
398 678 646913238
452 568 361075720
693 374 819553196
675 570 784240548
913 697 514087637
853 823 853717094
431 119 785658156
135 552 606026901
14 87 724793542
195 576 92381146
354 159 806337621
765 68 410867529
819 968 480919756
150 541 993650594
984 870 672207176
295 850 292489171
59 865 804034862
382 271 507272129
732 814 157918864
677 500 424922951
890 463 573918932
168 141 434944894
537 936 276248983
610 503 369902654
358 850 614174670
361 933 74680293
904 604 473433390
703 359 50607446
332 268 547642317
638 223 659204676
501 258 966764041
746 935 852502960
269 90 777394344
784 302 818996399
310 407 633905985
234 6 556467057
485 610 361941209
612 115 863550078
670 531 468608720
672 276 839028801
800 596 348460030
801 477 353976522
804 736 372786712
167 127 151580623
298 261 832198488
186 440 163402483
322 482 372253277
238 160 959331914
875 234 217293903
835 453 108818716
626 372 830018886
952 780 989930729
432 569 31611628
80 386 52444845
717 150 951648
416 145 395276901
991 185 879813213
151 120 779194577
535 169 566103707
498 690 518974842
539 175 609361780
258 701 304275190
425 750 26784971
454 959 853055338
463 166 730199337
353 342 500663119
880 38 59848744
79 203 16629369
250 936 115587860
825 911 745531221
214 355 590576590
175 80 184612978
782 927 160582131
209 983 195467330
30 871 602557502
140 575 594859808
935 387 70371370
857 534 344088980
922 23 475901403
572 794 213058262
909 680 21710398
401 668 304479632
810 921 906695534
27 646 889510120
20 971 357550425
732 357 243689917
569 255 74111651
250 32 91862063
711 250 866511818
273 294 696165
110 993 330358922
127 435 853763466
985 448 761909122
535 905 182574103
808 715 351332886
608 17 795512407
839 59 557494935
666 912 564857384
315 905 417913505
930 734 404549886
961 785 694584772
480 807 658113837
42 935 134980710
979 491 922309990
968 229 762056935
403 16 64784002
95 316 792810758
450 457 153666942
301 209 245194627
902 556 648939462
88 835 641459204
693 353 748899254
274 814 72418108
803 525 524587357
951 100 101442377
948 340 828055427
434 695 801963101
743 873 584038637
635 54 199572384
470 204 75184606
456 988 830423637
292 149 116713953
537 199 738528059
542 252 7154118
855 160 630254645
804 139 929861097
596 430 84665388
218 645 843528377
275 694 588597556
833 201 249053048
420 933 912193261
798 619 658258751
221 571 648667947
49 710 350019653
407 758 287865561
132 304 189259104
106 332 994496794
885 43 313544138
174 737 4908720
642 55 803460904
375 530 988647841
893 792 580548552
138 653 605757719
63 430 59761450
737 480 260565383
889 635 148114113
118 280 412409110
307 542 978342138
426 415 232982583
53 514 89520765
552 366 736283800
768 483 828092850
641 565 38169150
817 857 316412038
788 461 754116846
502 463 215520366
996 96 1102287
777 754 613926571
881 153 103344972
654 849 317683408
229 520 939351359
924 867 330092929
647 455 143657291
293 887 338866044
266 806 655422857
51 72 942451933
690 179 878637926
567 80 384159901
264 711 409004234
84 702 228767835
169 736 456674173
91 744 627197535
390 609 324827334
490 987 162969562
542 160 676788564
245 900 2658162
295 363 793869154
187 256 768282110
950 145 391210773
885 967 936659342
924 569 657665320
1000 9 186585261
141 385 247358922
224 296 108474345
123 180 785628614
330 100 792458131
736 393 33962980
642 958 461715906
927 411 563627151
867 183 733645470
691 923 464440247
914 591 297312986
190 705 826574072
247 402 905171586
459 350 53113851
219 433 387883510
804 627 70675740
332 481 588678965
178 250 435458125
9 613 696866142
209 674 111873593
260 418 719917684
705 409 998734252
614 400 963820897
801 140 175215409
826 101 592327229
205 199 594230012
454 627 186158799
95 452 151456522
945 5 566627667
974 141 832346502
449 938 472465789
460 472 682138478
864 574 766551998
665 25 949095286
867 397 767038661
584 121 950935852
563 115 289617736
3 353 571026524
45 438 544484867
397 580 955724469
114 878 306634752
614 683 337601452
862 489 425420057
485 846 431148191
356 246 252033211
281 703 278757182
120 892 97285868
892 523 487922726
252 450 822080910
645 426 837478350
686 134 45032420
784 477 884171686
871 146 738084949
346 93 975590781
968 334 378391664
889 802 568982306
59 232 754875696
428 208 371278414
446 704 931822464
286 386 205018816
487 702 367997184
87 165 632562346
152 649 887562505
495 139 247751499
926 36 630815215
56 437 936444380
443 995 409331845
119 202 553497264
984 400 265877477
514 592 971416726
375 257 244275568
785 182 395674241
425 760 23188243
476 164 279417707
12 79 599376332
489 637 448688245
440 694 116423276
80 233 575472978
841 558 685457054
695 654 812378342
743 526 555889703
899 653 774274089
596 645 635340398
884 920 821344081
316 883 151049279
771 732 106004272
498 896 104039371
343 427 307655386
566 731 947520243
329 131 131073418
625 822 321490885
11 836 33566917
287 159 234263366
452 455 230491840
49 338 71260273
353 817 396734718
348 530 40600960
49 230 933025597
599 596 908007785
642 440 117459602
544 491 237069227
127 691 726899922
569 872 207643721
727 867 88747572
388 124 687647254
762 769 408626484
894 4 811985715
527 797 972213945
60 422 860341206
577 685 136234105
112 865 863211340
963 560 360631196
25 622 219734336
989 216 802122655
835 296 444890941
578 464 377480571
32 68 875916401
886 537 465187589
277 446 308564403
337 150 404998296
46 181 245513158
611 397 488755952
523 855 559130591
978 86 569129816
958 947 499739236
566 270 704633864
585 54 870096374
511 145 857101511
861 431 107056305
497 351 199033816
52 348 686409650
388 772 980063507
778 650 363121881
925 596 588329809
281 66 169418447
939 624 882972173
334 214 682365770
296 369 916692295
753 45 741263247
462 875 912656299
117 322 30283576
17 34 167174387
580 574 60545335
355 43 180839048
701 321 325214490
121 872 565706863
349 49 652269199
817 604 741586531
345 157 277835051
593 628 175663933
987 701 367065190
972 539 983382684
938 799 23524330
30 725 916956865
870 452 767460364
222 859 682376378
783 291 850274970
62 769 119602370
81 909 692266455
608 115 395228903
825 932 275616707
859 429 432502765
559 187 190171038
848 679 819917426
913 284 526337967
200 356 960784978
388 319 395407681
564 352 725446732
41 436 786007789
352 275 898340837
427 184 547196703
214 246 126790028
729 37 601012946
859 224 87860990
186 742 231274141
215 526 60499947
681 690 673242099
581 875 818242265
156 894 424448166
737 373 235561545
244 227 666004653
841 893 733248535
975 583 726006310
772 698 37254438
184 602 807830429
800 399 568665404
982 66 659823758
449 596 497195305
654 239 907936296
268 493 463817007
886 821 187371603
543 494 694220701
618 341 650705140
624 377 42976188
32 879 899930991
409 766 211497711
633 796 808572525
879 834 803669013
483 742 120584671
347 933 994519345
580 339 815875393
741 71 840430413
247 636 681177635
737 285 447256218
749 452 388032740
699 388 43103452
720 636 884851137
158 987 28022788
262 475 173912077
61 863 381352222
607 362 751893953
554 630 990575981
845 409 534498615
521 36 268259283
783 556 762767666
508 592 49601142
660 494 202312993
370 644 731589793
810 274 412131748
420 437 807435495
444 366 470388559
138 514 934881677
86 51 386557869
335 939 656780073
263 507 202320518
55 990 357395334
892 32 843605349
688 985 141991114
452 376 519801684
774 323 921294042
232 139 356669673
249 723 509885181
755 706 735148166
90 850 324450239
25 997 548082907
898 146 645688599
489 418 827063727
949 153 721780428
165 175 751805152
473 647 939888915
787 757 603108264
275 517 823532413
225 428 100789281
331 774 895201295
551 319 54372106
226 852 322234034
595 730 574397387
37 987 530360013
921 653 866289846
425 754 507307824
764 438 365480335
166 840 240236595
658 313 755418702
746 106 267758622
683 482 846555682
919 141 504112075
899 776 132913337
266 101 397226378
170 16 80038334
329 866 927039556
823 95 79341731
235 706 686124258
785 388 234800287
609 406 584860655
476 588 953548538
6 720 459039611
972 756 74965384
470 848 793854787
192 925 56287602
810 823 618870542
759 367 945721403
274 764 637547353
457 657 428399362
546 683 73225270
410 153 343654916
164 584 927111280
181 430 979735141
370 189 988017907
807 674 771770927
26 851 883550826
530 308 360679066
878 774 335536425
690 706 666390669
659 298 379308366
435 110 975956837
88 507 675471650
776 309 924499444
164 892 597934532
237 114 150251467
366 646 936111112
974 1000 564987068
964 537 927033756
725 482 260438170
633 136 100669548
181 111 904110402
939 761 482697799
560 627 916949215
57 54 148319938
484 586 874198120
385 465 130379100
970 234 919994477
252 540 765407202
967 119 627172371
769 28 464667413
2 835 20899421
404 598 642029961
456 818 786374572
231 933 350990543
658 191 868993928
918 382 812122838
386 698 244243104
424 206 190943118
787 14 514188559
262 501 911897293
473 993 855834848
476 96 887591030
742 898 428829908
140 141 432464599
87 419 893347170
19 588 955471187
489 958 925293054
187 476 377029440
908 297 539256990
174 763 947351314
793 1 471006073
293 505 355922872
641 431 633660177
490 690 57286726
611 698 572844659
445 833 43552211
841 656 16135101
993 703 241395620
586 175 996599521
391 333 173391241
292 750 82232999
910 371 973298311
376 830 445012472
634 274 183549878
474 567 83753304
517 69 720004460
633 489 641729716
637 662 210200219
460 68 657333597
210 637 47556727
874 562 325832276
617 984 58987099
233 927 733647047
799 661 309341165
304 117 640135899
5 786 749027199
118 723 570413228
836 239 796077240
196 468 342457745
857 536 603854707
377 576 1809316
739 43 75773670
121 694 137418113
583 309 267168007
487 515 995438156
317 100 10018858
81 434 41917945
835 992 147106542
529 197 877706183
754 105 744389210
788 806 883081996
897 618 772728386
185 964 341222456
811 188 447146991
724 247 415995923
778 298 621086462
121 335 866133833
971 487 293359752
249 454 964746280
721 971 473954435
442 976 668114599
625 956 971414887
955 227 931598505
340 622 262697492
218 267 283186819
109 619 394368498
311 450 614284731
373 922 625519961
450 630 173084690
211 651 260202547
631 320 420285637
338 520 923906272
661 802 276259342
175 505 201722201
273 776 952106224
66 105 458502807
306 589 792447284
988 106 720902709
144 193 522197422
607 174 889761876
122 210 365813444
405 868 997024702
330 401 246215472
12 41 190892109
232 226 485909252
592 251 977132941
733 887 219866350
162 556 11998112
939 598 940265405
578 580 894056546
526 509 678787620
222 43 570454732
533 862 253571260
337 943 479785117
25 667 860679247
181 45 258862134
539 680 670430291
90 361 885058757
989 12 238188467
235 424 472502950
191 702 343243733
69 926 47014405
562 389 705426392
66 659 79792071
524 492 563818013
253 726 624097962
19 120 170871305
455 65 967972010
428 963 401994248
350 906 80298662
583 602 155555796
224 563 297496643
979 324 734293750
993 929 112106512
604 357 583349644
431 924 688354795
599 813 804847949
281 330 774051746
352 409 515194570
474 415 374401500
378 600 866212086
44 549 905839418
409 623 464489704
864 213 671199672
311 172 95314398
122 955 642650201
397 216 447467909
204 899 955541251
51 301 127963254
770 391 189804711
16 366 941873924
553 82 518743972
746 779 446188084
796 256 933909613
413 214 742562572
693 515 647215720
50 991 416399376
757 909 995646233
139 902 400711433
711 163 942190975
806 610 821886216
850 623 724074942
651 584 142481066
3 952 356224253
111 992 108307612
507 769 690508689
737 970 263096417
837 804 889429850
519 854 764946770
570 592 800925805
772 480 143938534
109 303 492784627
893 934 672841011
621 631 714858832
680 684 399259316
349 652 320824199
992 919 977849932
436 464 614203612
144 935 338454155
776 528 497517754
183 651 276153135
892 905 565031383
478 663 156899820
688 326 61952149
499 135 881601903
676 182 238167979
306 613 209582752
865 919 335761156
52 688 142831655
266 812 270952678
320 729 202642994
459 758 106798423
40 792 515670132
7 588 981946811
564 210 957769840
962 434 352427713
124 973 162102774
445 651 786426496
224 260 155950574
846 18 778574044
730 835 446708563
446 23 169133614
519 426 332759682
620 816 944159268
661 458 540171957
139 949 708128484
296 816 813639113
153 320 649489527
303 736 168153671
409 377 316481637
825 955 269097889
222 582 745377691
887 167 604608187
977 737 209236629
295 970 666939053
110 424 361279416
568 143 227595207
14 151 851083775
722 112 372441812
62 125 217374682
275 754 87919779
551 512 285044306
123 177 574017474
940 508 330919024
263 68 212682892
247 802 166859487
434 281 586421606
216 278 192706000
903 429 462027589
319 798 91042077
528 679 796099186
776 778 319144113
526 75 645959569
911 386 850594598
810 283 928984287
465 577 803638959
779 396 708910522
552 630 700123703
60 897 632165990
870 786 298456266
494 168 844685837
759 245 306496308
342 154 599343879
612 359 329462247
994 358 444155228
162 843 195238177
666 971 610941318
661 934 43822414
224 212 79850874
619 79 115709866
658 78 209789929
81 462 562857258
441 478 82958275
195 124 661602716
189 894 946344956
693 679 971973900
536 152 273316241
106 160 662526314
391 830 288596429
442 234 609728617
768 896 698965192
371 840 601302441
661 754 340148272
139 50 455724311
690 15 628158539
749 274 750311316
578 375 766725947
905 785 595276244
407 134 493916292
827 379 929732488
183 91 560854731
234 232 417341119
358 11 201580512
257 804 183594889
462 622 382450430
136 766 968660957
597 658 740253521
487 97 378319804
100 782 314577079
400 493 341799317
592 45 602716874
954 413 615729899
366 118 618054686
341 838 603928884
331 186 910688199
123 173 12244740
821 365 623309085
714 120 476294506
494 655 755414466
404 409 893743514
495 356 299801572
424 737 967162572
7 1000 988283071
591 787 360381026
957 600 400826213
550 541 973623376
476 861 372337089
781 156 292912056
882 586 592816600
105 849 832834515
946 307 183191890
573 945 638103320
513 296 862222649
168 151 848506006
694 47 521821695
114 694 437898149
199 966 569385413
58 762 565033917
443 248 541985498
236 943 198317221
999 175 517571201
750 618 338764495
597 664 457225207
355 649 597947906
826 575 755722163
668 781 435110969
968 21 920616175
863 207 454252235
719 456 558051175
875 204 173781451
160 881 832878944
138 475 569696689
103 381 707934699
74 125 99863353
439 945 516232554
12 998 629911946
270 887 414269523
846 110 555429019
445 802 703841843
224 496 869107154
811 154 328375030
518 873 926323437
111 331 596096612
9 921 225883429
426 929 933256686
594 97 950470800
28 390 893074603
856 158 556667334
137 666 302713244
184 718 666322887
230 816 977047095
369 266 328948252
979 562 985494819
703 289 421918523
148 627 762868543
295 430 336032047
622 928 204117224
272 550 337105528
45 80 863366523
372 554 824915759
802 221 225351448
893 680 497072750
233 473 677058729
109 36 217096686
751 295 186609186
738 591 14247920
16 648 278583562
807 885 546098529
415 44 839489849
922 897 484736568
306 329 186955234
230 893 338765858
748 493 808843475
917 174 92165985
547 956 933514747
219 184 790396401
562 498 125627180
313 118 832010476
807 259 365214754
258 920 823034414
614 924 596446404
885 776 792276028
757 774 870899625
880 375 584452705
15 623 277325533
346 645 748862233
895 104 619453668
26 75 392716979
155 9 346948606
507 854 327358001
283 128 26025900
527 509 184201330
992 866 135578227
749 777 197699474
877 17 757244383
452 397 485244561
49 952 562166986
228 863 333483314
921 932 744212445
499 722 307010597
180 155 445825623
460 593 264018279
68 966 915974925
771 115 56763113
786 669 782221233
813 694 954222447
654 256 214058582
69 319 152719291
654 45 586989875
374 581 169542634
617 14 779751078
577 791 877623581
278 654 384673148
991 275 951385947
808 11 40828271
171 208 178439093
35 9 141218799
899 584 283816106
471 145 980006181
691 573 455371469
575 61 598872884
821 719 642836388
666 529 802273217
715 934 868806867
943 528 991292341
665 806 655363962
137 358 335206721
666 669 274239962
762 463 813351458
928 409 892418366
466 579 447893541
497 670 728657944
132 240 11346413
466 84 8321641
152 159 415366132
894 34 445965414
124 545 647594959
111 115 964945240
810 747 335738293
209 286 294825155
605 347 509340737
459 779 852796362
992 590 779118198
752 857 502218449
374 67 136018948
233 369 811446116
792 47 241693641
492 432 21007958
826 580 733691034
898 889 470469677
158 739 302785090
95 687 866054589
704 145 952858314
740 725 152282386
38 664 762334202
140 601 740531859
787 13 750460704
579 804 892519011
117 276 220945167
443 445 18338826
45 325 837771370
560 810 18853460
819 519 873539106
870 317 827289977
87 803 106848316
790 242 826917245
725 821 851450583
754 300 98392793
588 200 588052333
225 151 605994331
670 709 932774488
64 232 622881610
460 993 952242328
894 926 906753741
417 561 881358803
377 554 526058892
693 594 197860508
634 820 307286167
242 657 137909495
131 578 702213254
180 227 34085660
139 4 467652066
910 633 517578363
14 261 147052995
183 76 962602240
555 627 618451130
399 603 982370968
453 972 520238064
815 511 793604850
738 541 65021583
499 335 153634698
781 300 605672800
608 520 855613922
519 154 797353652
816 73 326895122
321 525 249826952
21 896 263069571
658 417 778311907
622 471 832523767
345 335 901987971
467 372 900653259
91 173 303810488
362 915 264930432
257 911 697854350
118 801 712745591
637 708 371414833
607 901 437582587
461 146 384449933
809 486 165527941
984 1 925807412
298 784 895481146
606 338 244440197
745 170 749206967
966 238 512151049
718 21 694905873
983 576 968116000
415 11 784313367
346 530 924467932
680 918 400985049
719 771 559876396
834 446 446787950
779 434 542102077
735 315 560386800
867 370 646543900
932 884 112843979
722 36 155586207
48 900 124292663
399 999 532572549
893 174 945099266
86 667 916259036
127 352 310513554
278 147 249344930
39 303 233897514
569 861 371414703
803 370 431050348
797 698 239989713
347 790 248651294
724 647 870026040
50 86 242356272
245 137 766242580
58 307 746544381
678 127 639430524
74 389 674008785
693 394 626093201
320 73 867872427
119 505 900086499
490 310 105705795
78 280 700612627
444 459 319416398
442 255 996798904
113 850 7282687
458 745 263813254
869 178 389503697
390 5 755250093
691 966 123090819
701 674 327753854
706 92 968242532
467 492 784345684
878 1000 35696336
695 667 855232177
110 812 729249786
406 837 324605863
642 355 797188074
970 988 26785400
853 473 117147081
351 829 2928256
318 581 174038620
913 217 678042707
678 52 397182414
97 276 517464866
526 145 137449393
467 423 235707490
691 556 15349062
199 915 475554222
370 505 828242428
392 631 998266092
130 868 720427574
655 517 168353967
101 350 725731409
150 154 83774172
73 949 147261413
216 649 836675471
793 279 407992138
655 649 918715967
595 439 902277981
279 947 809372447
643 607 947859331
864 627 165392071
558 362 807220205
415 103 457100307
430 58 617173533
246 346 310169675
754 742 297934761
530 317 933726596
409 430 683411263
619 576 329556293
140 893 708194280
354 306 136425324
951 680 277279888
331 644 745200466
77 540 505228229
29 267 164881197
613 743 36189631
757 777 201209270
829 223 601124000
125 452 414738955
427 613 520321276
258 591 154203093
177 867 23197850
903 44 821701037
204 403 121393532
40 558 45198779
39 49 356910876
69 944 312903840
130 212 445176312
613 510 890708117
384 893 858467152
818 330 461840084
544 520 426217774
822 183 190283574
918 98 284624038
239 921 511331869
393 356 480098911
196 976 162007187
371 79 916646737
277 745 900044979
656 765 512590287
8 332 490689095
819 522 68387016
747 90 382175666
806 896 961059145
611 141 783051024
286 378 231482437
366 999 507533211
186 391 656482456
462 223 886274384
376 978 123892553
48 852 255751889
71 593 356382223
645 344 205742477
167 815 658099222
37 447 195102749
773 631 137039106
772 166 967572721
229 39 804323380
888 926 763642155
370 141 368347723
720 638 580897226
816 121 563300589
924 586 48195339
565 589 248781510
636 198 985200139
913 138 707362256
400 479 363014320
327 132 528107477
746 332 500721098
987 692 623767345
542 295 22946164
475 105 669326300
925 325 260489664
535 685 934297767
217 176 780943250
33 79 643858118
247 458 386327500
347 741 806848398
620 902 588244651
485 822 971182206
12 385 43968368
98 722 456774019
442 366 38295106
65 262 803866999
381 194 72359506
435 270 932223211
112 2 944616512
192 14 478294821
415 511 917734077
37 538 616034667
488 306 663567728
508 468 838145666
408 9 556252701
150 336 965331057
786 979 446135812
32 648 472540810
360 286 299955591
661 649 43114922
337 642 981928462
97 810 356460223
620 495 416888878
79 176 881388938
625 378 428923400
130 700 792060837
687 757 311740399
783 804 498430407
153 33 593029965
937 732 128161095
163 154 773154246
273 973 26990558
372 455 132424349
156 796 891403696
640 278 143096919
141 150 792686989
62 652 708599453
418 104 377395059
565 221 138028134
371 599 762374999
615 911 9792597
410 342 512937508
95 530 628970847
863 260 469554948
954 805 885497776
362 503 571781341
659 781 751280079
169 193 840152605
748 84 306733055
452 179 755077306
667 662 949417960
107 325 242087540
52 602 757460087
189 550 883999581
978 340 815072257
304 445 966701210
375 570 838127790
320 528 267681643
418 685 647879956
527 778 110980200
587 862 456095522
205 297 72809228
345 386 9181503
854 899 937868151
761 856 59942322
117 623 385774703
99 982 106683971
475 517 900578727
119 590 416510498
196 768 417315396
646 431 135266312
170 570 264889756
233 413 520619676
983 435 53688896
507 944 599923479
98 661 822551868
675 231 733320234
832 289 23127964
965 777 592873758
199 792 721946674
500 743 7872317
479 484 919899031
450 95 947743088
620 979 106522734
384 228 587950121
549 55 947447279
66 76 523673986
794 411 997614243
202 144 899320742
869 735 978919276
794 943 819263344
967 92 874646216
126 651 83203921
586 749 197501014
762 919 208506486
933 730 667999384
196 864 525801001
18 311 384286969
321 263 213749622
534 33 847453202
742 373 371495698
870 432 584722472
299 240 996929912
613 772 229112825
243 131 408615765
740 777 280209336
870 638 198006310
982 567 583731284
171 130 568490782
101 767 342715136
866 966 82993228
352 115 592781551
657 950 575440893
497 79 551901535
192 182 447056990
499 807 417521625
520 892 971551078
444 316 858044598
904 743 673267442
307 475 257867749
833 315 31295281
541 792 493441514
455 43 945377089
905 608 762481961
802 228 242280474
882 555 66064228
604 674 751782827
225 557 393899393
960 295 746560578
795 557 958419856
183 350 882977328
335 319 295270669
512 703 29770156
262 122 339902817
275 69 759839991
577 556 68460718
672 141 789229249
994 96 656572619
520 412 641705675
343 224 151606925
605 321 858026700
629 237 752307528
413 509 337481112
790 134 22647445
12 282 942279295
163 965 983312468
192 49 216364787
215 100 93497588
66 483 566513773
227 167 506838001
727 133 91763856
274 600 408548510
301 334 751803277
868 201 916691236
462 784 206484681
774 193 117191626
794 194 708455357
346 692 65898102
947 229 792653086
754 758 7538291
761 413 701741117
380 190 173158003
212 753 503695535
65 139 832492248
195 846 210007088
769 481 763063342
25 780 597064900
360 725 363810300
51 886 763343135
893 754 393486268
282 269 964802374
548 555 925093926
669 273 530137461
179 886 510924468
836 998 494895427
822 473 415551842
910 964 593984259
573 218 942492342
542 544 55688557
944 962 652635135
903 160 566466942
22 782 770069985
670 930 906912924
93 445 498650384
776 754 114936572
673 554 881529690
668 942 816133704
523 273 604174571
50 461 297747579
483 166 146056140
238 513 751243535
630 275 311356332
254 277 304035930
333 32 178243043
236 121 640154421
107 544 815724979
891 725 85531358
458 838 527196368
560 157 386797343
124 101 283371042
942 263 404673711
161 692 714960584
20 432 538896343
308 193 857785184
351 622 588052312
343 46 433136517
852 303 889564043
848 858 258627480
127 366 398212554
963 657 636282563
8 846 299077134
280 423 787434299
149 600 609898201
706 95 679854788
486 183 322915670
575 568 341397882
805 357 430537662
91 533 69955789
627 654 562509308
219 776 405310156
445 573 235499155
347 327 501101991
400 483 664828351
184 82 891817326
812 23 397187290
503 584 836020255
571 816 848331777
472 333 916399582
437 469 105097719
299 15 259034502
796 217 729573448
2 489 952230240
346 944 935188913
418 745 5979697
110 393 471795391
158 99 948962937
786 569 745555125
990 872 856591354
705 28 775409842
133 710 387809654
705 112 680131347
231 828 93294781
93 758 829222677
621 569 769929958
917 314 396174015
988 624 631005404
803 276 782114558
74 772 518780956
354 206 200518161
898 67 568512956
441 174 381420071
410 784 887579054
481 477 174996037
798 377 450516550
771 791 871737709
748 67 573239801
271 221 950300668
3 730 520735590
650 780 873297235
645 176 768370586
603 252 530717114
212 307 86787215
186 348 925708928
931 336 882769398
451 780 974335590
965 742 614878262
256 776 990840892
594 77 996438963
916 408 615683532
88 70 893962835
963 396 334199031
76 369 298702653
871 8 271374110
38 968 350812899
45 353 176430275
722 319 57868610
914 459 45756271
348 424 494469736
637 563 760301013
987 853 33263926
740 96 758435383
332 100 54370919
310 625 386663688
771 245 401845712
591 30 590003154
816 835 356649961
730 580 607281241
35 182 431436683
197 348 750209025
711 297 132346875
209 804 92104044
504 890 367863590
135 711 851966055
11 73 606093358
144 939 434215942
908 325 381867045
707 237 547526412
501 976 944660247
969 865 891004561
59 496 598553933
786 879 70878430
921 120 55801552
440 350 89335963
860 269 884699947
539 35 981380651
322 135 424168309
873 421 560966999
764 116 189827214
32 27 270005545
526 295 539734440
821 525 391191578
872 972 18859273
705 694 220873839
471 554 601468174
35 873 338458847
188 242 120804722
520 324 324574073
587 18 198617296
167 831 262527684
515 662 833581158
31
545
430
314
620
334
218
859
28
682
878
488
754
525
208
458
559
584
79
723
726
239
737
372
596
892
712
253
474
50
67
729
