1500 1754 1122 439
527 1317 175502152
1130 375 154802601
875 755 312656934
1297 398 668607179
989 418 430935587
895 500 761007819
1094 430 484737055
648 84 435934508
999 1068 952681099
936 258 588361950
944 159 260540663
1361 1143 596687862
1434 1200 982148328
1418 1303 554162337
1346 685 973176814
1110 405 541634902
1076 551 945509622
11 748 136712778
148 635 978326236
574 1269 603138089
992 325 166687300
794 38 371578370
914 894 504859818
169 918 56688258
719 1353 390460598
798 509 56148068
154 1200 170353620
167 798 488864296
274 922 11398916
819 447 307134210
1471 1495 819052782
1265 1127 989982485
271 703 148502840
502 1127 403999456
1263 546 455192860
484 417 663908856
259 218 996946740
745 866 662198007
220 915 736261784
241 756 126181044
1266 2 473334058
931 71 345858739
1294 942 638460207
69 331 513600223
1318 172 654643746
545 1274 138539126
852 238 572752580
1040 512 505349188
895 1260 628908151
252 752 738691603
558 1463 916363212
526 1347 51830113
1346 788 19433562
1032 18 291914067
1232 1418 815563217
1148 813 833304042
255 296 70897742
615 291 463199860
881 207 938309616
753 1483 192401220
1301 392 855454634
105 1428 195541156
866 1137 225711962
103 800 90769674
127 1100 817592602
765 709 14052490
451 580 25422806
1499 617 899129228
1267 315 264676639
1351 490 776761022
1453 1391 35704381
1251 1084 384979019
1262 877 120764554
300 722 234419788
611 1274 5725437
950 1329 686966911
1158 1250 176558853
132 418 659224374
437 771 964951191
57 1472 27112337
1192 732 551011722
492 657 65562863
866 632 328865826
753 1425 588103585
222 925 202690281
698 1200 485160160
1410 729 938502085
844 772 875582465
1239 640 148339271
1368 1207 421196518
940 1106 269455680
1128 18 407514551
285 651 855073178
356 1084 117137362
593 600 82695780
1066 1010 444950527
183 426 816641582
1009 179 961861608
881 1414 805691286
618 389 439772359
794 121 604828962
1019 1073 769188705
790 260 167554641
1157 83 36853554
740 112 666801644
845 792 192067817
1003 154 822926753
467 334 478507030
477 877 133969617
280 198 163591713
1039 1106 312039080
1328 860 939866749
1416 585 885974894
974 249 21825566
881 1184 565396252
1275 937 773933096
569 458 592382770
13 387 393511912
1351 1097 888512967
320 60 426505735
127 703 46881249
80 1284 17651452
978 1336 144266502
1030 1304 504370370
1154 227 507021842
1190 1061 384101835
588 157 610353995
1288 520 938966835
1341 314 425015730
783 272 389500473
167 1236 344284571
351 1495 205055722
133 649 385645696
444 997 70058526
718 78 21358097
387 1201 287326888
1135 1170 253283470
434 182 636478920
22 41 899334233
845 973 521340644
646 680 759121606
1334 815 604349047
577 413 294050358
1334 652 555537481
885 176 713053027
517 187 906829024
1461 1214 919089148
175 356 743128630
778 524 944757364
945 162 709462443
467 1070 578765078
1093 1382 194796348
409 181 671586908
655 381 766081013
1299 1220 38990977
1496 613 164328356
467 1144 724524629
636 697 408188879
416 576 174245711
534 1264 644143079
1174 1090 906097384
730 1114 10028732
1137 76 524386086
1122 1261 462079796
951 349 670755958
741 90 902383671
1230 5 55707326
1075 1373 629755885
1462 197 460397491
896 158 754257451
1087 989 961032807
1484 906 801766442
1380 982 516879397
512 630 762908025
594 576 380925568
779 795 924762676
758 124 837356713
1307 382 402234998
1029 1053 742611969
66 1137 986706699
576 1078 424152047
1322 692 800920938
217 631 509056754
444 293 306190561
48 382 179600121
289 1027 956284690
651 697 204979442
1086 1371 603177885
710 375 406389152
1500 1382 985827102
635 1063 977134513
418 1491 51562841
1363 121 568914191
1230 684 899537076
133 669 406910838
830 200 43106021
515 596 823633990
1452 298 746648299
437 702 293421977
1353 1464 63087169
375 184 40270488
1464 526 295173457
741 332 25012490
1275 1395 985679654
1160 1454 897271341
1055 1373 82994278
119 440 221254857
219 601 347289470
1341 568 886878849
1312 286 959269406
1241 1399 57037419
1076 777 856850920
246 110 540832483
439 1497 624724067
1013 1452 819607196
1167 571 874772533
1109 886 537631991
1227 847 590040977
1109 1153 84816279
1015 999 753084910
677 401 520752949
882 180 462982393
149 86 929965488
24 952 475651275
1146 672 515218791
1273 666 342531934
390 642 938659787
723 88 850270525
672 552 831533871
1288 154 190301050
46 172 390537697
904 378 838407397
1165 823 617419902
151 1007 197075066
584 335 487329154
367 1082 554576667
1328 885 111899166
330 398 583472766
197 637 873746510
1380 809 253271400
255 1013 742765610
1224 245 592139547
1126 1286 640690299
716 401 892509708
1159 360 338606225
485 1019 180373976
1050 490 310471506
482 286 768353401
176 422 698001814
1282 639 442445492
782 371 850463154
1184 1416 830503381
305 705 917344338
278 687 788554398
1332 380 684016780
1371 248 189016444
110 1243 522754865
1158 1350 744216572
150 135 959960421
1320 93 532635516
1496 871 569791089
1030 1416 398815525
601 1386 642030295
30 1244 447121176
298 829 610363558
1196 761 634423015
569 1455 883159312
404 921 672199494
110 375 16643897
176 56 617530113
1031 274 941673041
1014 1482 818218289
616 172 245860068
805 1378 433723562
897 411 49591664
1242 836 2163383
620 1412 707460151
590 971 69836553
148 337 502863958
685 356 964672235
165 1152 520999959
544 61 50946490
418 900 145991298
518 1410 344278164
405 1458 601642041
101 388 620493647
1342 532 427448709
1388 1057 631099565
450 495 457586603
889 85 145644493
1018 832 764584324
1431 592 809527523
1446 881 89605964
1138 1001 300821291
719 682 740774329
535 1285 883008026
1047 295 866680911
449 1320 543167958
31 417 819192562
627 199 66243304
651 982 313657020
196 1410 90124080
674 252 609407505
1271 693 137754649
830 885 282297839
532 1488 480166924
768 292 226331274
1451 1395 824685865
373 778 406368535
1450 602 825637172
224 788 189761768
1112 24 984150221
1043 691 781603768
1363 782 172572644
1492 779 389503304
78 661 247465834
929 206 437175850
646 1281 129419852
339 1436 581817820
853 1 28396956
684 58 215223319
1245 572 160101393
605 328 670208873
95 1457 704384689
97 1412 833524481
920 1064 688881868
882 259 507881929
553 341 769599276
765 1058 407766202
419 1026 384861833
941 1176 43716714
362 1491 414139202
180 753 708162537
774 195 767317578
258 1052 271288014
746 1476 609360736
1224 212 940786316
288 1333 216480898
1451 970 979397897
626 989 208585379
886 215 445839473
983 40 251006875
970 363 832865862
1363 603 937567582
624 160 295810491
865 1410 18227824
1397 1190 171190082
675 570 75598744
622 1266 930674019
1101 1184 419288275
1157 753 993628367
662 1060 536832907
548 1028 604772789
64 627 240605704
1309 1013 174294611
1317 815 917803046
1300 941 172999887
1452 760 467890504
229 727 252140102
464 378 581564812
1258 1104 60877093
1417 7 591701056
338 997 509171384
112 1145 239824787
210 878 616029696
792 1314 999309711
376 900 138506696
39 365 1689670
338 265 622301178
502 139 855557451
340 1369 777946158
1240 1042 521032804
550 900 40813955
1045 1073 522919805
1496 275 367501746
1326 869 755735006
1138 978 432934751
353 1210 699374752
61 779 911091122
1235 801 959306845
203 223 752988454
997 1290 520534054
715 974 530811296
469 188 342843321
1475 568 454872003
333 1134 243882739
577 527 910511490
384 564 764910211
115 12 578684406
1161 963 223153120
284 859 49613937
1073 27 508755068
862 1184 377731794
942 483 359257657
130 1405 162328858
907 1275 789426460
632 1012 489900095
692 312 168968768
1466 1274 198205504
195 609 211109900
336 592 967788409
300 2 354251176
1433 152 836124472
698 1290 452814764
7 788 683181967
366 590 411116058
1033 115 289549931
496 188 562882958
1178 285 846939109
956 216 212551603
744 1411 120346071
1371 842 906299641
820 176 90075826
1103 63 351852420
671 19 19978639
1357 1289 81133927
1370 503 542142339
356 1455 144081937
986 643 542787638
218 1388 365529863
830 399 203179958
415 1188 628184019
165 1024 203118984
363 1398 521819451
905 1410 917363456
152 575 892958646
1408 636 586238162
551 461 279349531
828 742 97113064
1337 519 874636699
881 86 229811573
579 1144 320478193
31 1000 112465993
159 1238 492106967
1241 112 426980199
273 1093 957966779
1135 698 549936084
404 1304 288635570
1326 296 800503217
41 962 709275565
1172 321 893215372
563 704 806221546
554 757 435881714
689 47 269242540
357 258 623696200
391 789 382224429
816 1140 737461210
1455 1211 454902227
1119 828 93009972
1383 690 761557154
1239 911 872985008
1042 909 345334002
1042 634 925687632
545 807 806693473
1308 797 733326029
1394 796 960862986
1491 881 689261807
1021 264 275245046
386 562 616561951
726 943 245290706
580 1189 552371770
270 1122 239463138
950 866 829523111
1168 788 151712053
671 926 349303723
762 1019 492439578
556 498 592873467
548 1148 437159378
984 199 535017362
581 41 853409926
1100 775 879334085
458 896 226559355
453 1261 976075923
496 1210 899899267
1476 614 960610369
719 1145 704151734
327 516 427139622
104 1163 948535650
764 950 25369539
645 204 609293887
362 739 526266646
393 1275 371142631
1472 358 874147119
702 889 245659524
357 1383 730788355
580 725 891632842
1091 1381 101568383
128 1500 641734952
416 1408 775496672
1429 1165 107053625
513 1449 567429953
1274 418 475778944
887 1044 167527541
959 108 493731156
134 513 886418198
1057 211 554139929
996 599 962715358
114 843 666895024
1289 1400 974001717
83 924 179281200
1348 545 668013066
190 407 439788757
1262 216 117521637
279 527 34221112
1147 696 464472381
438 1408 171096256
750 370 82983686
679 1186 632245336
859 976 546403470
413 462 62207074
313 898 185165449
695 432 121019882
1355 586 644859754
1338 1477 382112542
993 114 513751539
419 1403 590424062
1482 780 807319311
1096 1149 231413839
275 150 386397407
247 228 929178836
632 364 100459282
1256 374 715132352
191 544 333156473
370 96 226507878
1001 137 66649049
695 1411 585183794
443 755 617484803
1484 1389 437048028
806 4 271358754
747 1448 360117209
1433 1334 538395475
528 911 33837333
695 950 161065595
1154 16 780801759
442 621 686365011
519 533 820065061
1066 1361 729456583
1079 54 95127008
611 704 643347072
113 137 812373713
334 261 705505727
401 1403 881694829
1229 638 886740332
423 949 617072149
1440 140 705052782
1219 1294 385142153
263 933 622151485
1466 1145 985912222
1467 933 317638068
502 67 809754671
1109 641 756611627
1031 1217 333020497
1352 229 636895173
1466 396 928202186
1083 1055 534259717
180 410 904098498
1371 146 320229799
829 479 584493242
599 805 853316269
437 283 582575038
1482 434 218694071
980 1053 35119830
950 871 10921623
382 559 351469761
1351 431 817026085
1226 646 877987301
1244 205 246438223
1415 514 932121472
817 240 770957171
792 693 296276516
1455 143 457019888
459 730 184316257
306 646 488141050
291 871 179851971
358 1042 402143149
871 977 720038910
1079 1278 21293412
1131 333 572564071
476 1000 585667147
1164 1091 142502310
1 908 811048243
1063 602 411229098
1076 1318 782492325
867 1460 852184540
578 955 271161657
805 319 264690583
693 1196 343793959
219 827 384985558
1455 1274 254745886
477 416 331738670
459 221 392209492
1234 144 34097407
671 435 184081374
1131 1108 63071974
730 544 267641665
1097 144 623217013
1497 345 236650568
1371 1186 145100070
519 28 990218775
1235 275 488701067
193 20 138636160
185 544 12291274
1302 398 260997780
1265 119 636143945
85 27 507286397
1490 418 780276900
1325 430 755842699
1494 1433 450799847
1150 898 866048908
1179 552 656055545
1494 1203 944160863
1212 765 169384790
1435 472 8126667
848 64 385787904
116 1038 329442188
1081 1245 120146871
69 435 63487663
72 1253 168666727
451 383 849389343
1025 100 389149921
1032 1039 738112894
1365 721 502606285
1004 977 582334009
227 84 778962911
1209 1093 844205270
1205 665 238317385
795 1224 236638863
1112 719 820555888
280 48 317750820
1083 813 447264738
448 453 100806893
1299 1025 860857222
1264 1073 675269934
30 426 571189012
1350 72 148160942
368 436 101813191
332 780 242181770
506 27 120191313
505 1166 72047430
487 97 308521487
166 1198 560054820
1151 544 891005054
647 690 504737977
1011 1025 991291372
554 1323 715211708
1197 459 200272498
502 1450 268742177
1459 302 388593697
230 451 59004261
352 866 447353210
1465 315 757573419
1304 638 288904483
630 224 82190856
473 89 187702488
1313 1010 951215514
618 622 310719903
203 1 233950687
249 1153 603424063
86 834 299908035
1235 998 529079538
1414 785 970365690
410 1024 580321113
1486 537 765934352
1094 630 836667311
1165 646 871772093
597 331 661704769
543 672 422979197
580 683 608432669
122 862 73255776
12 1465 642486793
975 461 670740766
1021 898 735110839
1225 1328 771671662
1051 401 709776438
1110 459 64964247
1085 432 513052330
202 644 236322630
369 1404 816971839
148 111 305800098
655 455 169417818
605 831 183128222
965 813 367862289
1259 243 877821581
236 1209 903236061
610 139 30261243
520 669 815923342
28 652 350726073
1413 611 573679486
645 734 277596217
799 593 193780745
603 1370 434923036
998 1480 828765756
825 273 407422985
1018 1198 384405707
1327 1072 806008768
164 239 734299720
544 692 330670190
577 1261 427767698
1452 741 55302210
874 1416 674849674
1004 1231 279393599
650 762 582773773
6 1130 340573012
304 737 753512989
1030 161 262458281
19 52 856035681
1335 1033 841115963
672 687 602159311
1375 1224 870050986
871 356 626581671
477 811 632161617
1056 1420 661581730
540 1332 576249751
1460 88 973584235
359 1022 371624068
1355 896 231276110
703 1364 63572119
311 205 753349678
678 443 557947861
229 623 668862652
629 1253 175402277
598 396 838545638
421 1275 173322459
521 90 827176332
789 559 174460049
275 49 652944249
1210 250 387129917
919 32 935690384
1074 1048 401032832
592 324 210771013
1023 65 297449532
1157 1115 173022543
972 672 806515048
883 347 496108187
129 1362 878100774
408 164 792522115
1076 653 711073045
213 1237 882447679
1047 1338 150727140
94 71 461811611
584 587 276290855
71 499 970479338
289 84 897476717
313 562 878494522
1464 710 486103441
990 1237 486435016
170 815 554717264
290 804 916411318
997 340 583747356
1315 762 839764731
1435 1490 345735471
625 591 663882394
244 1488 78522338
454 478 343928086
77 553 960003902
1466 395 280909348
1084 1495 865414099
208 701 757221026
112 1330 415925192
1310 470 95125959
526 355 772107571
1259 125 368663452
137 1341 256998826
807 1005 391856811
1044 774 390484762
855 745 780705525
1114 1325 2446806
879 1331 536580648
30 1256 874937843
328 759 911088913
140 223 31252946
997 97 489962063
488 283 861044733
1490 511 863068745
1486 780 876573751
759 418 686516833
711 1419 780818893
907 699 569017705
135 601 153063218
736 523 489854805
832 802 429946058
1124 393 634723378
348 1393 637362949
1261 1441 578795094
427 461 46831024
573 530 445386713
61 949 673124487
337 1313 733796163
1458 892 697088270
880 316 449930118
441 966 596353952
1422 707 923585838
1064 796 858469832
268 316 422259414
155 203 438560719
778 969 258935006
786 642 266944405
695 890 797614682
1063 134 243733668
893 788 723476813
1207 160 907670401
262 628 44665878
37 487 338707525
1446 1316 732197417
792 931 849692781
1455 1042 711112706
73 721 32866797
565 1003 179990615
118 1193 817190794
1418 876 20331149
882 1173 880022633
1169 1147 999562860
985 310 414984930
1402 1457 88749845
1403 253 377634969
537 835 56783666
1252 917 113431503
1107 885 774890608
503 38 758136821
36 13 196212266
1060 700 860065666
163 1095 99261286
398 733 574764805
1379 7 485309956
191 916 793182077
503 857 871317812
531 1439 57751016
1160 1291 658649896
1345 1153 392132633
1414 1034 75363850
1432 1281 252745934
1252 1141 299655216
1422 562 6128897
487 630 858186638
863 727 894503550
1002 44 179469420
343 845 677823925
1314 1178 69216600
1383 465 418638545
1073 738 396157020
1095 294 383376905
308 1158 104208756
1122 348 131019573
888 637 259831354
1423 713 544517795
644 814 193447139
1100 1425 882466091
824 515 459081838
1373 524 467541888
378 1216 619072537
671 193 652273352
1383 1337 255541783
942 576 193210479
615 458 858214784
1470 546 597178680
181 685 949002121
995 1252 828005780
743 247 523734004
374 1363 17131831
279 786 19697865
1314 1439 974354407
925 994 115085126
1082 747 849651094
646 287 783748115
520 251 469028275
355 786 924658361
1205 582 505143228
877 74 427070549
106 116 742424343
453 573 770732424
1484 850 244472866
465 487 640478129
282 336 437006984
220 1318 139585886
24 279 861706966
1401 646 589285375
613 810 816492877
1036 1253 77823196
1493 695 835634169
1330 549 325043016
866 482 683808770
759 13 580978710
1455 1321 399444033
604 886 650047052
1259 793 220032790
1109 393 613376790
874 1089 203610488
20 659 229073149
533 716 157235532
967 621 697583192
1292 370 880027386
1199 1022 592541954
1380 641 658649662
1183 1417 679513421
1152 611 583439931
548 612 231472693
1196 705 132483285
397 31 141952728
227 781 504060223
1057 939 372773669
569 1279 718280658
968 1317 741988308
931 1161 34722080
701 262 264819605
1377 474 318747209
1126 1365 498707339
236 863 562535564
117 917 819735291
432 628 15203873
640 1193 134743104
1334 1076 786596421
932 634 138958594
1255 979 154971797
1093 1195 857360295
298 762 888826271
1082 420 818018312
331 33 732192437
1407 981 678778728
1402 1265 160737541
40 1499 850436001
1048 1031 342011878
999 461 150791071
1239 685 242354804
4 522 757000978
1419 267 508998238
787 40 663501151
241 214 270546941
1371 560 824220631
786 1469 614519209
922 414 478155562
820 1318 875864648
879 529 219595805
759 656 400165671
866 566 88003450
967 866 890540812
1182 1008 844535624
449 347 193935499
501 411 997943612
262 1289 566566808
1048 1210 295994991
1133 887 802701917
288 443 760529488
48 294 439197518
1268 728 309265115
128 1095 776431737
359 260 102886922
1298 756 864764962
601 1157 853976204
234 877 806281870
684 505 570828724
1065 1100 726573855
578 1274 467119284
1274 1373 884377248
648 1395 242507018
648 984 900484834
42 791 125868601
664 929 943210375
511 321 292019900
1163 1465 534708765
703 1464 198831671
985 1097 470710638
218 78 783812847
74 809 753883157
389 160 184481916
183 1492 158440532
231 835 578611644
1182 384 2079013
825 1319 206429707
400 160 597264526
777 734 330164656
642 694 709492537
690 135 728969625
1294 328 665602371
1245 886 962276427
383 742 728876116
209 99 464426003
1007 65 294562031
166 51 979810945
791 1343 876420362
373 279 265423126
1191 1238 98387937
1368 1098 435823420
1261 1082 312272134
868 1088 815047030
298 1127 272268476
933 580 912482775
562 732 908523398
438 543 625318840
14 441 89045754
257 917 397727908
180 356 970783194
1076 1316 350732439
950 1135 847251300
1149 5 552343400
682 137 473607656
1327 37 836706178
744 936 416364187
1417 562 836604890
956 1205 555677355
947 477 484716316
1144 185 414643603
378 369 641450535
293 443 541931695
40 1335 779383228
944 751 127620114
474 495 402961265
744 1048 630511255
753 626 228168683
396 568 285625142
1184 858 408145483
326 1356 521764248
243 178 20042984
1272 518 13630444
339 815 540456255
1183 26 342757883
1280 589 891383079
1092 1350 757542778
738 1479 263055176
1349 164 586772382
1466 1359 155321037
487 1258 315063798
242 580 442115160
729 758 402578036
86 132 939609142
1311 644 783323340
1429 1298 136325075
593 1304 905429249
929 825 855376496
539 225 560062779
433 900 871171346
535 584 811006686
143 1396 9782717
1334 477 831921881
1344 1486 742925794
299 613 824643899
628 237 797274645
275 121 36532747
26 194 62098178
41 401 6938968
1075 818 85718945
955 1478 108194446
276 139 301223080
190 1384 501781771
28 804 23435585
854 70 407776753
1458 607 790326525
8 1030 437669693
1060 1218 827476743
525 44 847186968
620 1324 458690716
602 1016 192159341
116 125 444987066
1133 346 461100475
787 1062 577937687
498 1136 529657131
125 145 951806036
486 758 849104100
15 624 299418482
631 1167 283915934
709 297 58692741
895 886 512242549
85 1184 324784806
1270 114 263447807
257 254 84246317
271 961 951873952
395 619 912528416
759 985 41818652
292 211 800727525
1169 1409 821017709
909 1184 782799935
762 598 530390486
134 474 452499063
103 601 879057975
151 852 699269337
540 548 476109475
557 1065 894562658
1218 17 511521071
463 1005 698296758
1374 624 132794380
445 336 673204823
583 812 459776472
1354 991 597797652
435 54 658844464
1287 700 126951614
693 971 900307337
917 61 902065186
297 296 623854400
1356 140 836673074
393 841 771722478
1227 960 581777285
453 31 389297153
728 246 376584449
838 868 666260103
462 491 701131221
301 1098 591069773
195 1013 416461997
141 808 949018408
1024 1287 612425761
223 685 394338962
1121 336 504308333
1162 943 557963384
622 712 516340839
1099 108 272192849
1267 699 426770349
1073 282 779353458
1084 966 121122333
1462 940 565847456
7 729 39442057
302 1185 450723558
695 779 314573483
1228 758 820266921
1012 17 139756118
1326 62 598060025
66 1271 776189422
724 690 882685737
41 159 252562970
1339 1014 947991201
1287 411 542016183
1455 767 200180721
80 1114 683583759
17 1056 639099434
871 754 861628746
265 75 767224937
369 129 403626276
987 666 794585523
1204 1283 873826784
1269 9 702530568
208 1213 911642492
197 589 40316594
716 1059 759594789
1319 969 999408605
1028 710 718405868
126 175 539336556
761 838 529062074
191 1385 19209481
759 765 253333633
1019 165 805413758
197 270 367574964
900 471 99237187
935 1164 796876280
622 750 881747543
1392 230 975412507
1031 1155 159975250
968 1265 608144453
1201 65 199907259
1343 209 990529132
1444 759 950858135
447 1417 8031245
57 763 49295425
1160 209 193228824
738 126 954078336
1149 1394 177794603
1415 1076 476196310
42 55 911097347
1339 1059 625835286
1253 1348 908270638
1403 1255 728575545
76 795 817800709
221 821 67894640
804 697 265652953
403 1280 915376508
1012 1362 714104428
1276 723 838626621
12 1044 683180707
1396 676 994818185
350 993 807221880
1166 635 442931263
421 1020 365113909
1351 814 885375899
807 160 7774430
736 68 120498890
2 470 231355118
566 342 116696257
895 1061 666478662
45 1416 166490697
271 717 139228002
156 904 535508062
1163 670 520861133
1338 313 248843194
189 533 198874071
1200 849 48840619
1010 1175 596079492
626 226 737839149
824 457 163427526
1248 515 908628788
1066 1371 288903919
376 1324 695151944
1312 375 490317152
1049 89 726710103
1162 966 597987718
1021 1072 737913798
834 1169 10428423
581 1053 388083400
732 1204 825081143
359 86 732556275
1187 325 761365712
86 124 973220112
4 1053 974958818
686 424 320400946
391 618 122246152
958 1035 404968201
1274 1248 658020060
1403 345 343998327
759 1246 679192748
646 900 183878500
98 876 162921837
355 689 862719438
1128 1439 184861423
822 440 619634979
1474 685 784347474
527 1201 897649874
447 844 938951352
874 752 107539487
689 618 293692987
131 622 838015542
961 52 408916001
213 873 643399043
1258 957 364113230
316 1383 463416896
1041 1066 344442361
63 643 994078287
1406 1479 577053602
535 173 959267913
79 180 268055619
124 859 415231958
838 805 327994053
238 1361 689208126
450 577 999399093
729 839 494768192
211 1371 322215223
364 1029 614432290
1142 1212 189297466
527 1485 193958153
1180 92 142450413
1207 368 454595210
544 1186 936432752
389 43 912375168
247 844 377673679
169 537 428591391
712 453 258646059
1044 545 757079369
394 1200 912731705
1136 1485 131670560
385 1052 58089456
246 1145 927048411
725 1110 187907966
497 797 890080221
1060 304 369438587
1476 357 78282755
997 1274 869564000
726 137 372131645
903 1173 453376826
13 1031 180776032
913 262 398062490
1060 1492 68203577
873 362 67056847
1156 965 168766436
1009 123 515819094
1110 168 996719710
418 685 768391569
428 1045 998352729
816 1359 373506231
1208 1338 64816975
925 1153 669355276
1420 800 396614874
256 475 187931729
659 1441 376359233
395 164 464828796
958 16 447759445
349 543 870918828
468 419 574807422
1350 121 683233366
426 63 80556048
625 770 560886212
302 289 665992931
1397 53 469922496
757 147 557509409
277 831 12663948
781 1399 717151841
1461 369 958390292
930 208 882596341
517 1159 751772518
480 879 62931839
1461 428 496040033
846 340 656132810
541 927 66560172
1253 1277 931930838
994 1457 860250346
1312 827 680498740
32 755 592022315
595 110 384437908
1029 663 275551397
1401 360 68683164
858 1054 631420067
640 1215 501752570
950 370 4906684
814 1118 664252348
676 406 518467656
101 1086 566893278
1468 283 804807952
1306 1066 492431652
5 804 748543300
1305 1329 505633834
1415 784 899830449
1337 1071 431776953
762 224 904885554
856 315 174291035
70 1273 73047655
1089 455 676228656
822 289 520571557
556 496 285325058
1117 1304 414370092
133 1046 845198999
243 73 132921759
105 275 236991047
1326 1042 921719472
574 780 807658189
1408 1214 459911194
1031 964 11586913
1419 257 56167380
81 36 522977797
1000 1117 180993155
74 959 844732191
997 1312 586597167
1109 174 317704775
606 1047 195095097
941 618 143588450
1442 498 63105932
505 1078 934694639
1177 1 180692499
471 13 587041952
853 82 462383210
700 29 819833132
276 930 352093911
730 77 828357219
256 1 350183547
461 696 589325442
791 129 539425732
751 844 816424392
214 1304 590690341
1111 381 695523657
407 1201 5120265
412 704 540889857
461 318 66627076
222 1490 157280043
993 458 641626699
770 50 806379219
4 1043 831092070
346 644 885621162
1401 336 168641827
150 218 53411097
1384 1371 282615501
546 1026 829009048
109 1181 371441054
959 292 412631359
1334 1346 235092593
384 323 57526428
705 1195 873115323
686 280 285055175
914 1181 841721532
337 23 759499188
1242 578 909147376
1140 187 375632840
10 1468 36044
494 1453 76095918
564 95 261780646
544 141 190366570
253 780 262426356
487 455 228676781
1448 988 237282488
301 1423 945018987
1430 1304 157310267
142 1422 561427370
1212 406 712306936
861 873 901369245
233 1048 524128731
181 1397 868990193
83 688 214636203
1105 1265 434398309
792 1116 757829571
379 1321 395387552
354 1466 999751944
752 893 602444094
63 1066 668317462
1061 1482 384095531
307 185 391634876
395 329 184694324
501 755 891146154
1132 1155 111928283
1017 1164 287368040
939 372 784536426
460 1419 394116490
1296 829 644736842
1022 837 625617441
667 390 958384020
1272 1170 280354676
247 60 808876008
924 35 11424240
392 160 839413885
195 627 852131676
1213 777 810803321
1174 1236 135672656
338 461 434502531
988 633 605989607
5 300 427369109
400 1171 919639475
788 1302 697736214
285 1123 294276593
774 1140 726899495
684 803 471900157
1196 891 146714172
511 778 423090440
664 449 848608495
735 1285 900017415
1367 234 38378256
91 1379 894972910
1376 1321 199740672
306 720 427741213
15 120 337261887
1297 1237 985808922
1222 1271 654095682
48 215 111581569
1368 308 207552905
1194 748 589422392
161 998 667157233
66 542 729092838
692 928 597003078
912 1466 216760229
153 1255 524187420
1006 1283 801629173
1222 1371 250152158
134 21 438391028
89 993 232164647
1438 1146 306186443
34 82 782687824
1447 1409 356031595
1061 1380 271503177
1314 272 290525817
151 160 235804076
107 917 97616774
462 516 37681423
87 209 974413187
680 500 741531033
724 18 271865971
1358 1137 439981015
259 134 847660130
1257 1482 838591440
882 1473 955240085
1001 654 885793622
1400 305 139663874
365 192 386067870
1346 269 813940482
1259 990 207652883
165 1186 844064324
136 1133 153747046
782 963 829030661
779 471 940611049
938 1105 191065725
89 1304 759923229
1343 878 601054364
492 699 89149577
1427 1060 114696182
1122 545 874809293
1378 1077 425214202
541 417 548506613
1359 731 801062506
706 753 933339154
1021 720 196892422
1217 766 85896455
391 360 173816970
769 154 757581728
583 919 646842843
392 1172 93111784
1167 197 784288892
733 1107 320889275
1498 19 579679046
934 1149 737565337
1177 882 550592088
567 1124 830017725
1350 211 339477579
1322 333 524744557
97 832 348333738
783 1034 454269075
369 1044 164631969
206 923 939651469
580 504 82393843
510 197 590780224
230 307 865512497
391 536 841731955
944 673 215773736
401 1273 330148185
777 760 5394843
206 191 25042799
836 1321 32792881
11 985 874280072
668 604 416102576
365 325 499209253
1146 1312 923015019
588 474 243962890
339 828 859105273
289 618 784924429
611 885 779833127
826 1063 608105264
1487 580 630387759
545 309 630599922
44 748 276386857
1098 1080 50034146
627 902 286022849
1460 925 1313396
578 346 655647273
110 960 851702551
1069 538 193247313
406 1215 478236294
498 850 182153045
657 1375 466666334
1463 756 563270967
825 1297 587176176
297 899 914710221
1173 870 196380504
270 1387 349785084
1458 1205 51230414
268 873 794383142
818 107 51443771
1253 776 894266337
564 1259 165240079
441 1043 627807976
1134 980 33606225
30 894 303015254
50 27 766793463
283 729 926833424
791 580 608479095
671 546 722897027
459 415 902433949
739 681 307569039
1052 501 967216030
179 125 993376706
361 420 76812142
977 1233 444089800
84 1335 544995662
607 481 342687266
970 1297 572393640
108 619 23203606
826 740 841867294
547 533 279885286
608 338 101072352
176 171 954698564
1422 1377 923316029
162 1183 296966916
223 1249 380050812
884 1193 960309011
1467 715 291831276
804 19 929935783
25 1399 135414074
381 803 440547512
334 788 970278914
453 1426 366168750
965 52 966957223
1371 1147 829673563
1488 348 464448615
679 235 678922282
543 317 730846121
933 1032 953571992
1467 133 769687449
577 590 950427108
1302 531 826738934
61 213 742287106
178 92 856105002
925 864 569012180
705 1254 449013402
373 1036 452114587
622 1293 471670079
1048 1333 382391467
887 1202 716264053
454 571 343467614
946 20 435074323
1340 560 212432458
1129 1114 139169467
828 237 800178102
850 1417 113333106
211 1476 141996617
456 783 166895218
977 537 797085956
363 267 734170686
1372 164 232554609
316 1441 936675831
1087 374 395396636
537 988 413205998
1011 309 601225538
1366 787 534948217
644 1190 856002248
66 3 254219786
225 1404 707118702
1178 1360 652211581
1265 1421 277782340
536 298 431394736
1443 1453 953663836
102 122 422467928
873 1489 382244032
1367 1383 658476562
1407 1372 950967718
714 903 473935800
962 759 804596706
753 1154 107243766
1455 63 466631579
935 1360 897517852
1067 926 866350913
361 762 299069749
991 3 316170430
466 224 407414359
214 347 266710507
362 1432 634205500
243 685 519390789
1274 370 322768145
670 1070 484497887
1184 792 799972238
707 1043 693704602
187 777 20334150
298 736 716808340
851 515 823804223
167 1043 407939806
96 1481 93542597
266 1486 655281009
1458 124 743427706
1060 1102 444905825
498 970 697783218
290 1223 426710098
40 1240 256331517
24 1126 541686315
1147 948 20300548
956 201 506122762
451 452 222609048
149 197 614672503
1128 1424 158001672
1104 569 650248411
504 344 735304626
1242 40 248731698
1352 1058 698271708
1476 555 131346687
108 281 373716420
66 675 725872256
446 447 96618997
1476 1194 467288867
759 435 599571931
547 1139 736998968
749 809 846604441
674 732 42840807
1471 489 331841306
1 274 667402851
1062 817 19932006
255 1113 15586143
830 901 833450806
397 173 224585921
85 232 609932233
1410 1282 257561493
1337 1433 185352440
365 1095 980759107
1247 103 614594440
982 823 921945860
1209 872 754108607
529 302 158983570
1348 933 438336313
797 256 914822174
1330 1186 13123323
1182 380 98848135
561 810 697703112
928 1163 474987720
833 373 427805363
775 1131 632819633
723 1367 667882997
735 465 169230041
777 1339 570587648
1310 1365 173022930
243 544 849392339
371 291 42455710
97 493 518893712
1433 1423 340008290
660 617 618052171
238 755 51525977
356 658 282926628
1013 1295 368676363
805 435 389588631
1437 1260 504060861
121 895 354578
1427 1443 317658667
658 766 406294983
663 178 220666484
954 1122 268649155
779 1342 880020053
708 147 158650431
876 355 938848409
773 354 97758262
356 151 971885264
1201 1331 7982391
846 531 694405182
376 117 411607163
172 101 817650198
876 1371 553281338
820 586 845781736
313 1069 929187129
1456 410 166455127
1058 923 610733223
1100 508 319919118
138 332 312892714
1469 1031 483478771
1289 151 454566451
1333 971 275114909
918 1125 396159641
377 438 658519812
1046 558 543730533
344 26 216342647
369 935 933325803
1274 672 626204626
303 687 213590809
26 1006 432163055
782 286 349138451
177 334 131571804
1390 82 998214654
429 890 177937742
570 350 967438107
664 576 101524694
880 1491 189628696
1468 1037 143711826
886 507 397655202
61 84 817918757
840 640 994843710
31 1221 632246186
443 186 160338521
1248 1043 726698341
322 141 335005341
661 1253 334978171
910 61 197602437
294 36 778552420
223 130 626358579
402 545 170840542
953 77 894914176
367 125 289372708
862 292 622963029
784 560 990829407
1120 754 113014072
1165 705 822429788
1206 188 200918825
757 201 435039104
1416 59 543669679
1396 613 890765560
840 558 319101997
1247 309 17026612
990 155 124936057
1153 1119 548865685
35 1275 371167150
1445 1058 488412516
80 818 36794177
1112 1369 398106374
1010 1025 110254930
109 425 172700525
924
516
147
121
8
297
263
228
318
380
526
491
329
98
359
584
589
120
115
487
452
20
32
101
61
393
256
170
36
325
606
607
219
436
437
323
356
420
93
6
616
12
236
533
602
175
301
211
582
440
21
383
335
513
40
154
253
586
289
462
336
217
559
590
423
390
234
9
421
74
179
67
56
648
576
651
277
333
60
501
549
354
49
352
243
412
65
541
664
661
223
454
349
568
109
464
200
619
156
97
152
642
235
551
680
206
28
267
96
41
316
288
688
689
508
500
560
169
694
132
655
168
222
699
247
150
656
212
671
54
486
141
587
100
585
314
646
193
270
106
377
42
146
233
210
190
244
381
650
435
262
640
415
625
730
59
511
733
734
483
331
737
603
739
740
741
271
726
482
392
645
130
684
749
743
151
273
753
259
755
738
140
311
23
469
761
376
763
764
765
38
567
620
633
371
610
139
16
51
728
776
125
504
583
663
781
782
396
453
785
310
787
11
215
205
596
528
793
794
296
266
221
382
495
386
801
448
458
690
493
530
807
720
294
131
502
48
203
792
704
638
790
798
698
401
52
505
162
824
510
826
827
828
272
622
108
832
833
405
835
683
837
604
839
840
129
736
843
844
88
846
230
848
849
850
851
852
480
208
657
856
857
15
859
860
861
862
122
864
865
672
307
868
772
678
506
872
30
64
875
86
535
878
879
735
816
882
883
884
438
886
306
609
889
890
145
892
821
540
895
896
897
898
899
184
818
196
617
904
905
304
224
238
499
910
512
456
778
914
611
916
917
387
919
913
921
894
531
388
815
460
360
928
929
364
931
932
933
542
556
35
907
566
806
328
669
780
943
944
945
946
718
948
791
950
951
22
953
563
955
692
157
113
173
960
705
553
963
731
416
966
967
643
969
814
971
972
283
324
490
489
759
978
979
347
981
384
983
984
985
986
975
974
989
871
775
992
993
488
995
750
677
472
999
1000
252
1002
25
1004
634
80
1007
338
1009
588
57
1012
1013
1014
1015
457
1017
1018
192
1020
1021
1022
991
1010
5
1026
573
1028
654
476
1031
1032
1033
1034
667
1036
250
1038
312
1040
1041
829
1043
1044
1045
229
1047
246
1049
497
503
1052
191
1054
1055
1056
768
166
1059
836
257
1039
1063
1064
432
1066
1067
1016
571
1070
123
867
198
925
1075
1076
1077
721
1079
1080
1081
1061
1083
1084
128
1029
1087
552
1089
592
509
187
133
439
1095
31
1097
760
612
1100
1101
300
1103
1099
901
1106
1107
825
1109
1110
1111
1112
351
1114
76
845
710
1118
685
723
613
594
1123
1124
1125
1126
1127
1128
1129
1130
915
1132
1133
94
477
424
550
239
1139
1140
631
1142
546
517
298
485
676
465
1149
1098
202
1152
658
1154
410
700
1157
1158
1159
449
1161
264
1163
204
518
195
714
1168
580
484
1037
1172
942
1174
110
1176
1177
1178
1169
1180
1181
142
817
1184
181
842
400
1188
159
1190
1191
1192
1189
255
389
276
834
1198
441
1200
1201
1202
519
1153
855
34
557
1208
1209
1210
732
37
885
1214
1215
1216
1217
1218
1219
1220
762
1072
81
696
1225
1023
1227
285
987
1025
1134
1232
1233
345
1235
615
876
1238
930
99
1241
1242
1243
1244
395
1171
1247
1248
997
1250
1048
1252
467
1254
813
7
1135
118
397
572
71
748
1263
1264
91
1266
104
1211
1269
1270
468
1272
1273
1274
39
578
1144
1261
1279
1280
1281
1282
1283
1284
877
1286
1287
715
1289
1290
1291
1292
941
1062
1295
1296
1297
1298
1024
804
1301
789
1303
1304
26
1306
1307
1308
1309
1310
1311
1312
299
1314
1315
53
1317
800
1319
1117
1185
1322
1323
1324
1325
1326
1327
1328
665
1330
524
1166
1333
1334
268
1336
1337
126
605
1340
1182
1342
1343
402
1345
744
1347
1348
1349
344
1351
1352
1146
1354
1355
1006
1357
1236
881
1360
751
1362
1363
461
1365
1366
319
1368
1369
1228
1371
536
1373
1374
1131
1376
1377
1378
1379
1108
1381
1382
1383
1384
1385
1386
1387
1388
1389
1390
280
994
998
1394
523
1396
284
14
1399
1400
1401
1402
1403
1090
1405
1406
213
1329
1409
1410
1411
1412
1413
1414
1415
1416
1417
1418
1419
574
1421
1422
442
1424
1425
695
1427
1428
1429
1430
455
1432
1433
1434
1435
1436
1069
165
796
1440
1391
1442
1393
1008
1445
1446
75
1448
1230
1450
1451
1224
1453
1454
1455
1456
1457
564
1459
1339
841
1462
1463
1464
982
68
176
1468
1175
1470
1471
1253
172
965
1475
1476
1477
1478
1479
1480
1481
1482
1483
1484
783
1486
1205
1488
1262
444
408
1492
1493
660
1259
1496
1256
808
1367
956
