2000 2474 1113 1973
1721 1210 230762167
743 1743 350565927
510 879 775375988
1261 1697 677969631
823 903 309751826
190 359 341838381
1104 989 715029966
212 1802 669652196
1723 1067 989205836
604 490 515209857
425 503 974566639
829 1910 508165281
1934 1545 75571817
738 376 759343539
1269 1412 740748437
195 1628 608398573
1578 1528 856302723
976 699 303644547
103 715 198870996
1534 731 811598614
256 771 655329352
382 1566 946045290
43 721 765773973
85 55 6893916
642 1347 778110586
1828 1601 199997714
128 153 245641746
840 804 667456883
400 1108 749096045
695 843 324123354
1014 487 558368092
1302 547 420851973
1332 423 717118604
1012 392 847715923
655 597 383141845
302 1913 412640302
1805 1643 717561044
1306 458 726052549
1024 490 301751222
1931 747 472980990
82 1387 38925654
1008 1843 389523371
474 280 946857098
103 497 194711803
119 53 646375610
10 1293 165018930
391 1719 841253809
356 495 610853788
1055 152 898283191
1368 57 516073663
1435 1558 660597983
1108 892 212217551
1311 500 299501212
1325 1973 404177766
279 291 614775450
790 582 893171828
67 1280 15489483
1951 841 789355635
645 1673 694743231
589 377 97039839
1219 1657 31220280
857 666 247137765
360 1173 963602173
1117 333 34511450
202 950 51240174
1457 1788 552967918
892 1361 968664408
187 1519 533437344
168 1048 514967178
1972 830 921285236
1072 1458 149111464
3 802 124184164
1895 1211 284583870
1087 881 65232275
1406 899 867577623
784 275 95991496
1298 1504 926865871
675 625 488919577
1933 1044 502436007
1997 1812 915167974
726 408 389896984
934 656 348016905
1963 562 186992042
1682 1566 505667915
1243 331 511153541
1548 1011 908829977
318 747 140182344
227 1942 803774327
1849 1101 690039577
262 1127 540614451
1714 1009 812413436
476 1935 168719966
1886 1116 834526312
1972 1344 492871416
910 1267 253284887
891 1120 158279914
1978 1421 708719901
562 440 928846136
1379 1700 172881468
300 550 392843894
458 73 13043830
92 360 25218683
910 561 485825506
495 761 717666644
38 1179 272349123
1564 446 764449147
812 1832 129641942
490 1303 509920585
1486 610 619037418
1606 418 853802920
1249 651 219598518
1349 350 15791628
980 777 865766630
422 301 354949027
1608 1768 388240758
92 10 857436618
690 1577 657099843
1649 693 36602307
82 454 343009759
1731 185 91738021
927 1011 276633508
1517 1154 178716819
715 1437 728070923
214 1463 948842032
520 1638 682715710
146 878 797177169
1321 338 341177835
498 753 868303348
462 986 341060186
1653 199 293911153
311 57 799009217
1485 148 855465455
1232 1139 881907159
1057 1937 298580505
1122 1100 440088230
1424 1442 312645648
1584 603 45536933
1336 653 438660258
1197 680 786086405
924 207 182345660
1697 256 997784907
1206 1298 997565725
1886 1771 54746398
1971 414 767688268
894 280 446681953
703 1888 259621836
1118 392 47666052
1810 1432 19451277
585 1146 587010071
202 1365 819037860
203 256 447137183
348 1510 652037694
1684 1334 355970733
739 1674 465797074
1183 948 560770859
1325 1051 486869141
533 593 535471353
937 334 209587251
455 38 54819256
1764 1544 323180731
1476 901 293756900
787 347 597176794
1400 1742 266981160
1261 1801 478985035
18 870 796425709
1662 28 772219022
677 380 434238515
1674 1294 675010519
712 812 600383396
1448 202 656801353
1002 1119 328782054
751 208 781526883
1305 986 39666736
988 696 912637882
1877 1082 202767647
1807 1616 515732200
1081 435 761858506
355 196 111692484
1675 1271 598004499
509 1769 614836178
1786 1920 651662400
121 164 251034877
1070 1130 169702345
710 521 673237123
105 61 616468851
1430 376 445229616
1331 1575 475561885
471 640 260493006
636 1929 833002457
1588 1320 878684379
134 1661 38715070
1620 1164 641324156
1591 1663 529310971
1464 1162 830663346
1203 1805 7634863
1672 11 894569418
86 787 886379000
236 386 504984346
1977 1590 245910985
1095 283 445198313
1258 1412 103203841
829 1584 755162030
655 112 719937464
1980 1179 186726781
1717 1442 355230427
1518 1941 623068862
1921 1510 197876218
1794 69 50262303
1754 1359 221009248
929 1066 257206731
619 1111 186734948
1068 1008 441631195
563 1712 986655230
801 604 89088525
1606 179 339183004
318 652 87528371
489 1320 863067446
1676 1921 707384557
1724 210 494583711
124 896 640326170
284 1277 825631774
1421 1837 189679755
1104 747 765983805
500 1710 332102265
1010 1041 656300256
1667 1216 298232889
1747 1640 982540952
57 288 801929901
129 251 665703225
1473 1656 581287165
1748 1097 413244073
1815 1059 993645447
1305 165 821622010
1640 851 91225107
655 1889 574851003
1766 1260 801518923
1021 187 752830091
288 1828 433438057
572 710 596397806
554 975 487588913
1192 728 127016291
1240 766 734448674
470 71 731749301
98 122 558096616
425 1992 185983633
1324 742 220504340
1859 1493 26591832
1280 1516 717384974
594 1412 573790006
682 91 750280521
1414 277 918300275
517 1509 489893305
317 1246 843398921
134 155 46327938
1037 1537 233058677
1591 1126 936978929
921 1378 422743761
1583 1944 593976239
1393 1281 167061794
1587 866 646202163
855 325 193707759
99 1087 444295032
579 1698 592505362
225 1761 329847280
232 1831 156721617
543 1502 738316471
1121 1545 824018480
1182 367 798074891
644 806 116724864
43 660 711966460
247 1093 750552891
1037 1182 594942815
1178 1554 757589267
490 1674 736955144
1927 1005 240977224
523 1310 396018743
341 1104 357061433
1459 746 693342546
587 1657 554041662
1344 882 986580
1773 343 529227444
232 372 149824133
1551 277 941665112
28 1852 670993643
1064 510 879944664
1022 302 553250304
773 552 739629991
950 1469 432036900
1741 703 824120336
168 108 257012820
257 1073 686341262
1616 1775 667233948
961 762 823832666
1841 1108 742241738
1538 1446 606573892
68 1489 818610788
263 1276 88894918
1268 1570 874124507
705 1705 850696277
575 1618 625405183
979 455 429782522
1130 1343 684172470
1856 1215 193262625
1808 893 855989224
818 931 48289713
1055 937 610731453
1002 1063 279628636
1090 1344 840876810
811 1241 907889463
861 832 298639368
883 89 979653517
260 671 248832326
713 409 649004271
533 1951 465208288
634 1868 634544015
878 1532 578302193
1796 684 107373518
832 1020 557553221
1811 1474 439629330
929 1996 12834387
859 1307 782627293
1688 77 457922921
1097 891 382716442
1049 1390 830762025
322 1229 994582714
306 482 282303283
1015 427 622077311
777 342 942383651
7 1438 520024599
1421 1721 15576509
1808 1530 868585836
1874 560 853237607
1619 413 411724858
1873 466 64734167
970 584 21448417
1680 1584 230830348
180 587 838995580
1714 907 331441537
170 921 639012657
41 1108 560281760
1361 1125 467397578
290 844 700386420
1670 609 791572612
666 988 383341219
1874 1170 265423655
1843 1369 979504282
471 1039 494615638
1048 1130 244323593
1348 1455 125387816
1480 1552 110612114
708 1614 930758646
1426 38 233593788
230 1564 830070646
280 1928 574600749
173 1009 86387464
1091 1825 849080088
1045 1499 749594960
255 598 832605428
1183 167 535636996
117 37 177794158
636 310 990198790
1527 508 867131551
541 709 963880629
579 430 866152577
863 1572 678636671
639 814 848132511
105 1106 769850042
1028 165 581876747
1489 1094 691605684
1488 1069 256364437
274 1891 322918408
273 243 734948921
1851 1754 247484467
973 835 908679128
957 1961 744195942
1830 1249 531103019
1817 1090 725837468
1872 891 620123124
263 1139 71068399
1394 423 919182453
1222 1989 101348903
1461 1460 395654182
1378 1200 569253012
1640 937 875524001
816 303 596710429
1916 804 243562977
477 1248 683891864
377 707 131797675
44 1650 727136603
1162 1388 660009035
764 661 73564690
1692 1375 109299843
978 233 868643538
1304 1898 596327104
1963 1342 432280430
1657 798 616464271
1907 598 713836041
1212 354 999259470
1844 155 775630572
1326 1076 423305766
1594 808 741501849
930 441 158380344
1647 322 957617952
1052 1241 886074134
543 1363 268871088
1088 1048 219282804
99 1657 975191408
1653 1683 918246942
1704 54 891349647
1827 40 864213805
1273 1076 798292633
1543 1287 356952693
1759 729 748544780
1770 797 16449
1425 912 316719403
826 672 571389762
1738 1210 573985041
868 29 425701315
202 1086 443001352
1581 950 685384737
391 1404 755487771
1312 1070 392988794
345 1273 573109993
1049 426 839309732
1537 571 555818427
535 287 611275617
274 633 642675417
121 1012 828456400
350 200 922829337
1241 108 318489125
596 1104 831655096
1014 783 216771740
1491 469 276638316
1337 763 280425898
534 92 53632441
523 287 361047157
361 188 207633795
1857 88 287259782
1031 449 77946852
95 1730 315962045
1456 173 403548735
1636 1821 438585221
1490 620 539743381
1176 1620 637694535
1442 111 801888790
1851 316 640264739
1090 1945 83519227
1875 855 389410781
110 1176 544610706
257 258 407883029
1048 1806 391226522
1149 1205 475502267
139 452 707759312
553 1710 433776320
710 295 608826825
604 271 902381841
511 1782 585477122
632 1742 876881344
832 618 317808181
1202 1815 17610884
30 970 835884013
1533 1098 864431971
1718 1596 356163420
1815 1713 122370733
1017 208 977362028
1358 1083 110664236
832 691 264485651
1847 1317 631764376
1856 448 726499051
819 1315 940893264
583 1962 548820481
1825 1213 907246151
1701 1391 317891308
1711 28 586349116
118 1227 496060449
954 1952 296509229
1893 1742 805773958
392 834 721887501
542 1559 270095684
1027 1740 827226292
1845 641 634247905
80 1155 563192086
1063 1615 326164365
117 1586 320521655
782 1869 897824443
147 332 165914206
272 249 187786227
1427 1857 360796168
481 1981 154868966
1217 84 651666719
1834 705 938184386
532 292 792753387
1751 1681 196122311
535 291 591822408
766 1272 481102362
291 679 327489433
1420 1731 890504409
1507 861 647554556
1547 1653 78117487
1464 103 565209023
1380 1693 896248104
2 505 804578833
89 275 577560327
1938 1396 752008188
1567 1139 581936087
62 728 875914898
330 772 474433151
838 574 174195814
694 21 330955674
494 1765 109603902
591 434 372184903
1546 954 911300870
1471 1108 56150076
1138 960 868036358
844 58 272949793
1536 927 379497559
1233 444 408466715
384 1025 893068947
820 517 975534246
194 1814 952848331
1229 397 998109607
1129 1612 584337085
519 1901 968507841
803 1189 781891142
952 147 843025894
497 541 540176917
162 1756 971132977
1240 1467 568192673
181 450 495357683
647 215 639314524
1794 1943 807783691
1567 1886 967023144
1981 1758 831635835
17 605 109735690
1340 339 127284791
1806 1780 408557853
389 276 302963774
991 719 187728328
1259 611 20891374
1799 811 596013875
588 111 21222036
582 1011 749435126
1936 820 705025090
405 1530 829644307
1147 1704 104084197
1061 950 587073574
587 1556 180941206
4 1433 950171098
425 6 454172976
1842 323 459663007
1824 1163 647073058
758 1733 544261017
633 78 986291589
753 888 845609435
302 1571 730402416
310 83 689099220
1257 957 850237579
215 1684 482225673
1672 240 138118882
1218 1476 528868612
1664 1303 432507387
613 234 189146251
1682 1299 841771561
232 186 880707605
396 1284 632821026
1350 1269 866962553
1493 1778 868619983
1371 1072 874163432
1741 1231 105087843
1181 207 828777757
313 1490 891246767
280 1171 248566482
1802 1167 684634291
642 1051 86186613
26 1756 719625591
970 137 58330907
769 448 571267100
704 1526 805381557
1810 782 451081005
265 1431 822262657
1814 215 323316794
1076 1483 815773634
1562 950 602718375
384 483 710643890
535 1352 400376257
40 1303 175069111
1037 1750 664998417
1672 111 509300437
524 1697 923685365
863 1524 496409956
1718 45 989710699
137 1901 383198210
637 1424 828624688
169 709 188743626
599 986 89554185
879 286 137219269
98 948 472020831
877 216 620596640
471 771 719453713
1180 618 585861791
1599 490 428506757
464 1494 743503825
450 266 417479936
847 180 7243397
913 1457 781894967
857 1076 820199420
1881 615 407907878
1487 1273 172582239
1259 1876 663451935
903 278 128447219
413 1737 960687141
1005 945 115257994
616 1793 670155130
1134 1447 32767292
344 1881 688475766
1327 861 934607959
1782 359 346297241
1284 646 387799955
1347 340 605175780
451 646 966597258
1054 638 755404644
188 606 975671142
1686 239 992584974
1868 356 408933595
1930 388 61450194
986 1341 690309463
1675 221 882311913
1423 297 894911352
1183 465 79686514
366 801 677221822
1204 1043 614266684
916 1198 37429121
1008 1447 615748325
1203 1436 289036581
1372 1388 122399523
841 1973 819129227
982 1476 357301089
993 666 539965642
588 476 656632205
1214 12 453260830
986 499 107834160
496 248 669591328
1833 1514 848123326
1911 1879 1983543
731 1365 253929007
1563 129 421981774
150 1674 362633678
1060 1617 702844871
1404 884 273111632
1384 755 239865518
402 42 557288743
19 1749 227989041
1740 1132 350865944
1993 438 850753871
1117 731 298469130
1895 1697 993159888
542 1442 739910945
140 683 509387892
1857 188 486870283
1321 1163 107171183
1012 969 910104729
458 846 140131859
441 1389 178566545
919 218 458110159
206 51 536634306
1058 311 665757271
218 522 493082199
563 1175 45066020
1915 1900 521087088
900 550 862719007
449 1766 909848302
595 146 794356376
1804 410 445458318
701 1625 649035133
771 1492 906985785
29 831 301133255
630 1164 339933081
1637 1345 581993015
943 123 730689007
25 450 928299586
850 1505 893685027
810 1842 892762697
1763 935 330134812
1984 1231 881930508
1311 453 658182481
1701 973 418506848
1583 1294 575164064
121 22 817426208
948 640 792691294
1721 1388 231117921
1507 16 519334574
1144 1868 259418088
1721 867 18944022
958 532 217672672
1895 1340 529851471
1189 1349 231025095
439 88 203588187
1742 1116 557855401
76 1383 285501405
1039 1115 717362833
205 1983 660282276
1366 481 277664571
1653 60 846409096
1912 1406 572814350
617 487 341700473
868 1104 362630472
1795 1040 84224980
985 1263 390369915
583 1900 252721912
1555 1768 621851191
1912 923 72297497
209 1097 287990024
424 1638 347004243
538 1244 991910818
1326 660 575495426
533 1608 627948122
1920 576 279277136
1460 1258 114450392
802 661 468790542
750 946 14256907
1948 1835 339277000
301 1346 448189532
404 709 372549395
587 199 665290789
487 1617 863092520
1303 824 62773348
1350 1871 955056822
1417 745 227223467
280 345 231793651
1632 189 468374363
1207 1431 745690355
1529 956 921641233
469 338 392877629
253 1380 878010207
595 1723 432904859
494 114 87210942
967 1136 82645041
719 832 859873219
1867 1778 951772881
487 1787 975708561
1588 1676 988681101
1474 1102 407798671
1581 952 75650445
1711 1339 23612761
211 1986 288187425
360 276 970818043
702 716 286943769
1427 1819 283818332
778 1340 851437140
1872 830 577298680
315 1435 749361046
931 1047 910584785
726 381 993659295
185 81 888220583
1153 396 333259640
45 86 299161446
1960 1150 223393551
892 1087 780295903
1332 990 76395014
291 24 892972474
1849 1755 840466887
310 569 279934379
513 599 206325467
1300 1393 415789540
622 1499 452083580
1662 532 92110794
1335 482 876562280
1696 1088 152196330
1299 964 135345399
1720 1953 157892654
1736 1323 258004335
1560 50 452340811
659 658 468241047
1074 285 506601853
1914 1031 900132745
619 709 820476534
1404 1011 662438604
979 157 626114195
1847 1875 106732962
1000 672 626433361
267 907 971488925
691 161 35562750
1058 245 497640824
336 1917 759133875
1782 1024 49928227
759 1955 816519041
662 169 232234783
1918 955 717521641
974 474 425092876
517 1229 738390161
1711 1122 291074431
890 679 693771061
662 321 516985113
953 526 515350235
1677 505 763143892
722 895 565591626
141 1164 510335648
40 344 246174652
1899 1110 441957166
1896 1589 1461970
322 1131 479394570
575 1822 614840775
1032 1923 214357231
174 1781 90108904
1613 1323 243964246
1847 1740 877598531
195 761 874991951
231 1495 823241118
1330 782 169859220
1169 509 950780587
1135 1175 118064859
1993 878 367347064
1672 931 267322476
1442 1012 797201196
1328 819 777389554
848 273 38648560
15 1557 801039765
917 1765 251444522
1270 1634 505077575
1344 573 890877424
1543 215 669133405
446 1454 979883707
1685 1929 230600290
235 1848 142892378
1057 1753 853352744
1791 105 447618602
110 726 655506463
458 428 213459332
216 1826 770091241
1145 859 865760373
1780 1880 80326445
739 68 708339892
1104 39 242501034
1838 400 854052304
1808 674 933202063
121 156 554617257
1354 1424 507499786
1139 469 105859104
1237 1128 427316255
977 159 179213330
1332 1156 152994490
770 1082 548895617
1978 1623 577106694
104 1693 285595412
575 1443 434151679
685 1779 462379201
323 1416 5104198
469 949 239503304
620 615 734953267
1822 409 979699682
1818 1366 916776240
1574 416 361356730
1442 1109 698819140
1728 1711 347742364
942 868 634659822
793 298 499694955
1727 1472 15397684
1220 1050 610313944
587 1447 877425146
1953 1602 795436752
638 199 376263575
1487 597 223420214
1711 722 120638629
679 94 813384658
879 1362 952225304
1528 135 816240520
8 1731 62769041
277 689 56555212
1903 1242 377061108
384 1124 894782805
494 38 256159031
171 256 339396368
733 1705 37544061
302 532 974446167
547 322 736892259
1079 1261 817277794
1661 1399 638663576
1687 398 736706301
562 296 452935602
866 1608 102173307
194 680 782602304
1517 477 385727210
542 1066 103374875
507 472 422911367
1678 1562 411014145
1542 817 168213876
940 1781 632060259
1759 782 587550888
338 372 509328509
1021 1866 709012006
217 804 239057831
1959 296 648617841
1872 655 132660715
1912 509 984872254
1986 1499 623520470
917 1813 614811499
921 868 225782675
1422 356 69621807
1840 850 350659893
919 990 19539091
133 800 166209107
158 1455 703299105
1407 1970 819706329
1705 1550 606923738
1629 1023 965611293
1209 1034 781196908
930 1805 662804272
220 976 147707300
490 1088 680920950
905 1596 628932385
1644 1097 659101561
752 285 690280010
42 1604 34057721
79 1350 361559937
1083 1351 981976391
1248 252 670295192
1546 951 367038162
1930 623 540207235
540 415 194004482
229 1537 433411151
1661 709 366507588
1373 21 330249554
891 861 218476133
1897 1950 219147940
533 1779 514898211
1553 1464 232099277
1897 318 723133185
679 171 486047935
1163 785 147422043
549 114 22398726
710 1121 644538553
596 1976 258054717
712 99 964790887
1397 172 138428868
6 931 279824196
1700 948 77751215
1660 1966 384650714
1645 1041 705733376
441 126 811216303
448 1593 327661849
364 608 964345306
1770 1884 855626347
511 399 176062680
1698 239 828512883
884 1074 222719904
1482 1430 946691815
1593 1617 316513780
200 1553 23497772
930 1390 145049593
1365 1983 708406026
823 660 844676361
1308 1104 939003298
456 1197 108572104
1024 216 338328478
698 1931 266294133
374 1215 128901034
1309 1718 760752258
1855 1728 369224228
1767 1096 505643621
294 258 300851983
601 292 648198320
20 1009 346476364
1798 1545 594841951
155 1459 959848715
685 999 42402928
851 161 858833278
331 282 448999609
539 135 468995023
1247 757 797321717
697 854 253038932
1988 320 141448735
946 429 758411521
1416 1557 942042627
504 1342 412786205
195 1396 714587921
587 403 104878649
819 40 995265139
862 391 752547420
480 227 907213666
426 988 47145347
1148 1762 734336693
1623 1269 663565384
1844 992 155186618
1709 1809 987701728
1293 500 883386441
477 1225 530048586
1508 1993 278115861
1461 536 548287428
522 1002 188583749
950 1107 630102401
981 679 861200962
463 16 936758169
1720 911 202419410
1759 1676 776867393
1450 1165 319833190
1744 556 56409659
793 1481 20770735
1346 1884 846251663
1089 289 10273142
1491 1665 885779835
764 1154 70531757
1109 1699 514661543
166 371 773357504
593 932 270312092
545 1425 837008176
37 409 880482679
1115 968 141708643
1652 898 93489881
1546 193 150578613
388 622 18443553
45 923 987929810
271 330 935151581
1280 550 614440518
1694 158 944385405
1635 1885 118520661
941 987 263962185
128 686 679941383
1995 314 624458900
57 1947 790091143
1577 92 319283249
1722 737 653455021
730 46 844997926
269 14 937279449
492 30 244941215
116 835 503892226
1780 1222 269060901
887 1544 639501070
362 823 952568591
1726 1982 826476387
1158 176 374440504
1139 842 329499837
338 1344 417874418
437 1977 633013058
51 268 128204857
542 197 354474451
1899 15 691298091
300 1387 13137060
137 1288 859789239
1629 1986 532280590
671 1349 742778772
556 990 475534499
1973 109 864608373
688 626 930226050
284 1245 644224122
1862 1026 333215213
986 1927 658417641
1383 1244 773645592
1816 486 315002909
488 285 863827779
72 335 555726782
760 1335 360365834
939 111 241759794
560 1215 619407355
1525 385 23491154
587 1951 860493929
695 1595 107445344
708 514 531764863
140 1638 43686713
48 1140 846054551
1187 786 702935238
135 1638 622597836
1917 1329 775029688
63 1488 853644749
363 914 292504180
1108 941 186899700
281 381 101520202
1160 733 462411670
1025 1473 270151661
1405 641 894880156
342 1184 112619551
1810 1920 319693650
1995 85 583222699
316 146 404538494
1979 1311 348762008
1910 839 869399732
1803 1298 414223003
1210 433 591088873
151 747 803964109
1300 1872 980866629
1468 770 102385309
215 1951 313188924
1784 434 380042503
1056 87 394355167
733 504 57314053
999 652 630640750
734 378 580041286
1773 101 875393330
1912 1701 28614941
380 848 280999561
352 860 379007931
1842 1954 645867586
1111 1156 622500513
192 231 407723306
275 1962 887323215
1440 1995 649783783
823 1575 186563649
1881 573 219853571
780 309 672162587
1372 1074 162415179
556 525 626441250
1097 628 79438682
1114 1759 137856494
1130 582 972632432
1628 1282 729593437
714 1015 968899719
728 338 174390219
695 1717 684837288
1722 1418 981501311
1186 360 705532026
1753 1037 801084263
967 306 170689051
1947 914 515937032
322 1345 482370354
782 882 839354799
695 1190 262859076
1596 756 605436908
356 247 565166919
1443 490 432400448
1881 1067 731526004
50 290 702424341
1164 539 804114017
409 65 875237358
126 32 281293134
1872 1796 791178718
785 573 112396734
600 625 13681470
370 757 392714825
1489 1024 967857305
1810 1385 385522864
418 747 650721003
260 100 125346098
608 955 407886603
594 1304 881618717
949 1535 167471716
1430 136 391932583
604 1370 914838763
1355 685 801048573
417 1443 707542092
1957 102 190984092
657 1104 169172582
1722 1733 908326368
1787 1679 863202041
598 867 613593050
1563 1506 37418142
1185 1536 504733542
583 1843 214935799
1795 1581 455441531
1593 991 766673446
782 1123 369323972
327 65 507080578
357 1607 691184752
1386 216 226981768
636 1615 101941573
343 560 812863759
1661 857 752512251
971 1694 661397439
117 640 402102215
1945 1025 798969283
1392 25 563802165
1384 1007 158561469
1541 1968 646272826
1224 343 756617210
976 579 893279625
1965 1518 280080358
52 1199 949482021
722 305 96367810
386 549 521063991
1497 1770 225984147
1582 555 311092257
486 1006 178634845
896 1380 86954962
570 1538 145640593
698 238 550329947
1490 1512 443759811
954 868 239691970
1879 1520 838353567
374 364 780850198
128 394 133363229
1049 1968 379477699
1340 1762 359975155
1068 1781 206875431
1867 1251 78507851
97 1798 577203044
511 1708 228655030
428 1226 749281911
1715 1451 911386719
345 1545 459373705
312 1363 586740611
1721 636 689356421
90 1344 842150176
577 1092 794426090
822 930 635794924
1143 1569 198389730
15 1813 895158664
580 1865 883894418
1938 1553 184331765
482 89 785099698
1961 1017 218794567
398 946 633914208
407 1590 259137687
1340 1866 14619697
764 993 785729853
841 563 533468553
969 1539 704836415
933 622 230308140
222 1048 371603971
1314 1953 533705748
640 1671 573860428
1048 556 455230084
1905 882 656306787
955 1774 88404829
1344 897 40671124
1389 1142 399620271
1699 1504 3623132
702 254 175702418
1129 511 35905247
660 1481 556084023
1789 981 967547167
1729 757 83086649
1610 1376 868223595
633 1702 242204472
353 1376 624555156
1837 1735 303442344
608 96 135751014
931 1947 291224550
496 1262 8843990
1486 1492 452101516
943 1820 842894967
439 651 640107269
1806 456 634533939
1847 548 934727523
1800 261 455870518
1971 947 848456047
255 1217 296746029
882 1317 801465345
694 509 804652464
347 144 488711058
1286 1104 783019515
1320 1422 88271631
1484 227 111085284
22 719 90993647
1098 406 857820425
129 1155 215449479
1713 859 286692168
1068 959 344789404
1552 81 375585651
504 1638 123601466
79 1790 23951940
1152 1053 593505475
61 1103 974419598
804 1387 217516106
1584 734 770442165
369 66 690730785
1887 1957 196792160
559 1855 626596272
1167 563 499013740
390 1735 70437512
728 1691 419805987
1823 87 376801719
1093 214 855638189
1323 302 341969757
1540 1085 348067270
1292 219 386114943
924 129 966267057
419 1648 914558234
821 1152 95496299
1199 1459 889712251
1566 1779 42111780
1668 1192 370670797
1829 1785 308948970
1640 482 385325811
1697 1890 222109095
1745 306 235471768
502 252 212108621
1989 316 588286595
1172 565 947347791
1417 40 491807023
145 295 24720978
1513 244 121837210
1911 1716 277618980
158 1729 70228573
245 1565 928967661
1757 685 167409916
1462 542 776336547
1068 1045 615529343
1444 1513 502017219
946 1743 893695041
527 1948 198790717
752 706 82592519
169 380 145409455
592 1946 39118932
1932 1991 50390998
1338 336 853899258
1071 784 991434816
453 1433 239084276
1051 973 366751046
1042 1139 506827379
1115 844 635664185
1977 840 713647158
614 1084 671776475
916 823 66439198
420 1108 164301585
432 1048 894159617
785 1995 233437653
1159 799 810455229
1076 859 411559025
1713 519 545718672
1868 338 474809577
338 474 739661479
696 772 866713272
1070 1557 542082548
1579 694 861571775
1993 459 942428996
484 1650 987287674
717 1205 47618192
1423 879 913370740
229 1250 839081362
1295 775 162878973
204 1221 483593883
1227 408 737478681
1083 378 679716515
922 332 841172922
1353 618 479510177
91 1534 260545330
119 1279 35729949
1857 1870 977629922
1591 564 930959106
1963 111 13035319
980 322 302727352
1535 976 792351703
277 1642 571734130
487 191 481325590
1046 516 198112452
1288 567 221580462
1036 1231 402065527
1142 1311 892750511
1451 498 448217248
1936 586 500211636
332 1376 887972335
1084 1453 57684823
530 1943 762860868
1777 505 568359398
15 995 855988103
657 1377 463581270
1992 1705 975986360
940 1411 415882103
1511 1013 677723716
799 775 249036905
1822 375 374582939
1166 934 55455310
1164 1198 495413246
1123 1576 244805440
879 1365 992705181
732 532 301373573
1150 1112 745324000
224 1410 220148225
1479 1356 290313988
754 1998 793811179
1215 1767 519892714
941 413 447917507
1502 1384 665482539
1945 1925 24101251
1970 505 370459247
1156 26 854265364
226 1468 830351359
246 372 850413571
1932 1640 747517079
1987 331 489327988
1939 1202 534962304
75 184 245574742
95 736 874309342
1868 22 801904600
137 608 529927238
874 247 210310426
1493 484 975552147
1093 233 593964839
1347 1297 421842938
568 931 397708835
1998 272 922001754
1048 1431 211009472
260 983 647413720
1640 1076 409859830
77 1400 624064427
1455 772 518556915
1959 1799 435917364
1512 1383 251606863
862 1352 902721361
381 20 775669123
1258 1720 27922929
793 239 840147355
1978 1230 263718891
283 721 893428779
660 188 682940683
1833 1171 990791039
884 1864 220846958
1201 307 686177301
628 897 617906959
779 668 890258511
313 805 566905505
688 263 835279204
1345 1071 68999582
1885 459 252512151
1724 1326 308003231
199 1078 819995564
231 792 358485742
1044 1971 748855702
836 896 503999577
475 751 214674548
239 1106 141478984
1075 1882 28643774
1846 504 296614674
629 1459 653002171
1535 400 838966923
476 1019 454974774
1979 774 586277601
1780 752 783006320
29 1147 520293544
1559 969 329365848
1940 1910 459549234
236 1592 227309305
126 374 242734628
1527 1644 636551219
291 1035 514239301
506 1047 664654765
869 975 917493657
886 735 465878794
1002 560 182594222
1055 1499 432365402
950 1052 634965300
1726 1257 921298
992 1663 221764563
224 266 601102272
383 772 18741049
1459 119 995790008
640 1245 883144561
1547 898 162189843
500 987 718182011
1157 1595 847989401
1254 1265 660061208
475 1990 842334589
382 825 984291556
1360 436 557696393
435 704 636171434
117 723 390942617
1132 1247 67447795
1976 695 89410125
305 272 976545504
1036 183 59872505
747 254 9643321
1779 1515 737401824
606 770 852716997
915 533 154804642
377 558 888362715
598 926 188194290
1073 1489 110179897
865 374 381980043
1424 1490 839942675
369 1310 213113188
1680 1612 410738543
1440 78 193429282
945 1547 528698287
1120 868 184525517
1154 1814 215275887
1858 360 837138886
1302 1167 209494672
666 1141 793877752
1333 998 484750741
166 54 544452174
1104 630 543081005
667 1423 65809252
1718 970 633406736
1200 1775 913994624
1764 1085 286983950
385 309 654338755
173 949 356246884
431 498 762360475
891 341 837144913
315 1156 750407547
1203 1746 367439080
1851 1330 181933518
1489 1477 407164199
1410 245 838339112
1236 1694 339881289
82 665 503550654
411 290 93986136
1379 1999 40991256
436 1449 897564165
689 349 797987076
1447 1926 641177531
1665 146 609835469
1130 1479 45635313
797 879 473969325
1195 247 103349183
125 1993 266192255
1267 645 270743220
393 1011 273870520
1823 1098 857431782
1447 1669 84628887
1 1412 96886089
1574 1326 20773787
1303 469 367209284
1894 1418 833313589
1776 221 861130881
1856 907 59492287
499 1739 330778628
819 1054 937663148
525 185 434490495
103 1458 583171583
1526 580 955006435
1578 1521 305338881
1537 1609 901328954
1445 400 88669741
1106 1498 186156979
281 552 933677935
293 122 698323966
411 1208 626425741
1874 1529 208760026
1969 865 657658853
1903 661 966901227
867 1365 412234584
1214 1760 604283344
218 311 987983238
476 1668 858563189
938 1028 526975803
1441 1502 573818532
747 1573 131586088
237 1806 686339298
303 888 357992405
151 551 151756152
1800 1832 721162710
648 1868 345905615
621 787 581038396
120 273 432983809
1653 1384 53878094
984 1274 805302187
188 1104 747110777
146 363 551864584
895 1717 544703620
1574 934 547503419
1358 896 187927815
1806 691 188400363
1043 1319 875420957
795 91 885119509
1744 739 559973208
1459 1245 248812060
1622 972 843346165
119 582 430298916
1184 1894 384979280
1606 319 609386145
1513 1608 103805082
1722 1278 824364842
158 280 827219912
1288 1127 807146899
752 1844 352908238
1802 1703 596955961
1992 1526 153204236
1076 87 249784735
62 1732 641761288
528 604 124638009
480 488 908548190
845 9 38449544
905 458 842617588
918 1955 580025446
400 1255 547930737
611 385 607102114
398 1199 62470895
1718 4 315927503
614 600 480626158
908 611 192655193
224 1827 759628684
1076 1858 882622168
1721 71 244389618
1630 1264 487202216
211 565 712151057
1298 646 217164217
1684 1985 706722958
130 234 240390563
687 1963 88742394
879 660 797547516
463 512 9879366
508 1900 328433133
1760 1552 772295029
1883 811 153526019
1067 345 702426515
218 1151 774467650
1419 211 474601957
587 258 131070591
403 380 521020001
410 1851 83638255
886 1778 475705440
821 719 448222970
681 599 703155601
965 1220 141709909
106 1565 908204081
1423 1137 902466127
1821 1459 274837624
422 368 157852522
138 1771 958294
543 693 119558700
607 772 105695839
1758 338 151878199
1469 435 901131010
402 1330 144634519
270 302 51085569
495 1896 437585243
542 885 536528412
478 382 582478438
1150 641 924146447
337 437 112564614
1972 624 863658431
133 1662 776867269
1422 1727 507612335
1308 419 402133503
140 1130 361294776
86 1700 30833844
1973 446 235928569
1257 1445 284918047
1734 1088 600488203
1366 1581 157451143
1630 904 674706297
1115 988 205478100
838 533 986439791
689 605 67521892
1629 558 247732912
380 611 388296991
136 679 404039373
163 1122 134418632
523 1108 262852243
282 941 121739926
190 1288 706523589
300 8 989718531
1640 1169 471198218
1361 590 522241762
422 587 552098856
101 1973 347981239
1733 666 610700914
1173 1592 243367746
1741 253 164824191
1689 1704 963120477
1060 122 158223900
849 1095 123936519
371 1618 816913795
1625 58 494148543
876 300 787278028
1256 1974 829822486
1523 976 952350371
377 93 928975743
1937 1990 903305274
43 1284 98469737
35 709 937132161
515 1425 26528655
242 910 269955732
223 502 371010958
862 1831 777215349
15 63 166898615
555 807 833661178
924 1298 614421286
1828 742 202912776
70 408 15119123
1544 1572 49088513
187 671 770765671
749 937 422610298
275 19 467209874
679 627 855857201
526 1373 664695451
361 1394 362652734
1261 1532 287764344
326 1988 677858951
1133 1764 874291871
281 1797 867384953
833 1153 335354332
1908 1466 818379508
1917 1294 887872357
557 1054 42860166
1407 411 690043691
83 1465 100427995
876 25 150424946
235 1936 613630324
306 566 896207011
1428 1137 69406615
1951 532 828943969
1471 304 579053446
659 164 951666649
215 1236 832400115
328 1612 550774622
85 1950 277708978
308 1082 537868084
560 1385 738045360
505 1383 824326059
535 1179 905356579
1463 1037 313939055
1673 1819 727725570
913 1468 724756254
146 741 971764152
1503 660 976314651
1113 1212 790756371
495 1199 500837025
1628 1589 513912962
393 1239 21918490
1149 830 287764095
366 1919 62433969
1317 917 676221770
1757 96 584070950
1496 1577 169528023
508 98 37383648
1546 402 238817288
928 1591 853898568
1947 922 434208286
227 300 711924564
835 1200 813642093
1732 389 783882081
1675 1154 827302735
1225 1298 315499333
1043 837 633709402
17 868 656272804
33 748 717273045
138 250 853492610
652 1649 360889703
1930 868 165545754
149 1099 769888785
889 102 466945005
1001 1593 673629021
93 465 800882717
582 631 809702359
1168 885 831721210
1709 290 126419900
1455 925 612886749
1937 560 428723953
1487 966 392241204
1449 1583 736169526
1012 767 48758238
568 656 648214939
1861 530 746956985
322 1640 582639154
57 461 974892664
1936 752 888927493
1099 901 673369529
1031 1964 721803594
1936 1092 15134038
694 1238 765303253
1084 1886 698586362
269 1924 223925709
698 1826 218182391
1868 1544 334664354
936 1502 590698327
456 346 156333374
1625 1189 166753840
1326 710 288992890
1156 1565 780547388
317 327 724282579
1845 1640 560799912
445 1756 160323932
441 663 345290028
896 1285 219071990
1971 1033 643100507
708 1229 622638783
1961 331 426912316
1604 902 702796488
793 1372 236450072
1963 616 43259914
234 1732 63471253
725 164 813319833
1418 1706 236872451
1535 406 874342681
1494 337 859019253
769 478 83439217
1013 518 768489235
400 861 823102143
1269 310 300364847
828 23 644717963
266 1400 606311061
477 1288 413295422
1878 858 680330150
1749 1038 997202900
631 1866 90982567
227 741 992868560
1910 551 677123542
871 1068 794943600
1714 226 41142974
1289 1721 579832866
1840 1250 659435468
93 565 611388982
1659 1170 442217249
1860 948 59966164
1127 1995 57915048
1600 1421 231166511
545 550 425094507
1971 1381 634822650
167 395 642828834
1812 60 775915547
1077 804 179344653
1211 1526 473236126
810 894 906536195
1042 1548 449789163
269 89 858953673
1740 1549 259944507
1028 1603 991585191
176 1242 956434760
259 199 378133048
1867 29 246715203
1916 1495 323603074
249 468 288455691
640 243 34860101
786 595 770064795
1059 1690 189217431
281 1625 371506883
1634 27 76323760
1381 1429 553802010
1651 322 19736578
1561 1277 29805618
365 1714 977047693
1994 1574 454440973
690 1033 772598384
350 1641 16981200
1624 1408 224023490
1158 1946 213124022
933 1835 773623714
802 1105 518533447
248 360 781453196
1458 711 372762824
931 26 627606510
1667 1772 587602165
960 1208 207776250
666 17 410321901
1196 314 282335422
617 517 186540141
802 1234 946820977
1199 335 292126272
1402 1135 869784846
1062 1920 775021046
911 1515 874054950
341 1615 281728979
1288 762 799757298
155 1677 318760458
1186 1029 726634407
1638 338 672730667
1760 560 834658574
1269 1622 822689240
1218 1782 12206931
1703 423 263702719
1179 673 74005276
520 114 598789059
1353 1024 598579421
643 441 590590844
1304 1584 805940842
1004 1223 195514850
1972 1580 581444557
1332 258 175248708
43 1792 226716505
1089 785 819434622
627 64 286895871
1971 1874 867805802
1127 1234 75562207
493 1027 523775638
984 73 161053474
1884 1398 170283831
509 228 856748294
1657 1621 176995934
1296 960 24256825
529 586 727703657
450 724 411208043
875 1486 822887867
653 1681 550445854
1400 1079 357854127
748 1442 730033087
1850 1081 12062921
1304 1558 85997562
26 370 208366126
1896 1177 14579786
1967 613 452529238
988 1740 991937742
797 1878 14265087
1266 178 836172387
928 642 611187812
1332 320 61288686
299 862 1046446
198 590 812855545
147 1789 415687850
833 94 730138241
650 154 267048637
1165 714 797209869
771 13 876496148
1675 1370 382468354
1395 358 529387039
565 1787 250650677
1990 560 580752447
623 716 697504194
34 194 559801789
1068 992 771917595
694 1908 877991422
473 932 48951907
1789 226 648515060
1305 512 985649660
582 668 605578712
654 1225 559973726
1568 1131 466903573
872 653 540043050
741 1839 78166407
486 110 31401598
85 955 541307108
1102 1563 704917899
1439 1371 87901050
1391 1718 735375715
1848 1267 52315418
1351 796 517861143
1566 481 183691092
1977 912 243134977
776 1912 675043811
312 704 823028573
1853 703 258238570
1675 445 635716894
107 413 127576417
1603 1055 362365439
1280 132 493356105
160 1341 857028311
45 1298 392196391
1266 1139 651689265
1717 1322 327473967
398 322 229298971
592 201 572453566
1178 1162 536122430
64 136 311077005
870 874 708163118
1041 1334 52442147
11 1783 289509379
1336 1248 528981387
1738 1642 396432168
1271 467 302048327
1338 335 977897330
1288 873 846302596
537 603 714734196
1214 1137 233373582
854 55 342237713
1977 8 162414213
816 536 775795282
809 923 976035921
439 1101 885930616
52 701 924486098
1316 1902 659452245
819 31 571092316
689 533 641658071
945 1631 175572578
479 93 542957285
868 1005 948247664
49 58 605599085
675 1030 269231454
747 1808 318186429
1924 528 218119362
679 612 76484882
971 1033 672801958
225 1163 43168878
472 24 506196346
1895 1165 641278382
89 1500 478084428
709 75 401328603
975 1850 442305077
360 85 277430975
1373 1113 335571990
345 1782 618129339
996 1640 303682436
564 43 685075416
1822 540 982375936
1440 1114 786030363
1134 718 316437867
1326 522 602682652
1469 420 407021752
209 706 880842969
469 1831 599521251
1711 338 12396487
708 1630 233591585
375 451 109173290
579 1584 783000920
102 906 72295077
532 854 505137616
616 994 896381204
566 1691 365197099
59 121 687521945
1332 1538 769157522
771 1645 953695989
532 1075 249871409
1162 909 250907416
1639 600 671977956
113 193 634750202
177 1772 183008562
666 1836 967429803
456 1371 978269049
522 635 446853801
129 1594 494323563
587 1491 125574001
450 578 148669112
234 189 716501080
583 1291 767046412
1722 1034 858295194
1873 1975 989568572
1329 1846 609363379
316 379 192036283
303 133 373464045
1866 949 345696082
469 211 699171898
1591 241 122846480
1362 1438 48452675
436 469 771897470
413 448 929064384
1461 1892 227168023
828 947 71900681
170 1253 189337590
390 708 598598893
1025 1516 358547153
1763 1765 611201730
1655 1642 320313381
1485 975 547139517
719 1654 332521138
569 1564 638719619
1542 669 484332074
1857 1228 664496127
1026 650 3106596
968 760 330340982
744 734 98163286
1754 1429 568182744
576 876 725958915
28 14 673353559
166 1318 679100594
1904 1548 709338685
129 993 659402272
648 1025 920419834
445 672 371801463
210 1879 471204220
1584 1815 864224703
1577 686 93126595
480 54 496137619
1703 226 127172020
678 490 883031832
1055 1879 625197868
573 491 131780907
1413 1097 736353111
1522 1362 873997785
1387 896 617848387
224 116 197466643
1291 1152 471116207
742 1842 270406306
619 1906 617818409
835 316 171717208
1263 1919 204054359
1266 938 711426439
451 1627 491260052
1475 1343 399394487
380 788 918107326
86 1382 838874258
1478 255 315635789
451 1930 238305571
885 129 692025000
1499 713 578340415
728 1235 991709619
1800 351 67881283
889 1230 408923308
860 1689 422145535
798 1007 38608951
264 546 983089905
482 1953 746604470
1834 1361 383935669
595 1587 613077470
609 155 765415612
126 1078 945060487
452 461 654271804
853 863 527622082
752 255 640896103
168 1635 941778992
93 510 395407070
702 581 984104593
791 560 426998632
74 1963 2577563
888 1793 663467486
175 79 896600844
449 536 540329834
1859 599 9387266
1406 1275 784362480
1061 917 445771402
494 440 215213771
1016 1175 495652470
443 1002 43890364
799 136 861652850
1288 931 358932254
709 543 342542425
1374 1286 315809886
26 1137 480171460
1288 215 478844331
1724 106 350891236
1257 1146 362851817
1162 1410 559004049
591 895 611614186
1119 1435 818613666
402 1691 682312671
1395 874 511625599
1679 561 370772492
464 29 668992499
606 1946 807459002
575 6 939564870
417 1032 923717490
1583 867 2321802
1283 1529 320926567
833 1268 422336565
501 1 930588979
1529 1851 200056560
483 1185 529419718
1881 1256 345358765
9 1126 200397467
1720 396 106445823
219 866 949165867
1938 1043 411164581
1632 949 58373030
1546 356 402603623
110 466 71472864
29 644 643736869
768 1157 661890953
882 1096 646558764
1000 3 922453665
1439 1248 929545419
439 1084 327283498
1552 1000 351310373
1826 813 587549982
279 1583 770138953
1812 670 189876131
25 143 127857791
934 839 555293820
1568 1692 811792868
436 1031 886070467
1596 161 296224569
1733 766 61148885
1215 1026 683535607
36 835 24397708
452 555 859824294
1673 1744 290205363
3 188 398309998
1840 1313 260568246
666 1977 151404526
880 1009 547067801
1097 1691 175865420
1614 715 570225451
866 1586 520046476
912 1037 536350842
1300 475 86512933
1683 1520 588464265
372 1400 385243601
1518 909 19414080
452 955 906871972
1788 1523 295148451
46 1298 131786592
179 455 346322502
1488 452 924490758
173 1100 855396096
1863 282 901963184
1106 874 963121375
1676 1918 348169374
648 84 557132635
894 856 243206029
804 1132 935631309
882 676 454753359
1541 852 371084833
1141 444 987900312
1683 231 501884618
1695 124 75188245
206 825 333187062
1628 1326 918335170
898 1517 519142402
414 457 418840188
47 1556 898407728
1053 603 537272021
400 1658 305806999
1634 1094 599074343
1213 1121 281939034
1548 1958 531052267
391 1253 296396060
1042 829 426206795
136 599 187499699
1523 411 964905461
1384 15 849003547
1920 446 129877297
324 1325 830733996
515 33 486777653
827 466 636703887
872 646 796247223
835 796 532375662
1230 1031 551453892
188 471 73673834
602 625 114258128
967 545 175133778
288 36 456094733
879 1752 618659089
210 1919 157730815
740 638 393849702
1626 482 889528912
1949 1482 739202011
1220 929 518980064
1795 700 454994415
1265 1989 582766880
1081 852 562491541
322 1139 771645856
213 889 507328481
1688 264 408590565
1162 664 979833344
154 1972 720331392
355 1274 121526633
1408 1403 959294299
529 1864 762008146
1367 1437 173510741
1673 21 98996068
727 160 194433041
1761 22 223224241
251 720 958075403
129 1018 754114021
1156 626 40081643
1471 1246 498372283
1486 516 254788125
998 1375 54983347
1754 1079 900970145
860 1205 748774657
231 963 631054111
860 1322 341291976
1161 243 520075582
237 139 903707527
94 1887 312566325
142 461 615205843
1387 2000 443488417
1884 1948 650569030
808 1540 15845785
639 1182 454874807
742 709 71432447
1707 1456 235247531
1977 1082 718063897
1685 969 992371722
506 1847 722695007
1921 945 285270805
704 1936 396041878
109 1597 454882711
1088 962 887303709
1246 532 826405722
758 127 460398214
1607 1072 439023068
759 1766 471881063
256 950 141866051
1667 575 203125362
1506 1349 341656717
1458 1038 783531459
1094 794 337864203
1024 1875 206867833
1772 829 537026319
1730 315 290014343
1106 620 709794276
1573 1829 103795403
900 1638 368712446
1347 1108 926958688
1422 1481 95700082
81 1201 3015728
508 1104 920219303
730 894 699403724
1585 761 717766221
1341 1080 691072639
731 943 962811790
887 77 744088991
456 380 839543428
1306 1139 88298023
1574 692 468584682
1698 435 716765058
920 252 399640853
975 1874 246993321
1046 1604 883427876
815 193 299071599
1339 1966 309553014
1203 121 932549659
182 527 893589852
757 741 897454391
1464 1965 649560847
997 212 94759335
373 1093 280167908
1223 710 463931132
1065 291 848473533
359 401 197761546
959 1498 640090307
1847 1501 956971447
1564 625 387081297
731 549 97911573
215 785 634556211
1062 1057 315242163
823 686 136023823
1 1574 384178991
710 1140 388693795
1119 38 731203856
997 1072 555805744
758 1725 70271954
747 242 143819701
1362 1569 860247617
1535 43 31809632
447 130 933906954
1014 504 690486209
254 126 698244750
1174 44 669211456
1611 978 184791289
721 1394 783743569
3 1646 814325139
1191 1064 926927333
460 1033 577877077
442 1173 334691107
49 829 807303871
1778 131 160865623
112 693 51038440
716 521 439801642
1967 1031 23938006
1718 509 687131411
1225 1269 500179215
1707 412 832926989
1319 1614 265954160
1243 587 448195466
414 1188 49643324
1671 530 39974823
1237 1678 521196919
1814 219 773007520
1832 1956 134851189
384 1316 246101125
953 1289 543459757
1290 1741 589468205
1285 208 437929170
344 909 241411179
1085 1709 187121188
288 781 103898239
1094 1447 797340674
334 1402 954862543
1835 797 693669316
103 662 833978071
669 1422 532748743
105 260 769147228
3 387 60939976
43 1397 605974503
1121 1800 226323573
44 94 343849585
1345 223 274183489
1899 867 448201818
1232 702 830054263
1262 1415 858472352
1003 1161 550032786
307 518 378469708
523 1902 349909963
1885 1434 892469039
1633 1591 96060658
1333 126 58286798
1205 1481 938455681
868 1308 303732634
1383 341 92737517
1598 1113 250031716
1947 1401 170814783
753 587 203488783
65 167 922607843
281 1535 712382854
353 939 798826176
204 1056 579331824
215 1442 397576840
180 812 945758242
22 1217 835365200
1639 557 621230165
173 1356 544596066
1322 493 844085528
1215 1288 85016914
861 466 718339207
1427 201 129312079
40 754 119238845
1419 1130 584483258
1400 712 437678726
15 1364 82943996
1301 1951 751805273
236 619 460471956
1923 491 599118469
817 169 848081774
848 604 96254889
1711 1383 125733243
1666 1574 558219880
1718 1470 393932157
1678 1950 768685917
1826 1337 872972834
1541 1254 532101709
1187 1684 770154324
848 1170 294631323
1050 261 377982159
1518 931 145075456
1118 789 584028147
209 466 208823674
275 1736 445080283
1193 1874 734745221
1013 43 453025453
659 308 306977928
776 438 223278899
913 1169 739246226
289 1486 439826858
485 1476 330068293
944 1007 272663770
1286 1972 768166674
1972 1360 65893478
258 36 561105830
1465 1099 614277477
94 149 990946467
655 765 305617968
1605 949 982798739
1220 366 792753021
1016 357 654280473
1644 1753 675730092
1408 1828 688574824
578 663 314196833
1025 1099 137822713
421 1448 147807314
172 667 813434488
23 590 807693153
1840 1897 1496318
1955 1902 505565932
731 1723 826187653
1476 544 370877028
856 1119 106913944
1326 988 662910492
1779 1577 677011786
1452 1950 144750179
848 1172 329353320
147 1886 16437204
1203 1892 852850929
1615 1208 533521643
1282 32 37982662
684 1111 392784604
1452 1492 785035933
1291 280 749474719
841 206 781843003
436 1951 347146063
1207 570 21602274
815 6 193660596
1909 206 143069703
1209 439 775850782
1781 1531 958784072
1985 115 889471860
444 342 429450396
1854 127 199853195
1847 837 209494475
765 407 785044155
1252 38 796573985
807 342 565278384
1464 1357 906878302
1339 911 15332221
167 888 400261872
806 1479 783364086
1407 1865 621443939
1212 331 910340414
1467 1860 929222680
1194 1093 640793246
1317 940 806306356
762 703 36980888
263 329 918158299
416 159 55770427
1409 22 913424542
1055 323 449034169
333 1971 776001329
1941 248 378733366
31 1054 293729377
565 1707 886137058
649 1943 616209732
531 1190 72084809
953 1150 556670129
5 1081 94887657
1502 1455 959793138
847 1741 545874949
1104 509 956108984
1922 1852 252951480
265 1600 491881550
752 29 911388236
905 619 647769105
56 318 946405580
965 56 433858848
735 233 327249879
2 864 169915215
1439 1826 332601270
1200 658 324760928
625
884
1024
110
1338
706
1042
1347
1036
1134
201
890
658
439
503
532
370
996
754
395
649
751
805
228
1018
787
1147
972
683
895
1166
432
1378
888
627
690
312
27
1184
647
1172
289
1264
592
465
1025
492
907
834
778
1361
784
1392
310
1124
195
740
639
87
1109
1304
26
403
1438
1439
1440
705
184
407
464
850
458
726
135
539
937
830
78
1022
58
1217
979
765
817
1369
644
969
1462
1332
607
562
20
274
589
1336
327
1091
922
208
1274
1427
1327
1477
681
194
1209
1481
993
874
431
1183
1413
24
1215
675
727
844
69
255
999
1495
666
519
1082
3
1500
385
882
966
504
277
576
1126
1430
1055
315
1301
1512
1513
497
299
1095
1362
508
1278
142
582
991
285
1354
401
66
1043
1313
549
1197
1178
593
1533
19
618
393
157
461
1048
564
1242
861
1131
613
1087
1121
1509
1441
660
1005
1334
97
645
1275
308
1021
481
886
160
1474
792
802
457
1161
1193
1566
12
1518
1128
807
741
913
215
1574
279
321
400
11
1523
1580
1101
1582
495
359
1154
1435
1587
1428
1344
1590
1591
1127
1059
601
273
513
211
1562
547
1094
1565
1231
932
366
103
1606
1235
55
648
987
872
517
1111
185
1615
1537
1208
258
1188
963
460
1622
1619
1535
286
824
130
36
939
422
1631
1041
1357
124
1635
1222
1637
866
1545
33
957
397
1639
250
1112
1646
280
541
287
175
1651
1444
902
1528
1655
75
699
60
570
1206
1010
738
837
335
875
1666
1267
933
1669
1343
198
518
746
655
187
970
1411
302
1679
621
677
630
781
1221
885
167
502
226
1689
1690
1079
848
956
700
1236
1472
1543
1371
1556
1700
524
1610
1452
334
1179
1706
990
1093
954
609
1142
880
205
1714
1434
1293
1337
99
762
1283
399
615
1723
73
1260
224
651
1728
351
1730
1731
793
482
54
264
1578
275
1473
324
1599
995
152
771
1014
1745
845
378
632
1246
921
912
1225
1317
1754
1119
213
1548
1102
1200
733
935
1475
1032
930
1765
1766
1767
808
847
1770
1603
65
1493
1774
246
672
352
1013
1125
1780
1649
1583
1173
1784
1487
794
1787
1788
1789
1790
1791
1096
684
1794
478
1502
131
1531
806
1800
696
693
238
1804
348
265
127
1389
1809
1485
826
68
1605
1577
42
1816
1817
1818
1064
1820
1136
252
1299
1542
1825
710
920
373
1465
1251
284
1328
1019
555
343
426
499
1838
1011
493
1205
253
1630
1844
1845
81
1847
435
1364
1120
1620
1852
1853
1721
1088
1856
720
1858
1826
1860
1861
1380
304
1768
1865
584
1823
105
1682
1432
498
624
1873
1576
1617
137
1796
1878
1069
398
1084
1882
1883
1657
821
266
1276
1693
1483
1890
1579
878
760
178
1408
1708
1814
425
870
1492
1901
1902
941
1904
319
981
83
1213
1909
967
1911
483
88
1563
673
1478
1917
1471
1919
629
1921
1922
1320
1003
459
1190
1927
163
1929
835
297
1530
222
169
1171
1105
1329
1086
382
1940
1658
1942
815
1944
1567
1946
752
1948
657
1592
857
1952
414
1632
1955
1956
1426
1288
619
573
53
1522
1641
171
189
1966
1464
798
1969
1970
1887
1972
1559
1974
241
1167
1170
1
333
1980
1819
682
1983
1984
1660
1986
1755
1988
1735
694
1923
1992
667
1994
1995
1895
278
1227
594
2000
