2500 2589 1496 2149
2206 1555 519745772
2043 2426 682349311
982 1575 69318100
2061 1399 855361487
952 1642 361195535
479 1113 724239234
1904 2497 388726006
2277 1909 593675849
283 2005 605289434
1694 880 270875877
1816 82 647637629
159 1455 705843766
626 714 39561412
207 2436 668782610
1546 545 479876009
1749 2034 851176792
325 649 330114422
230 1294 633497924
1999 1181 817714991
641 2237 858340355
878 137 503232335
1914 351 436660362
329 160 457377207
947 1362 436226978
865 2118 545986787
568 1719 321933383
671 2260 140958302
106 2231 443655475
412 2334 737360504
437 1127 488807348
1219 888 833197877
1402 585 849874886
1128 1040 178635399
1584 1036 848603485
2299 1117 172372928
2372 2204 497640705
1223 167 543821377
1577 113 410215840
662 1404 282613623
89 765 272503711
2374 1365 964346888
2482 405 762678577
2154 1913 684135496
427 724 614984172
2114 909 923855857
772 863 949737881
1040 2419 207428371
1737 1371 110642763
1168 461 719996489
1437 985 81954226
2192 1116 764718637
1680 631 727221680
1664 2339 613226509
2473 1814 372596269
2313 355 380955102
567 1976 273149479
732 1317 719220080
2135 1062 259841548
566 1296 545320675
2113 1083 833001291
1964 599 645576793
670 1010 263733032
1544 738 906619116
1045 1399 442106575
705 617 131890914
456 2440 602451116
348 609 571702047
799 550 339576057
378 863 175170010
225 2425 403111320
2370 1500 505138835
2275 1187 328125218
878 1838 54417220
1225 1133 909239615
1262 1631 784684246
856 706 779404343
1314 1486 975810774
607 2078 227407305
2050 2162 615825000
2122 1005 334447931
2308 1912 316714107
1457 1630 36446386
800 280 217523006
804 1758 398419907
662 85 387352273
737 1765 344945993
1904 1514 575225152
333 948 345394808
711 859 867244972
385 584 309544754
2242 536 540611274
668 2070 425927577
1636 2301 599922321
2098 938 306780900
1831 1569 402337071
1341 33 170494326
1137 59 172032316
977 1371 822317100
561 2397 702428977
845 1758 964735222
1926 1527 176545307
2018 1675 584645801
1497 190 823013259
2057 487 399893522
811 178 683061968
641 623 936517709
956 1894 227461479
876 1238 882098775
1104 683 287583410
256 1818 10511842
387 1449 645183208
1784 2051 673057128
2116 2474 845119309
717 2422 867595651
1014 2465 709833122
265 1903 397844346
1335 581 65649373
1810 150 121390366
1304 1883 435077405
2095 1018 736679383
2288 727 811847895
2314 1745 972321529
2002 1473 751841109
2029 370 937376604
1021 834 109435489
2395 2239 432412202
444 1842 305087293
957 1409 578860282
2396 729 378964693
1636 600 13386526
3 2215 323934007
2453 1873 161338936
2164 429 224804930
1123 617 802538515
336 1645 770976669
486 1126 482774959
251 462 752526315
2148 1535 384087453
1414 70 581074236
44 1586 975856013
570 2485 266783942
1526 1211 663143205
1208 856 200136660
1544 1431 846696467
654 1131 805136381
1949 1270 462105957
1684 1277 118673049
2493 2439 314619927
857 1984 51802993
2446 910 646498029
1429 1635 439823541
1159 1531 678990723
2448 133 838665266
1768 218 723288738
1808 2210 919676867
1461 2323 169531860
1705 1831 543981832
2288 1939 958116409
1990 1413 464014422
1656 1558 213297307
1683 1864 478371565
438 1553 290905792
2223 1917 405909104
2219 860 781664768
1981 1620 827426705
1038 1295 940764438
961 2380 939975691
1968 822 605854522
626 166 706184149
1256 1441 58381422
1184 1584 754599828
39 1582 482547480
1196 1051 884565584
1263 1698 867077328
1053 1192 910524010
1605 1194 929098875
607 2452 805301197
1861 2161 248994712
2238 813 553319268
2217 611 571753177
1515 2077 754248139
789 86 461042165
1902 1652 39594824
1775 2011 67658940
2455 500 914185468
1474 1858 119658859
1415 613 424565077
816 1177 286626369
2159 1158 222191046
106 1040 240399442
954 1615 154043834
1276 1298 155383194
551 1342 811750085
2293 971 656325716
1569 1565 954160668
1876 716 584881548
1256 1878 843791687
1699 1717 506823923
991 377 834188820
2440 552 558155762
87 407 506171854
1 1498 295962625
2116 1641 496855983
1837 1965 986320952
2024 604 685986962
545 1099 474571301
1348 2391 841750508
125 1895 360826848
465 2001 165660669
2150 403 420755805
202 610 55595329
2309 2008 688823041
484 844 504714541
415 933 273453943
723 989 833694743
739 124 842635459
171 2189 145616501
193 2081 799924374
1179 2267 48584009
1059 975 975271908
2229 944 788955100
144 1510 10701747
238 212 457384105
166 238 283022134
396 1346 484190108
1056 1211 661534490
793 711 868044668
1313 1214 120554014
2373 2125 549706404
364 2451 48799977
105 879 114903289
2418 111 717508375
1525 288 175349527
589 1006 980031380
811 679 461504717
577 950 52401197
1610 1887 841044683
2043 1981 943563364
1965 332 471497113
821 1834 274750851
36 778 565861323
1327 1265 299746803
1298 777 729545586
980 1237 258742221
53 897 478277845
1474 1105 463492273
1562 768 399757409
1808 1807 684939990
242 765 213021149
1499 1244 853943650
326 154 159411425
957 1432 494209020
136 2307 343148168
2292 1751 926449566
31 1920 162661476
201 2491 322797231
1559 1358 451013810
2311 115 828718672
30 908 495402958
2222 2227 411190005
46 1363 865224937
2007 862 309967928
2042 1977 861580280
2177 236 476262889
2493 1311 20194031
352 2415 881138281
1067 1331 644564014
972 147 841920568
1712 2356 796803643
1488 294 367326411
1014 1358 110252722
1428 1966 527447714
1379 1610 897826937
1793 2333 573527706
488 543 157306679
1196 1029 264674943
1235 2340 776710662
1614 380 864311525
192 1156 961999718
1179 1069 656755255
1535 1729 194948213
1833 1285 251772688
1580 1080 63617372
1594 1130 204918729
1140 2015 545145612
463 979 76298066
1423 1258 799621674
932 1364 45421893
1925 1072 783665479
238 1190 680359736
672 2028 594552404
1935 741 106611538
1857 782 853337428
2160 2484 2578464
1250 1178 132406355
1814 2064 319936425
356 462 897374870
1424 2320 992759231
65 1532 810756371
1665 2446 868961175
2124 2438 193749539
15 843 48866972
1155 1370 522184821
62 1867 608588415
2115 583 44008262
1343 1755 31530642
1503 2329 522756046
613 2373 41735254
1727 1049 794750461
1896 2170 435456338
1048 1851 931437671
1321 734 617969702
1690 1107 814673275
501 18 422239966
1117 925 698607099
628 774 380632203
1326 1928 899424935
2286 2337 746315792
1235 1519 373458235
1975 439 263865401
1735 979 202567836
1825 1968 44615953
2253 1971 370082893
1323 394 310219892
1975 1758 932729127
1030 2362 477086690
273 2190 613716809
1400 270 348443542
186 765 366738252
1916 431 460436694
1167 1624 471247035
1343 2379 126373260
2151 428 841506242
221 1447 695384854
1623 2241 156145700
528 375 46250585
57 827 369703282
2200 1061 421965596
632 406 602254969
443 1800 604448914
381 2226 28065276
1231 1160 645408056
2148 2254 379206306
1093 443 897904609
1096 2089 135668785
865 175 883354638
2392 2484 131757052
496 1661 912911747
693 821 347465370
425 1287 701056790
724 444 635735768
708 1240 168003273
2409 1127 182724592
721 2291 139545883
85 985 569526522
702 2199 628812699
2111 2175 985985442
2156 775 750232253
460 807 635801626
2157 1166 413487856
1081 1147 903656018
217 1275 884216047
277 1364 444672614
2213 1068 827754327
1117 239 756311640
435 1594 938445177
1553 2134 32003326
453 364 783611249
146 1188 267210813
287 474 301194615
1795 696 329994871
2199 975 597907572
1520 1049 513949506
1001 544 654680024
1247 537 925970265
826 360 279196842
2173 1577 553547735
2482 582 276135904
140 414 323154081
52 2034 879920112
2245 1199 420187684
1125 830 943719846
2140 2149 176950336
2067 2297 658380343
269 805 391060611
288 2345 457880727
205 1239 918676889
193 1162 820486151
356 397 958315523
2351 1493 860606449
650 46 883200007
2418 1412 465948919
189 1082 430442727
2493 864 818139465
2099 2292 153947477
587 529 612214326
31 1236 100583717
2278 56 552538885
1957 60 770071108
1294 1823 912365317
1751 535 151607016
390 655 231681251
775 1542 757107977
1666 1085 870489915
1678 757 159315215
738 119 162656368
828 1933 725344204
2459 611 871102400
911 1013 386092459
2344 533 728673682
1851 973 678958377
607 752 563031826
1088 1270 345473157
497 475 532928255
947 205 968319155
273 2177 336185795
2422 23 588054421
532 1180 408043715
102 1743 219764588
211 2216 292175096
2376 1751 280306572
120 2089 680711870
1806 2361 729574479
2088 931 298271468
1115 555 39692363
1248 493 75694884
1713 1850 534092999
314 1336 83272043
2280 1011 581641066
721 544 131023099
2389 109 769393461
172 2499 674616919
1587 20 266727602
778 1113 111339168
1109 1668 256656237
302 1711 530457127
379 663 417609379
842 2278 71548994
629 545 983908153
1494 1950 194301539
456 1058 556055279
887 420 610053734
1025 1930 3668693
206 38 405585961
975 964 160820477
1647 2199 247372897
2442 732 404632945
2214 935 600794795
1608 2138 683632743
1543 1400 902448865
429 1900 819915187
1405 2470 578230191
723 1906 746551676
2210 2116 927854181
1091 603 689189426
2263 1279 551695886
465 2384 536239551
1063 2077 590554560
1172 2379 858107388
2043 1245 422179381
404 1117 461177958
2344 762 179039386
489 618 611089680
1537 1551 232449191
53 105 349825755
578 345 846937071
1473 2043 825023717
350 1638 977560184
1209 1849 439948607
1037 70 637860494
1713 1860 903957730
857 1780 326575059
1151 1989 294779106
2087 2303 566312347
1859 1987 534346979
2483 1760 929462390
1860 699 236068044
771 1253 207659789
890 629 190720955
1312 1684 25708081
1379 2158 896112696
1125 665 483900977
204 151 954583980
1685 919 583660907
67 1949 769079059
2435 1730 381129253
2192 744 839769840
1040 642 183262109
1166 237 654027393
1210 443 577418846
1835 1894 458900532
1949 506 552016340
703 1698 572539225
1716 842 590002978
815 808 876282136
1860 1659 724042547
1318 4 102804132
2346 121 743080463
872 603 649656496
552 158 440497007
2417 1133 848439842
740 1770 250820242
598 120 363806726
544 1972 214793041
496 978 330579652
1426 30 162275953
499 1405 992918677
971 1582 358197048
833 1444 966328627
2144 349 902197826
2442 818 44146895
885 596 475675540
890 1019 115114056
920 2198 979284465
1494 1381 982805145
39 2277 171785580
832 412 579566994
2416 2183 816999742
2087 1639 301093322
1539 1332 112682713
2297 1758 44285395
2289 2358 216785468
1969 2151 671768239
1528 1943 301166985
419 273 36734339
303 1203 168168404
192 1642 371077258
124 1199 372513597
373 640 191622988
858 329 899343936
2199 339 326102030
1642 1357 763260491
512 446 517032588
1913 1416 820068752
899 315 135922661
359 1216 870299164
1425 72 663162326
292 22 637611560
1938 1816 409783082
183 2236 723971503
2235 1182 668625777
1989 1972 136265024
15 1713 71573487
2420 410 638404116
2204 412 617297367
2252 1161 500321123
4 1600 404026809
408 1286 298401522
2330 1870 634022456
1511 1504 382050544
748 898 271884287
1163 1289 925568259
2415 2242 101913844
2363 2329 91178652
1248 1293 465329838
1501 1754 552351378
136 35 529490469
876 1622 69854702
142 1509 97249448
2191 2154 463086596
1406 1769 647623187
1570 222 36431810
1408 1438 56353856
564 211 127602764
600 1965 809131965
1514 509 843035847
1686 1367 821526463
238 1397 944234356
1632 2341 305787735
759 773 515527681
2322 2047 866083299
1413 98 735987483
2492 1444 511049926
1134 2313 140742983
1126 674 712198747
1980 1854 695464690
644 1999 140334118
1531 2409 727863750
1939 803 197914188
658 910 324049726
2154 2192 299489349
859 1734 283306108
657 1939 578314959
1958 490 34919769
2351 19 233565989
2209 2287 380018878
1669 643 69453168
926 1350 172005425
1871 1287 350979709
399 39 942171826
2204 1994 34017969
1318 55 282607304
689 786 808188473
1078 69 622443990
1658 389 620631685
2350 1947 764955314
1100 645 69508854
854 697 217753463
1089 1425 204295381
2097 230 90739866
2244 1948 215456903
2439 273 832154939
712 245 378187774
97 2374 612071101
2130 2285 198780531
743 1901 925223320
2257 1991 958352209
2465 1894 719319917
2355 505 905662580
350 1151 542371418
2016 2146 523003794
2277 2126 72869775
1400 2117 774233849
2226 2298 380637985
55 173 315897210
1929 1769 498833182
1477 286 549352357
2237 1884 811358688
2059 651 1194549
2123 736 517544870
152 1619 39672782
1708 1382 328094560
2499 1202 803219429
513 1013 244951241
1737 1627 20567294
2143 2053 313072059
318 205 624546845
318 834 262802622
710 1312 970985846
2225 1966 581100257
1283 1262 164493414
535 1468 664910541
1484 1915 959761574
942 122 990506262
1837 1034 579089085
358 1907 697269204
1236 1780 122894262
169 1811 940525426
1823 128 814437907
1900 1073 905545925
1371 1214 509576193
209 1121 973452896
2409 1912 845005004
123 1852 224698661
468 1454 119127956
467 657 601696799
961 1603 263303489
993 1150 811709327
449 1715 935990708
1130 2152 205059396
1224 2199 41918014
2242 386 663218735
2400 99 936484693
44 1925 735279926
1376 1351 655054724
2020 1015 255665992
688 987 644293539
494 2481 609053873
812 1972 57804360
794 1375 667085742
1964 866 192241789
1159 1164 65262148
2437 2024 637671858
1181 1236 66415949
1947 1201 726903541
866 2185 594855122
2137 1639 318462303
382 1828 400007584
1502 1510 412150737
462 687 163949077
2399 445 672411616
785 2163 413064250
728 1079 991168525
1160 1537 469097238
1104 364 585746233
2242 876 54857537
1247 1907 836791127
223 1570 190531767
2458 157 504676707
336 948 168175086
1597 2406 32933522
837 2132 896350761
931 103 269260490
740 220 131544334
1931 649 352411731
1004 94 821489014
988 1323 985024719
1345 1582 834366852
2012 470 640529255
1419 1517 246661624
2104 1146 890562631
1956 201 653895876
273 1125 933822795
520 1034 76787424
2098 188 890044410
421 2189 618829146
966 1778 733728946
285 1521 400211888
1933 1064 43071269
1183 1921 381039969
1482 2025 151709699
2255 930 879902913
1191 2204 594754552
1480 205 12454157
1795 1796 12363737
2387 919 842204606
2152 1507 352398873
326 1992 995575585
485 528 174727553
1552 957 166824487
2136 1289 316781344
2040 1018 863809913
2256 245 410959231
2075 1889 118720463
1272 2208 74033945
582 660 459317122
707 2498 954314249
615 1303 288673119
95 859 248880901
2407 1129 367293629
187 1556 813100426
2067 2120 683706065
954 891 480886104
949 992 471590720
1860 567 520631585
1327 304 273586677
111 122 565172349
345 122 911741492
2371 1211 699152672
196 1595 632082671
1654 1881 368207181
2486 974 350407256
2155 171 18826125
2205 1015 981177527
21 2446 101522332
713 2232 915640444
1128 216 585705124
2018 302 38754200
1600 948 554791085
1022 589 740653063
1710 2344 758694738
673 605 439828401
90 1598 283338168
135 1037 813364082
2482 1430 588082620
723 273 456093559
90 315 156926571
1018 1989 345136331
1649 59 986780598
1372 2237 887907377
286 1712 353918822
180 363 470446643
965 2189 387295565
68 2189 80578171
1614 620 513386686
1705 2105 337546336
1704 1149 513898302
54 1903 517831875
368 292 585425530
944 1366 515285276
575 362 32540540
1960 141 203799503
2145 1361 622901017
1657 1079 994557892
1431 2168 678423982
304 2283 229548342
465 1268 788068875
2493 238 764362186
1162 273 550859182
370 2010 744178658
1064 1828 836208179
340 885 437489971
1864 1903 785880587
1441 813 766539924
1007 721 535888492
2065 2263 667062041
1069 617 368433288
1680 1837 197102176
1906 939 90150400
1639 1035 773717034
1535 553 788071067
1758 558 68217644
258 715 674851122
931 1431 842622247
1897 1804 888150511
826 9 622334518
1191 919 615165366
1825 1840 300439398
395 191 213634786
290 1522 888220299
1087 910 789221172
39 732 183049553
1965 43 462902023
565 1526 293588881
124 567 860047304
1041 1571 774813413
145 1945 827350438
1512 2021 576630654
2089 1170 940644997
1950 1107 965442100
2342 2399 506374199
1080 2358 986725854
1692 2172 280021997
1305 1917 631461859
1995 2129 263269611
893 1830 396826641
1476 2365 703322747
1288 2346 428855724
2065 858 18453283
2415 745 772201930
700 354 554882841
1195 253 323703006
45 2242 936666614
404 1533 452450705
2426 784 194435498
1647 1982 323037400
903 810 363408560
1989 2124 138494274
1374 336 749708161
755 2433 451104657
1941 573 999295309
2395 606 148380300
1481 1929 656515560
2316 2210 406315539
131 862 921761026
2238 228 880970099
1390 1020 412160667
1044 1304 104267003
990 1705 459788469
465 140 204830415
1011 337 270726730
1365 1627 968197371
1939 475 690224512
1153 525 114115787
55 462 854667034
1583 1317 627273561
1983 1908 814855474
2362 30 426600806
942 1614 573354277
39 1118 88234605
2057 66 899236557
2245 1004 897327349
848 686 397332725
127 1090 818648615
391 839 347490569
1729 2151 245360799
352 1095 939957261
1097 885 174012550
255 1088 410042064
675 300 405542624
2332 1820 787638624
1547 86 911346722
1259 1031 983480256
2189 888 364132871
2081 938 520914392
1837 1290 521456291
2014 1295 857799340
2284 838 864050359
441 735 22622928
1684 2281 700032327
222 2305 143213595
648 162 922627178
567 1236 900009115
459 627 675024224
554 1436 138752712
979 680 176362985
778 2047 472033019
1932 2043 370070228
2300 2129 971840544
1908 2167 321824213
1853 632 916405674
2247 1541 501813915
2464 1421 229648583
1974 923 755823906
798 267 671249621
2477 1511 993063749
135 598 273852179
2444 1684 459701654
1856 1946 674008987
937 1319 918944114
1836 2149 214330767
1825 1607 991786063
1363 2237 611671698
2213 812 828777047
1857 1516 577655162
157 2038 231811130
443 59 796227139
37 934 129492031
954 348 588538694
244 1326 60215453
1349 1491 211026345
469 1530 557059336
1784 1686 906879769
2336 2405 66325901
600 1450 324311734
808 2097 365095586
1339 880 181249359
2339 1705 353169017
522 2193 816280271
207 888 254514068
1923 688 949103350
2071 1847 483183261
1882 823 277243723
1564 913 406590327
1932 2042 762967632
482 912 388250000
2423 1622 589435895
1568 217 243430776
2439 2371 607638357
1289 1223 543965111
521 1349 913995156
1348 1378 800956634
1522 2476 38156846
1873 2055 339316431
2457 451 566242904
1952 2299 385207666
2426 1569 44932027
1817 307 374328423
479 1377 93061225
1777 1178 388496937
1365 861 501392398
812 600 594291299
2245 1185 202844261
697 1289 969264510
444 2070 553927406
2465 1165 799823739
778 2345 874027997
1256 1586 663247873
1766 1302 67706453
840 1487 211102649
1162 2215 322398166
1581 759 952555737
2377 732 9826034
1097 849 228979967
193 1373 78769990
1541 47 722139711
1055 2247 814226600
952 767 688414591
174 1582 230618525
1948 783 560596993
538 593 587796237
199 99 89334849
1798 2161 786211641
1537 1146 243948544
738 1587 897838572
699 2258 85208992
1599 2356 107207664
188 1613 877966514
2188 277 191430595
2412 684 111195597
2197 284 584575371
753 1976 953180065
2315 1643 419523142
1419 1401 734428491
1640 529 296280645
1829 1578 607900649
2157 1472 34362586
2189 317 552069489
1115 2013 488504656
910 172 949059262
1961 2216 959940891
477 822 825480939
176 592 199952720
1591 1698 232167908
2146 1443 222379862
1209 209 554739257
88 1092 984008414
78 1489 221591093
1033 1031 27851536
1742 1671 897733167
1115 1584 826598662
1897 2256 894827039
2099 851 393985917
2176 1911 711722100
263 741 147779017
2387 2106 787587107
1586 304 596058121
135 2493 257078275
538 1778 168004764
501 881 966906199
720 737 913921747
2231 1995 239082412
2043 1756 534645479
1763 741 692420581
2340 739 682658605
1088 1306 868692116
1324 2099 857330823
1718 2059 313997194
2410 2446 67195422
2004 56 20356784
1668 1138 545886285
934 1807 421252632
1461 446 604537056
455 1680 914919758
1352 2420 656904317
794 2233 869469684
2475 2384 169628002
771 2309 301994381
1762 738 49603920
1165 1052 505718424
1204 756 539683526
778 222 957991137
2034 205 608322418
2126 731 73132306
1476 912 460060644
281 1008 478815120
340 1409 475986052
848 2327 23809668
579 307 521818566
2437 1937 609339191
1266 993 597854107
1141 1317 851235490
1520 1933 636004394
231 1321 176636229
2091 1417 662111679
2483 2318 433916471
1821 591 859749891
1077 2132 667545982
716 248 125316205
1863 280 170704800
2202 2095 879182840
1226 275 908776057
501 859 477207574
1403 1698 706224975
2365 949 322463972
1761 1112 355204643
987 1930 908292254
2014 1862 998648905
643 1579 826934356
2368 2192 842579002
2261 1944 593391581
1369 505 752861353
2383 657 174264588
959 1764 824324307
2286 1975 889060386
749 897 149260315
2473 1244 384394114
319 1698 841822933
2026 2088 17336491
2398 2394 39793761
2349 2147 410617953
457 2165 820269180
1101 1909 828912685
1716 1521 22109650
1972 1899 131134216
2096 1992 404886998
1327 300 705095506
1387 1884 471105494
1721 1202 187131913
163 1761 425318729
991 690 758096694
1792 1501 690738027
321 595 550694314
129 1361 822434827
664 345 671553002
1676 1435 718480291
1248 287 657917031
2449 1659 55025321
738 779 889951986
844 402 197930532
1232 1941 564927342
1119 1136 416737665
1247 1987 786580422
1736 2020 793939366
346 1222 792753953
213 1502 132531527
90 847 884252244
1754 1392 331568249
880 479 922167192
444 1602 383718276
386 1469 428620668
705 68 911254268
1812 854 724684060
1394 1315 386571538
810 2 218956179
1197 1060 148394535
2292 1338 34115757
1954 1301 41713314
2442 379 629478625
122 1815 638045186
1328 1046 847902846
1110 519 511630134
557 668 219121187
298 91 484679723
238 775 120218227
1534 2331 93894311
1344 2132 185665289
941 462 412876885
1208 1996 267900074
1876 2006 56768544
1839 1655 662202041
2272 874 114884291
2188 943 968762863
1268 16 563120801
1972 369 412249674
1989 1982 372473041
1262 1457 419417670
1307 89 13117821
68 1565 115879754
842 1860 638523756
1609 125 30375269
292 606 134820572
1782 912 858178617
127 1624 215322516
1693 537 54916407
1884 554 861107770
867 1889 528121612
436 492 719296737
208 2257 482755674
1271 1280 608847078
2265 2025 293255083
952 1581 477064700
953 2292 364895394
1373 1549 633910404
74 918 616100979
2078 517 297174305
1463 2168 975416724
1955 237 123606411
1612 1875 638560948
2227 2022 275665060
738 1847 376134892
567 1687 693663176
1300 1866 813530931
208 2364 977521512
2230 1215 190082327
1504 897 997121753
1754 2488 878142122
2451 2047 662802281
1738 1341 49318329
792 299 393730739
1655 1890 366991428
703 167 794946100
506 32 955631145
482 2030 425592861
230 820 927128097
2081 1628 202649962
2437 2354 948844016
2266 1707 812850995
833 983 562581464
2031 919 816535873
1959 2277 45445454
1225 625 279739875
202 1960 105745648
1336 598 422717698
2176 1713 219325365
569 1007 363254387
1236 902 723183973
135 734 681257356
205 2249 557223500
676 1265 366637561
1249 2066 615627306
1764 2181 881802192
1022 1606 527963245
998 2109 32854753
276 1359 909473185
480 1110 789955411
2493 149 926562855
1361 1901 739879276
633 2292 943527972
50 1441 941679279
2313 2481 960699068
2322 1855 537818155
351 278 469914752
1590 1727 752826897
68 1870 294235428
845 780 789146760
2497 2294 99569781
892 2012 136443325
1621 1051 318592649
2036 812 413812541
418 89 341255991
509 1121 80561798
279 1103 232653513
2282 119 216920282
2089 475 11018224
163 135 359917654
1451 1556 370292472
1561 1248 416522819
1343 574 945270332
867 1787 613939372
217 2439 980475867
1513 584 636954416
1745 479 804865707
1590 1724 845763865
71 1470 252745325
1617 872 317861036
2066 581 620910914
991 1748 102313922
2172 1531 989008477
375 1754 922186647
2390 2074 913373690
2156 550 151675873
1789 602 627227279
836 1925 306394404
2371 921 522609472
752 1781 734301764
1268 1038 355364759
1312 1234 47248219
1285 1466 58817651
284 2401 538996172
2126 351 954293313
1752 1080 674380696
1228 1629 653009002
797 2253 843084272
1618 484 439570956
275 717 155497738
167 1794 712935915
720 1770 32949048
668 126 965932457
1122 1589 504277301
299 1575 474866741
1695 1207 415794626
703 2408 859135873
1373 1282 724752497
909 1776 749295479
1216 2204 628637119
422 1979 755497005
2417 1476 905177704
782 1567 84077910
1902 2101 417901559
2086 1944 40159995
1418 2470 243725468
1358 2266 909951339
604 1555 972297793
791 572 720348272
172 449 117307614
934 1651 721181635
1426 1383 635866636
194 2479 835177665
289 1083 574067160
953 817 678082909
1566 344 311071962
910 2138 396341848
1082 364 160408453
1191 1114 869647024
2240 2259 608796863
1517 2130 147573333
2229 1739 114433971
319 707 587781154
1418 339 972997862
174 2357 940358410
1703 1348 414936712
161 1963 651404434
2142 671 416252940
1189 1136 181219454
2083 620 236449530
712 1964 668647887
1717 781 974312195
541 1042 679323372
1593 1152 237922645
1389 769 536836382
600 357 597348657
1844 1504 603483969
332 960 121650106
1280 1679 381556664
2143 2092 522590990
2194 556 156209057
1555 928 542643354
1600 343 374660425
2231 301 876417193
203 1184 314682850
2023 1082 495775038
926 695 902285939
1445 738 672924196
1993 1478 548842511
2387 75 978774083
1745 1467 983976777
1945 963 236727348
359 1571 6065382
2101 144 981553174
560 538 715258836
449 1135 767963810
1470 1976 989035099
2318 512 599377276
863 902 18058385
1123 2063 443541196
179 2407 149080595
904 864 731152397
2152 370 427790577
489 1951 627703844
859 994 220059114
1025 2128 311505076
1419 1293 385220056
423 1070 200383152
966 2394 740224109
286 966 750300209
1178 465 738994719
2212 315 438281097
776 1954 788868961
1441 2370 377064855
2282 2017 345522451
230 1502 252200796
2196 843 161028666
1410 2461 635226318
104 1446 547289843
402 2273 469573868
1007 475 597056676
1121 1674 658387730
1038 966 135368565
1785 1354 188752781
1037 2456 505766654
2100 367 843367794
104 1492 754969153
1847 7 864348587
935 1447 64797914
2361 1218 440983378
623 2457 986576757
2305 791 295042881
175 413 689464191
1258 1627 675129577
157 2160 912204831
1052 327 988469859
2470 1548 350600807
255 241 267949508
878 196 234713286
104 27 135239092
1684 217 803893185
1228 440 768923457
2083 1106 80318434
241 1347 409573616
338 537 616623344
1522 1730 220153621
1565 814 387168351
2213 1203 249148260
1598 2468 648444682
1102 1483 47193543
1679 624 242583583
80 2471 750584945
302 2343 15848793
254 1823 181828402
1003 915 879516277
653 591 154153996
1175 579 593251294
2159 929 405282567
887 1799 222669994
2274 765 112453441
895 184 154663369
2437 1905 342816584
1363 1476 973046907
1149 2018 541788844
1330 58 73250818
1675 1106 189919950
293 612 276314265
934 525 570416382
2428 1587 630035876
2284 444 86623173
2248 1422 861277992
2094 2089 386392958
1246 1473 461999740
2319 672 36964907
2371 1586 116256320
1786 2403 462263429
531 2224 50085774
705 1492 320578644
709 1512 364794991
1378 444 403407361
413 1304 579626896
1125 347 486706025
2112 310 360676661
1195 537 410979315
190 1213 382581102
1919 1900 756390372
473 743 644091783
475 547 243903729
1740 418 345739972
1887 391 732992021
471 734 723475533
1192 519 433587364
607 2085 384477287
1049 716 999172768
1141 2199 517979365
691 1270 484197451
2412 1094 841600221
321 158 210775293
1166 1894 704926621
163 1253 390994231
2446 1013 867547359
688 1064 663053303
454 1386 192924732
1572 1998 312652621
1961 825 131471838
446 1221 876661294
2310 2107 225182330
2395 2042 261438855
2349 1255 488794236
2427 1010 87640725
384 186 893864579
437 1292 958349939
2410 751 382578447
715 136 574889716
1054 2137 334583672
2165 1364 597168306
781 226 349408289
746 2064 484475495
1681 409 227194861
1216 2427 96082810
1075 1268 856506098
530 210 500346845
2178 894 25654892
2102 1503 508982549
2066 433 601680372
1431 1067 258580121
400 1458 453706225
630 1336 406413664
1050 2169 219600718
2347 1731 929257653
2317 2201 1718893
1592 1842 664800333
1572 2102 307582299
1957 326 839810970
1573 1476 894775108
527 2045 210087521
925 592 604494120
392 2287 338229898
2143 1335 69400526
1446 1321 361846070
190 1906 364235001
573 636 976111895
1501 1273 934890969
1744 2371 60299259
592 979 166161092
870 1959 217597864
2492 354 332034597
1464 416 650366447
2135 536 872262836
980 59 176197115
116 1438 404256999
1882 411 188279017
328 721 836746151
2030 1443 677411741
880 718 214883911
2115 1746 268639699
1828 2065 165407153
2074 114 663210100
2320 1839 672258274
336 1529 642009386
393 1475 842961559
1636 1619 72805174
1499 308 644140104
2388 14 498585472
1611 1966 677595733
1286 1642 385293295
788 864 176788863
1635 666 581497851
2374 1830 478793625
461 648 63142527
1791 1186 993902974
21 2338 127753939
1384 465 941507141
2389 559 132459802
1035 175 878125491
2301 1094 374866903
1007 1046 792835056
591 1254 205417158
1013 26 798017662
1950 514 574281449
1654 988 527824998
669 577 328915424
2490 1512 471680435
1569 1363 944509565
2 2052 578426404
1957 524 587918487
498 484 538466588
2220 83 933956638
912 1532 502138077
642 2430 253129584
2412 1519 98718453
1219 2252 373068010
2174 2262 626916855
2454 375 256332224
2037 903 462893678
409 274 398861329
603 322 418408207
386 1191 205095477
987 2313 654211629
1174 1852 997324633
716 511 644277873
392 2149 308574030
1669 1565 128035017
935 909 862195101
2292 340 137288096
2055 733 683727326
1623 2410 470968144
2301 2077 793667913
734 567 697989076
2007 1841 83033997
1078 2137 259150786
1790 601 833922784
2348 1972 851581047
256 306 74521431
1908 743 377399187
1260 443 917458807
1494 1892 395866023
1222 725 406910475
2333 525 643939885
918 473 866930999
392 1489 102781112
1365 1287 881540813
157 2049 379264876
1741 1069 491914718
2004 2072 452247727
13 118 203049364
802 761 557641248
1536 2082 617713983
1584 491 352629447
1643 1535 225276844
1732 474 509015182
1961 1879 106302909
1639 833 607879408
540 1378 274968630
281 1808 879769327
816 1071 71506132
2000 1120 336561227
1959 2224 590739619
1310 366 710733808
369 2382 155211665
1941 1262 408896943
185 284 439210301
806 2284 970778417
1312 1822 946808596
1622 1800 27201064
2251 2168 934801311
1826 2212 570029510
2318 1136 154216725
445 70 382488434
778 1281 588478263
1236 277 373587129
294 41 238874717
1413 84 263330946
1757 1489 167270347
2079 1007 138947461
951 495 753914184
2169 380 224599550
267 2377 710098929
101 1334 484460189
519 1988 800497226
2194 1470 114467008
1758 635 764020117
1499 1747 120767971
518 140 331565670
21 198 175126102
2018 1011 472770167
510 1252 646887729
2171 837 240855480
969 645 290415493
2448 1074 425995946
398 1431 480108756
1076 659 466236397
933 1893 258606274
997 113 381147415
994 1042 172078603
1705 2279 262192326
421 476 916960439
2020 1774 278820856
801 633 545521548
2424 64 410149017
822 790 943401668
1536 340 753887581
869 424 18105856
2431 1107 292694736
302 208 615532924
478 880 875399082
688 2246 915877507
415 24 500001895
1969 102 254992676
882 2001 4055063
403 1822 518348069
2190 1043 521172082
2015 1459 653343799
1548 549 169638191
30 525 418488683
468 1002 990369941
434 742 529726436
1422 1776 2674001
2144 452 296192206
2290 1774 558557066
2188 2330 382621326
1972 2379 285622578
1449 1857 485105978
1552 1563 988363679
934 1949 959121995
2188 1845 518950489
1256 1122 162807185
763 1026 348299573
784 2091 106956134
1556 1586 432002978
577 911 989770790
2274 1144 213643074
108 1239 276764382
648 148 228387772
2124 1971 685992771
755 411 512670160
1192 140 923894500
1603 1702 261121963
311 879 437698979
405 871 324101244
172 524 880454497
2066 262 537234246
1940 1513 710519032
17 421 235511543
626 1538 533545582
1057 923 201890234
2481 139 385874534
1497 1012 60997001
1505 889 856393945
1430 1241 393293829
229 620 560137478
1893 1496 386086793
1113 486 743450791
2440 1898 709476220
2184 1504 131262052
2221 44 444369894
1088 1380 676539788
1540 923 834994757
1851 1455 872954114
2446 757 125267873
1818 1596 878782325
614 26 369733598
2117 1857 481038035
31 1653 620204624
1017 499 446592766
1744 2207 4654996
1081 1866 101957056
962 330 582108829
975 1880 265029628
217 1365 794166029
922 885 600967207
2117 1753 396133573
2304 733 432958453
232 2245 798449855
211 30 184046934
1922 2354 285251354
1670 2076 973546147
2258 2485 506069622
970 1 358927892
1124 719 701999746
2415 906 748538486
819 321 542144466
603 1565 450651929
846 452 591912693
1045 2271 399649038
2276 273 112235206
6 872 190726034
1934 2404 68689410
1148 2493 238465988
2103 2194 589443099
413 2241 470676382
997 561 228282699
1347 2485 972717090
2439 1435 666151915
537 1554 612978899
1032 1870 502262020
2417 1503 473643110
361 386 335952934
2381 1600 901877433
973 1267 37617784
2422 1504 381466116
1392 2187 107647760
245 2199 343579981
489 1069 3793028
2352 1321 425889825
388 841 423871937
659 628 858536832
1148 1904 612679706
2097 1524 794335256
1297 1856 688808611
730 831 175346102
2321 2034 379460288
2011 900 212536313
116 679 107091960
629 1592 135744584
38 1059 672317198
1228 1230 34541317
159 1356 52697170
1083 443 539257346
1485 1249 854356276
723 2344 599634484
40 1016 563526425
968 1180 635480741
1510 867 535519601
483 1558 581105327
1759 1734 947015945
861 2179 426197350
778 755 78204573
515 95 713730134
110 1692 622135473
1548 60 325774189
951 1064 246341792
186 1020 914329658
1000 562 327488756
2141 1121 23677528
238 953 595652344
433 1460 93337380
859 2493 902340492
1784 2451 949738165
513 13 430037816
2146 1860 964325389
563 2450 426402690
839 838 502893195
16 1917 231356291
251 734 125129380
764 743 252404151
924 683 133673938
1680 1316 305766677
506 155 452553675
1936 367 760386399
763 2074 142382838
803 93 574887610
1144 1217 133679642
2445 1752 420315777
1937 1846 206826840
259 1321 4610389
1891 163 725580891
365 280 429933688
2441 2235 926277581
1744 1817 956927579
1658 1105 463228940
1830 280 709346421
795 2487 327759133
1672 1087 96385109
796 318 717368288
2021 874 787176954
187 1809 760884869
1668 629 3869538
1799 1191 839894078
567 205 377082208
940 120 764125238
854 1284 52220338
312 330 523578816
1642 1245 786761810
1637 1749 688684499
734 672 679311884
591 2499 81927094
775 1016 375838288
1407 1006 289590007
255 273 852166729
803 612 358901921
905 1713 705844013
1605 539 588424621
875 1880 594046422
310 2380 933947064
1930 1766 403257234
166 1961 437727990
2078 2482 77955638
2432 2047 675577958
1399 535 601399673
1123 551 145942343
1627 909 647288702
1920 130 937872074
507 153 25800370
1569 172 99682568
581 473 172613848
68 765 351465013
2054 1475 736502625
1550 1181 157493526
702 2182 10950912
1968 1923 132155568
2467 591 455577726
1466 2119 128601409
1040 342 537556170
230 447 247712371
1792 383 442288723
1906 1395 576570575
587 2325 632676762
1211 2331 236251247
1486 1420 685366530
2262 1444 848579831
2387 1368 763513834
60 1893 769885381
2275 1978 155855101
66 462 359080295
729 479 659035080
483 1162 816324429
415 1111 502011788
2012 1801 222744767
2107 898 598137685
608 1700 631064592
1246 835 896225099
1575 214 318409492
464 2299 617716039
2454 948 897833422
339 781 341255848
2473 449 229903982
1872 816 693224295
1322 1556 640908921
2226 2138 865906281
295 629 292903241
1805 2346 443183892
18 2463 587276216
1785 1671 106794532
2443 444 434857752
12 2193 125506495
523 1799 432038245
1761 2011 246127302
458 277 798119613
694 1018 21330285
2282 1068 356126736
1745 1363 224243469
869 1837 318717715
1365 2009 102732600
2240 1728 987508089
96 2351 283965454
1936 1962 32219493
341 979 374620622
2107 967 443195673
324 1657 880123823
2032 1379 37036531
1807 1317 232815088
1014 588 245608090
850 1658 735819054
897 249 553585780
116 701 970470645
962 354 431593051
1577 2360 468629912
775 298 242889359
1252 386 200164676
1315 401 374890477
422 290 465950291
626 1819 164899425
1031 1280 887762141
546 613 584563352
434 2484 89608597
1199 1689 750009082
117 1814 866901457
49 1566 630783959
2247 1058 476673258
1337 1738 208555743
1980 1639 694249157
2407 357 194315223
256 1229 598981042
1504 735 614019722
1317 2336 89007476
948 527 884130301
1883 630 996575136
1829 2177 437984997
285 733 827003178
522 1295 622745437
560 1186 456951612
1564 112 803997651
1967 2373 545903945
1644 312 473914691
1212 2361 572494946
667 2151 556168872
1684 2074 866130888
1642 1393 186018734
954 1102 167189185
2311 1681 92732075
2056 2252 185673135
2415 930 382910928
1490 778 86346845
233 1148 330381723
1859 760 370127772
746 2041 878577807
1287 870 701800462
2292 1075 629250087
1989 963 152635457
2095 984 481903367
188 1132 267091967
2022 870 538098805
885 1667 347313891
1443 1242 309084422
1457 2439 14960175
1659 1169 826496668
1922 1592 212579805
1668 461 946998671
2112 2083 512266483
376 1900 316843817
459 1767 997070107
1673 1999 812233560
61 177 560394098
2371 126 904218014
1464 2043 856638624
2011 448 960214859
741 1437 652366376
1745 1233 453090542
1353 1764 957114624
86 1085 755228425
565 619 939680611
1665 1942 392719875
2153 2439 152981990
20 678 136242530
74 1220 650240457
794 1576 255644217
209 2499 992149647
594 1513 87211230
1872 442 52708561
1662 121 373221856
1696 1707 617163854
331 2164 315248183
1915 204 560887109
1179 1451 723348669
1646 2219 291715334
313 1588 345369821
853 625 788385222
2393 1733 84685449
2439 1047 688194995
1249 2068 594530161
978 1864 159277896
1566 1197 974625649
1555 839 364682465
492 2116 127470154
1243 647 967707537
2234 2196 23537300
170 790 51937075
980 1040 866221043
280 536 929492415
1114 563 676424840
2429 481 544309726
1039 1024 271029163
1834 1247 305804991
631 2073 548498390
250 1211 881611051
1544 1230 764592099
592 1910 38808022
1709 2218 907395962
2302 207 568795384
1789 1228 363532484
1988 1677 831807260
1396 302 795478884
610 633 838648632
374 1079 87339174
2035 497 851448828
392 1363 663179001
2426 1750 166627950
298 785 640410778
1471 1586 756697014
723 1903 160895890
1428 1437 12484662
677 2124 848434402
1413 682 98549725
2074 266 155707131
817 1143 643122621
1659 1009 216372595
1687 2496 193355994
490 265 861900278
194 1745 349058116
1929 981 843422330
764 649 694093415
2432 311 164745398
2347 537 389029280
1204 1779 106328788
219 1969 729508884
1985 892 228378468
991 1745 74993853
1257 1206 430377620
892 889 340221381
1005 2136 601978526
2341 1754 951760406
1027 269 193895297
73 1576 292418097
430 633 777835507
2123 776 372616255
1240 1106 260404117
388 338 366312293
1885 887 915885160
831 113 328296028
238 1972 84302719
218 792 26748736
2414 951 199580918
1847 656 410501287
1634 1005 261639458
834 1670 311611381
758 118 959878921
1937 1508 220968173
1089 767 557382676
2439 987 646432395
671 634 431259394
357 1452 473730322
750 584 131908640
483 698 31441760
83 1887 462054070
2294 696 479158664
1243 1376 66053572
2186 1932 86503074
1746 551 251240430
345 1006 64456156
2451 442 197154996
341 51 393577173
1418 1943 153182437
985 1544 600749866
1984 2461 690464341
354 1806 838912336
1359 1023 205651661
766 949 545494179
1045 234 572342850
21 958 983562431
1465 1734 128478282
936 1553 257195534
830 853 795542219
1255 948 409319842
1792 761 758749685
1651 2462 588032581
2040 1726 225537905
600 1436 944306893
806 674 668215514
32 1733 47788979
923 1976 855174508
1180 634 801904614
599 1439 959362298
1663 489 723801821
1771 2464 137663013
1581 282 20430315
1707 1531 553374666
62 2127 667266774
2135 1066 24282556
2117 705 107061161
1391 1751 20690098
951 1299 317643209
734 2489 178836355
1993 48 774524485
1506 304 795892624
227 782 562432370
5 1896 798769280
1048 735 751606199
2317 1278 491546930
2494 2344 425003941
966 92 328843247
80 1566 440193354
151 1973 260503007
1498 1730 792239302
1149 921 787534270
1028 2451 32611870
1230 1329 945390543
104 1635 239894608
271 354 221499664
717 968 533297062
2245 544 455972270
101 2228 807279951
2007 1968 556598459
183 2110 78132267
938 1626 727880989
692 1332 209746661
363 166 930907081
2446 2208 942684998
2152 1227 594286385
797 1758 746783432
102 1604 207049723
2394 472 109885546
321 2367 230081266
2421 133 21374914
122 428 976344129
881 1285 192464216
2372 1427 943421406
1511 747 911560752
1183 709 245555523
2335 811 678447272
1274 749 855361635
2162 79 77990020
1447 576 495427035
1039 2192 797777479
1172 946 592722024
428 1326 462623684
988 1431 419079065
2033 1778 406479859
2436 999 15186373
732 1438 590744584
630 334 179951422
993 1352 586006465
135 2454 348616390
417 2362 640545535
1864 2264 452484417
1922 1359 509175448
1124 1682 991262380
1239 1839 266002539
1788 875 98778701
2054 1040 620332212
1291 338 872159788
1360 1911 674020000
1934 1518 23523265
954 1797 161989155
2062 1941 420188654
1378 562 681070345
1903 590 728919598
2268 2449 636463947
373 1204 165380879
1108 927 419895459
2247 1754 705668061
972 985 130332514
390 817 49447327
372 1865 350399617
2346 1706 684054343
610 1424 472462069
1024 809 770445604
1906 1478 77872198
426 990 538728347
1157 2152 321238626
2188 25 32482069
548 850 38054062
1375 2274 765028155
1520 1593 642319453
2406 836 689464672
330 2446 140869637
2328 2002 529223231
175 2424 711183471
1934 1082 869084389
1257 1902 279905454
454 2312 853193968
733 638 840244594
1469 142 423604729
1605 953 30311325
296 1273 962843214
1207 1163 215095318
892 1774 749620452
57 1722 568922845
874 2473 984943243
2107 2203 329253216
2054 143 467166819
217 868 337481740
567 1116 786053518
2084 1192 27021606
134 723 667247654
172 755 575847130
1739 848 93920113
568 76 759384212
1208 1139 842961235
1486 2460 473647502
2466 39 98572036
1302 1171 771807913
592 297 636931330
1069 2464 139138433
2037 581 359738439
1978 67 947918011
1366 1007 490716862
2279 2046 441876384
2 2168 974610163
945 336 645700847
335 1273 586099978
316 1988 23193326
1173 1145 714199794
1483 2359 502282434
2329 81 637474266
1180 272 998777088
2369 175 42348771
1866 2108 139877251
1289 1808 622400278
2189 1709 506206335
1555 63 918049431
1842 1565 850543830
2050 2301 381422875
1406 2044 196253098
1671 1855 246870935
735 646 617583410
1269 500 943904057
605 888 110334673
1497 627 824658331
910 247 697861220
2065 1798 591286326
652 569 197311195
732 925 356453140
1479 1241 86095882
505 1750 27051209
484 1261 303838145
1165 156 270781859
42 1139 392460825
1211 968 215642656
1545 529 860980496
1997 1328 929391264
1293 2171 614675800
11 2149 594170459
2093 2245 252250731
1516 685 457548692
178 1987 288798690
586 579 301959950
1953 1558 225985031
2018 80 723110591
2292 1603 36201896
2019 2097 43176387
1866 1195 859208494
164 348 63266707
2385 1922 712592109
1714 2424 147489398
1938 56 801922748
2149 257 465468214
60 613 707241160
2003 1818 100100631
56 976 115244453
611 82 66916612
2183 743 281256357
196 2136 378071819
101 2355 349251949
203 195 864555787
2469 1115 445104068
552 2277 772058028
1978 855 971074222
631 107 323230862
1705 1773 382372281
1463 302 511060676
2441 2040 134278550
1687 1900 438879875
323 915 845403370
610 824 506798102
1754 2110 42625126
740 1142 732661269
2484 1612 332018709
405 1108 762266325
431 788 244929012
2079 526 908309794
1264 877 54361543
2401 1259 455417899
1543 2166 170287658
1577 998 227621053
2486 2317 23745765
2243 591 368701364
566 926 716393605
1222 768 552938925
432 646 72237351
1536 1061 452700160
845 1963 423177878
260 755 819600621
919 1244 371877272
2371 373 545263892
1590 2447 177448068
755 1736 48546858
894 1941 25486616
1214 1888 595970793
1722 1705 821555081
2189 2351 225635400
1568 395 123696858
2309 1035 52790252
1206 487 314296433
484 267 334664157
1173 1385 659377894
1882 2386 26127229
1040 2043 100329502
2482 1141 40946101
567 537 548795032
1885 1832 148194416
353 929 894994438
2059 508 958805324
1558 240 913806623
795 230 871565711
1256 2402 882939571
1428 1193 82558295
2461 225 472565247
2327 364 75232789
1355 2401 6515778
2317 1930 432134203
1868 1763 466139535
313 1574 103264308
1650 1534 724988133
2037 1662 711053460
1688 833 600811388
2411 440 223337360
1803 1035 753989473
641 59 904209328
1131 339 69806917
1610 2138 388898242
2274 309 344815504
1445 2025 978810386
742 696 991431868
542 1920 254029527
503 1867 104915681
134 2058 429357551
502 384 187397259
2407 519 98016207
735 1936 781809363
120 99 997923764
392 741 698470573
2377 516 640889118
77 173 336377213
1502 2351 236258430
1124 642 149505776
1191 661 415642413
734 1330 124103689
1972 1326 812718752
2366 925 617456506
704 429 873419482
585 1394 819887413
2276 371 160314913
2151 1813 665310017
40 2229 33626612
100 480 185841105
1946 1860 291171643
883 1811 972794001
2055 1331 154973120
2296 1554 725408579
1323 1720 61964509
1111 25 424099210
1475 1633 176149367
703 1764 596668934
1077 896 862507306
2048 2389 935011488
2195 1293 210842309
1875 568 843473958
1820 63 740588024
1364 1198 809281817
2269 455 234040908
1086 2195 138897861
133 2131 202473810
1394 646 232252818
681 1667 241536543
723 84 869570458
1513 1115 304594423
901 1727 691549819
2374 1915 998148679
1420 1682 679008109
1486 735 274193368
907 1286 825603222
197 174 362316610
1236 1783 639193756
668 1575 52352670
1843 1918 575246716
21 566 5026942
59 2090 608147098
1365 2159 592881185
679 1625 401167384
916 253 513948387
446 1462 598718826
1483 2000 309661426
2440 319 148351786
646 1802 529929030
2172 1765 670730280
1869 919 923148498
2295 551 944042949
2336 715 904954615
580 2095 76431744
716 2180 534499129
2324 1178 222691793
1585 934 916344884
2086 1158 380480565
1103 613 103069136
768 1476 875621514
1453 2296 937189043
1770 461 264332700
1222 1243 167615735
790 1448 200383743
438 600 915025436
1707 1211 378473502
675 2378 879519808
1612 743 868110996
1224 343 708149901
1458 1016 142431162
1405 1345 262198002
1359 39 440859008
635 552 2878740
2358 1070 721022080
252 214 9050247
1713 884 237433680
1874 1506 748396088
996 882 826495767
2095 1333 766171950
1547 340 949514594
1457 1503 643002481
1273 937 427248440
1843 1814 450398281
56 525 74470251
740 1772 975397547
282 1886 966601264
2175 1672 744671472
2066 571 503525874
639 1922 854252744
498 61 441107810
245 146 912212077
898 1499 859148498
1268 1975 655356955
722 2488 145008323
1083 2500 904629950
1499 769 507211708
993 1495 166711789
2114 689 473279324
1725 535 673979159
746 1557 262979762
1601 487 596580859
1308 1985 523523532
1176 2476 421588061
1333 165 408063117
279 1950 436895990
637 1235 414015683
212 1648 513808811
728 986 842365305
248 952 919720706
2429 437 107978632
1317 1569 868472529
1718 2211 645251956
650 1098 130874423
621 2322 963122804
235 904 180474064
9 1741 797705938
889 597 475087139
1084 1502 328586613
1013 873 696555615
2090 243 775217340
1155 1860 634379591
1673 886 552619660
909 1615 718815337
1146 1309 764240300
2473 88 39350165
1659 261 723535951
744 2230 879443085
1195 993 309586418
1244 1945 76689145
1402 852 626465384
2075 396 81393053
1705 1660 60661298
251 1570 835777741
2475 917 132006932
2060 472 966330399
2292 581 958228964
1506 454 955255650
936 1219 147695780
370 320 14916815
1411 1583 998953427
1105 120 281635454
829 1526 169527295
1080 1365 986937115
1037 407 713554591
1579 1564 864713177
1708 1400 496504095
787 1917 252691877
802 224 802623803
112 2231 952497567
10 1467 995342479
125 2159 995204805
1003 1499 913294191
2139 755 487344881
454 877 509372148
1166 2413 130884357
1577 84 649403990
1187 565 477297764
1730 591 370663297
744 1877 840279971
1617 2080 935401185
1100 181 996503680
135 1201 153017985
2415 601 605618962
1987 450 436809811
1530 1450 720252482
558 374 852391889
754 558 516194681
1652 362 800894148
74 2389 403984282
488 843 310006114
2326 155 134273330
742 1433 724258718
1520 215 143622638
1119 1537 515572156
932 504 81300301
1941 1355 472069155
501 123 599685781
2305 995 1617014
2439 2043 377513482
1627 292 974408164
2039 1232 359490397
1972 1067 740022463
377 1824 190962019
948 2270 224332107
2171 537 598612742
1110 2387 222673880
1456 525 248699264
1408 1494 867370003
2027 1971 588547525
858 1896 713831832
386 955 673523008
1442 1474 749537226
734 256 328350658
246 1659 778075367
403 622 716433591
1325 1572 197935190
2161 1320 948480922
2353 1823 530840131
1269 2473 559428522
2375 2482 442890861
201 340 352178397
30 210 483132990
320 1388 831151125
2409 83 287357467
2250 1112 704267921
2495 743 634199549
168 668 331013285
1986 955 669886784
150 1594 686758829
874 1487 18045882
1236 2242 902164799
158 2361 91992591
628 115 391803807
2372 508 491288388
2474 1691 400845175
335 1701 717235601
1784 1105 459115207
1624 2212 102616698
153 840 673260826
682 350 519463968
809 534 187295481
2306 729 407842772
1140 318 279461540
1440 1100 932918764
1723 2270 975799807
1852 2448 854906586
1691 2160 300362698
1303 506 85211513
455 1827 660140053
2218 1340 3207338
157 1251 153842674
1999 2434 630324255
1927 2339 181552235
315 217 716397174
283 2499 77264566
7 1532 416194697
2415 1301 706231719
34 2013 422389252
115 778 421811813
2454 783 359854903
1440 190 685970528
1434 1962 941769260
2255 1992 941025410
1390 1893 642103036
1298 732 702393252
659 1130 979773278
1932 1385 455095875
1445 1398 395339136
2108 1560 515361651
887 29 246748697
1035 1668 827779347
2175 1970 363726783
1332 839 728315201
1668 200 957356405
1545 2040 400458512
222 28 28359304
1040 1136 266344568
315 889 773922714
1205 500 672206733
823 1200 128880894
616 437 231098612
791 1154 797105223
1007 2139 131352466
1460 305 398561051
591 1811 191048581
2278 1310 975115084
1658 2198 850286679
1459 139 916009000
1513 1577 807684720
1924 1511 832410384
735 2473 400243149
177 2409 14022983
454 452 814896623
1219 1848 943518475
62 929 919096085
600 1574 280475113
264 1018 641441964
1545 466 60957261
768 1910 583954694
44 807 858806872
2112 1363 542656586
525 1950 842374134
1393 1523 652458667
1528 1738 733578798
501 2240 96743388
2388 812 424293308
1828 468 186669507
2462 182 250805468
770 132 656424556
366 20 751008360
1067 2219 135830848
2489 1616 856545829
617 2121 185012086
2133 2439 80110169
1667 1865 322720200
1491 963 28827296
291 1985 81388906
1376 770 770216447
1704 713 127985207
268 2029 425450041
167 2043 909173293
8 2171 522117217
1079 952 350717467
269 2154 35596976
2472 249 269967768
301 327 663852440
2069 1544 533063223
1836 2403 177085976
919 1902 955082232
1476 1406 783746385
1437 41 37540096
726 1600 611796826
2190 184 98151564
2393 2129 334757199
153 632 490931491
1065 1235 417320112
899 2480 223134219
138 57 719144935
914 1708 693978109
1697 1394 207027242
263 2478 159556379
166 454 705344131
1904 1700 219861537
1196 1013 29018668
1754 579 251648219
1527 1780 181337120
921 1208 203794390
1706
18
339
442
729
573
55
556
350
152
725
101
520
697
59
728
402
178
782
440
316
223
376
640
75
635
787
329
53
634
540
825
781
96
169
88
126
616
83
778
656
552
768
630
828
422
522
841
160
501
603
806
116
159
527
240
561
844
9
802
597
805
214
62
66
804
428
711
862
168
756
464
191
383
620
266
670
56
183
566
663
276
676
50
410
727
362
881
529
17
535
469
180
876
888
654
494
475
384
77
345
895
602
563
67
885
414
313
206
903
696
905
574
433
731
374
487
296
11
547
891
680
916
318
730
315
97
690
922
197
861
444
878
803
550
919
636
192
468
910
301
701
936
41
32
177
115
941
248
834
113
89
590
39
865
775
268
319
250
950
105
955
531
480
958
911
54
341
962
623
188
361
966
967
968
869
970
791
972
274
71
975
445
102
599
278
703
163
982
829
513
985
986
570
143
989
843
372
204
463
849
943
421
997
125
145
84
377
229
1003
354
748
880
1007
173
1009
953
973
1012
963
453
742
277
581
1018
144
368
508
954
114
167
1025
478
506
840
606
792
1031
739
1033
1034
752
762
317
614
659
755
1041
1042
647
1044
1045
571
1047
822
525
249
198
1052
449
190
91
136
1057
1058
137
7
108
1062
846
366
150
1066
60
627
871
118
1071
158
915
388
1075
626
493
691
335
300
1081
81
681
1084
253
1013
425
1070
1089
716
837
72
1093
29
417
207
872
473
23
325
724
472
1103
142
998
1106
984
1108
1109
857
14
920
1113
931
951
131
255
633
1119
1120
1121
793
708
686
448
1056
4
1128
497
1130
134
720
465
1134
1135
820
817
764
1139
1140
308
674
176
1144
723
3
138
217
526
548
356
201
1153
35
940
934
26
767
466
625
427
765
413
589
289
419
364
175
260
1170
684
836
1173
231
1175
1176
593
1178
1179
528
780
269
500
1150
992
1186
1187
1188
193
688
643
850
360
830
1195
971
1051
418
327
111
130
13
1203
1204
109
154
673
170
1067
225
644
1212
1209
119
981
761
153
1218
859
1000
890
343
1223
352
914
349
1227
1228
1222
321
1231
404
1233
1234
507
824
461
1238
788
1240
1190
36
369
199
1181
536
624
1248
991
1250
557
243
648
576
1255
123
1257
1258
1249
495
357
900
16
1264
1226
1266
164
1268
1269
282
322
1272
218
1274
106
222
233
899
406
1280
454
758
1168
960
172
649
1287
956
1289
1247
307
44
488
1294
1061
1296
774
386
1100
1300
1301
1302
1303
332
1305
275
1307
82
288
395
74
1312
333
879
921
1316
944
265
1319
33
1321
1322
1126
1171
1325
1326
135
1328
779
375
592
897
1333
1334
181
1336
52
1338
917
1340
1341
1342
1343
1344
785
784
1347
1232
1177
458
1351
1352
1314
1354
258
1263
358
750
1359
1360
15
800
1241
1306
1365
544
735
1026
1345
1370
1371
434
1373
68
753
1376
1377
1378
1379
196
575
621
1383
629
1385
585
1387
1388
1389
1390
1279
1392
1393
675
1395
185
600
1398
1399
1293
1401
1015
424
210
340
1406
1407
1408
978
213
1182
1412
1413
299
1415
1416
371
281
1330
1391
794
1422
710
1122
1425
446
679
1361
38
1430
450
1421
1420
194
1435
1436
1437
770
1291
1440
1310
1442
1443
1444
1445
262
1271
613
1449
423
1451
1452
166
1454
567
1456
1384
1458
441
1460
1461
85
1463
346
653
1466
1467
1468
1117
460
455
1472
1295
1474
156
1476
1032
1478
1129
261
1447
1482
1483
1484
1485
1486
443
1404
1489
351
251
1165
141
1494
1495
1309
392
868
1499
510
1367
1502
42
1504
1505
1506
1507
1508
741
1172
564
202
1180
416
1196
27
796
76
1519
432
1087
1522
1523
933
952
1450
246
957
1127
1530
1531
1027
1011
628
744
1317
1537
1538
203
1540
1145
1542
1543
309
1046
532
1547
1023
1277
1409
1304
1552
1553
932
1555
286
1211
1558
516
1560
783
63
1281
1381
694
1566
1220
1568
1569
1570
1571
363
256
1159
1411
1576
1577
1578
415
1539
1581
1582
1583
1584
430
1586
1587
1588
887
80
272
1592
1593
1594
977
1596
298
1598
1599
1600
1601
1602
1603
1332
1605
1606
1083
1608
1609
1610
1611
1612
1613
215
93
1616
254
1353
1619
1620
1621
682
1623
1624
1625
1
1627
1002
1157
279
1427
1554
1633
1634
1635
1636
1637
1638
1639
1640
1428
1470
1643
1597
171
1646
241
1648
1649
1650
1651
1652
1229
1654
1655
1656
1657
1658
795
1660
1661
632
1549
790
1665
1666
1667
1668
1618
1670
1671
1672
1673
1206
1629
1676
1488
1678
1490
1680
1681
1682
1037
382
1685
1270
1687
1235
1689
1284
1691
1191
1693
1694
642
1696
1697
155
1524
1700
1701
1702
1703
1704
147
1706
1419
1708
1709
1710
1099
938
1713
1714
1715
1469
457
1718
545
1720
103
1722
1723
1724
827
1726
1727
238
1375
100
853
924
1733
1734
1735
1736
1737
719
1739
47
1741
348
1614
1744
1745
1746
1479
1748
1749
1750
228
1752
923
12
1755
1756
1757
1758
1001
1760
1761
1762
1763
667
1288
51
737
337
1769
1770
1771
1772
1329
1774
1518
578
1777
1778
1779
1559
1781
1782
1783
297
1785
553
65
1788
1789
1491
1297
1792
1604
1794
481
595
1797
182
1799
942
1801
1802
381
1097
1805
929
1807
1808
906
1810
1298
1812
1813
1814
1815
1152
1817
1405
1308
1820
1556
467
328
698
1825
1765
1827
1828
1595
980
1054
1816
1833
1397
1254
1836
1837
120
1839
1840
1841
1842
1843
1844
1369
45
295
1244
1849
1850
746
1852
851
1854
1265
1053
1857
157
1567
1860
1861
1039
1863
1864
1865
1866
1867
692
1497
1525
1572
1872
1873
1740
1875
1876
969
1878
1879
1366
1881
1882
1883
1441
763
1886
1887
1888
1889
1372
1776
1892
1893
1894
1895
907
1897
1898
1899
1509
73
1902
1903
1105
1292
1906
1907
347
1909
1910
1911
1069
990
1914
1626
1005
1136
1918
1919
1920
1921
848
1923
1924
874
1926
98
1928
1929
1631
1394
1932
1933
1934
1935
1936
48
1858
1939
195
1941
1942
1943
1944
1471
1946
512
1948
1949
1192
1951
1096
1953
505
1382
1716
1677
1958
1959
1960
631
1962
1963
1964
1965
1966
99
1432
1969
568
1971
1856
1973
886
1210
1976
1977
514
1979
1980
1945
1982
1983
1984
1968
1986
212
1988
1989
1990
1991
1455
1993
1561
242
1996
1997
1998
1110
2000
2001
736
798
2004
189
2006
591
2008
2009
2010
2011
2012
734
1901
2015
2016
2017
2018
2019
2020
2021
2022
2023
2024
2025
1090
2027
852
2029
2030
104
1764
2033
1870
2035
2036
2037
25
1725
477
2041
2042
2043
2044
247
2046
2047
738
2049
2050
2051
2052
2053
2054
2055
2056
2057
1335
976
2060
2061
2062
2063
2064
2065
2066
2067
1143
2069
2070
2071
2072
2073
2074
1327
2076
2077
2078
2079
1546
1821
2082
2083
583
2085
2086
2087
211
2089
2090
1877
884
2093
2094
1184
2096
700
1215
502
1541
326
2102
1880
2104
479
2106
2107
2108
2109
2110
2111
2040
2113
2114
1453
760
1094
815
2119
2116
2121
2122
2123
1114
2125
551
2127
1149
2129
1563
133
1201
1073
2134
2135
2136
2137
2014
2139
2140
235
2142
695
2144
2145
2146
390
1158
2149
2150
2151
10
1104
2154
2155
2156
2157
2158
2159
2160
2161
391
2163
2164
2165
2166
1517
2168
2169
2170
2171
1798
2173
1922
2175
2176
655
236
902
2180
2181
2182
766
2184
945
2186
1500
2188
2189
2190
2191
717
2193
1972
1403
2196
2197
1091
2199
1111
2201
2143
2203
2204
2205
1855
1299
2208
1900
2210
2211
1246
2213
838
2215
2216
2217
2218
438
2220
2221
146
2187
2224
2225
994
2227
2228
2229
638
2185
2232
2233
1400
2235
2236
2237
2238
2239
1955
2241
2242
205
1095
2245
1981
447
1076
2249
2250
2251
2252
2253
2254
2255
2256
612
2258
523
2260
2261
2262
2263
2264
2265
2266
2267
2080
2269
312
2271
2272
224
2274
1313
2276
2212
618
2279
2280
2281
2282
2283
704
2285
1262
2287
2288
1252
2290
2291
2292
2034
2294
819
1169
387
2298
2299
2300
2301
2302
1116
2304
2305
789
2307
2308
2309
2310
1516
2312
2313
2314
2315
2316
2317
2318
2319
2320
2321
1925
2323
2324
2131
2326
2327
2328
1199
2330
2331
2332
2333
2334
2335
331
2337
2338
2339
2340
2341
2342
2343
2344
1975
2346
2347
1728
2349
2350
2351
1434
2353
2354
365
2356
2357
2358
336
2360
2361
2362
2363
2364
2365
2366
2367
355
2369
1759
2371
2372
2373
2374
1773
2376
2377
2378
2379
489
2381
2231
2383
2028
1112
2386
2387
2388
1845
2390
2391
2392
2393
2394
777
2396
2397
2398
2399
2400
2401
2402
1545
2404
2405
2406
2407
2408
2409
542
2411
2412
2413
2414
2415
2416
2417
2418
200
2420
533
2422
2423
2424
1511
2426
2427
2428
1890
2045
1202
2432
2433
2434
2296
2436
2437
2438
2439
2440
2441
2442
1118
1793
2445
2446
821
2448
2147
2450
2451
2452
2453
835
2455
2456
132
393
743
2460
605
2462
2463
2464
2465
2466
1147
2468
2469
2470
1493
2472
2473
912
2475
813
2477
2348
2479
2480
2481
2482
2483
2484
2485
2486
2487
2488
2489
771
2491
2492
2493
2494
86
2496
2497
2498
2499
2500
