2655 2810 103 371
2475 1058 621905034
1444 2236 35728809
1762 167 309582879
1743 161 917298683
2427 112 536808873
560 810 497448405
1820 572 400217377
568 1467 733598004
79 2017 30796459
1761 1715 411739628
591 2635 337448695
1831 2136 273552548
267 2260 365715434
440 1086 976166436
746 79 534600572
1679 1920 975291603
978 2097 749691107
2065 1838 521907834
543 1462 321113073
2179 2364 755928142
2440 1681 323417786
117 33 322309420
2404 1103 792683385
2640 460 22167590
1302 2579 226038963
611 2239 840399165
1287 882 469983644
1753 1839 644373616
1979 1489 490907322
1145 416 381711605
2257 2017 9256136
271 1244 35163334
767 644 23988188
1065 1627 757207646
847 1798 143741131
945 1669 153910468
2473 1683 435631308
2626 2470 550295496
2620 625 588557659
1605 1248 423760012
1693 477 945367647
528 2282 973083717
1344 2621 486650510
2117 644 949733187
1179 1771 969648656
348 406 639727662
1174 32 178573666
1682 1527 220273041
871 2327 344496765
1285 790 240145308
515 139 974267446
2545 2632 144827941
1059 500 803493351
892 1945 590537968
955 2058 796653903
172 1962 837068335
1382 1660 72551094
1469 1414 554228555
1292 1011 927240533
2647 2282 56446436
2296 1933 272792051
591 2655 204551446
1695 246 698391507
1678 531 625117950
9 2580 127824333
83 384 608210556
1357 2115 788981178
1536 2365 606400313
1920 691 24935445
1293 2356 655404011
958 1314 611051998
1130 2489 80099031
312 1121 489791681
573 2292 569833623
1233 1952 716320119
700 1992 790017309
822 1431 792522860
162 991 856219383
1423 2605 608432290
1313 346 203940564
1840 733 275073748
627 819 214153542
1910 1351 68420830
1575 71 592255689
644 1414 358406492
63 469 252186115
1264 961 890205072
1575 189 441387085
1220 1188 266571144
539 327 726313073
1885 915 142111359
1707 1845 537203125
2624 1056 783940483
351 34 240629016
1552 366 828488280
2059 872 361721051
2224 795 287112860
141 2082 43856962
2512 2261 813601067
857 2442 912581019
411 53 931720644
1993 1360 734831231
168 1 142780140
1094 2117 563690583
1449 50 461357074
360 1845 975074593
658 2218 732455411
858 2094 691912308
1226 911 907316031
1834 1924 400450241
1127 2125 966408060
1587 2015 931876059
1460 1536 94865451
835 1243 200582584
1819 420 359287336
926 424 871148665
44 2619 748639062
1886 447 997669031
284 782 378196090
894 619 114532031
144 500 445523815
2104 2247 447085808
2001 1975 405672795
80 494 924853282
1223 160 954935721
2223 1420 947860282
1825 1137 884720279
1469 1762 249328284
2205 1867 415097481
2613 1332 528338416
126 1140 423003486
134 1803 302436905
2252 1066 856823833
1233 948 824520643
1295 1570 20691140
2339 777 841939787
94 81 348109456
1867 224 681442340
1104 2446 489267777
456 1397 418527111
313 485 196696264
769 293 531146187
354 2603 442872369
1960 27 877248998
2531 467 261416127
625 2565 515690803
744 2152 605792852
1113 1278 744038261
1535 97 617530902
1093 1552 734138651
2032 1220 430777936
876 528 583348677
1237 1838 990535829
678 1899 165394182
1727 2016 923151402
2287 762 612928363
2272 48 235379365
1000 2403 469181884
854 2543 104166609
543 1031 573157505
2520 1260 77786580
646 2398 343216071
689 399 842782867
1937 1474 883554595
552 956 173445461
1262 467 596125687
2260 1449 579719078
2044 1474 449705459
94 1814 726763133
2012 1434 536262623
509 2242 506058913
1726 256 342337174
337 254 496360263
1079 2577 576725077
494 1074 168427776
1277 1165 624002101
1783 193 609664721
204 652 976681973
717 868 487497635
111 1410 213082621
551 1152 280972253
945 2608 508469151
1631 767 990614863
1683 426 487896991
551 2265 560667985
231 2564 590740213
604 2244 946546475
1166 1365 335470033
1267 643 202275511
2224 1621 554716382
1981 1552 328873285
1191 2348 524532938
873 1212 798675134
580 1345 484321798
1585 1311 295646987
149 528 61233866
306 8 412083639
1561 1984 970718043
2043 2438 852712402
334 710 528308368
2263 2041 437328921
1180 1580 758136465
734 1135 661327699
676 1818 708706786
2592 840 961036541
1254 1750 47122079
931 664 134000169
1860 1724 396445193
2177 2654 406754466
2370 642 733969472
1602 2375 740164692
1482 845 737847890
2612 791 326682858
564 195 798131316
2191 158 817798584
170 2052 989171854
1536 1415 80895451
266 430 421676796
2240 2630 929847455
1276 991 561466770
478 349 73517600
2200 437 483937505
1086 1284 611262003
321 815 780052920
1321 759 330327942
282 2213 685188845
1197 2258 784025349
60 1111 223439709
2559 1167 502334335
2390 219 121473072
1716 1765 195491721
958 682 693708129
943 1655 102149026
6 1856 997208189
3 1710 549429911
780 2492 180202922
1798 376 347022889
803 1698 474748650
1459 1029 692446700
38 546 906410913
957 13 887085169
126 2567 540619348
1378 2028 2386087
1061 2366 951758515
1765 2537 605480830
229 1277 653830104
583 311 313604044
1824 1154 581680849
217 97 564394612
676 85 470093659
2242 1785 627630788
872 680 994731760
406 1180 210831135
1579 1317 878762500
260 1024 642950619
520 147 372093322
1731 1023 555061356
1434 244 778245308
102 310 568053441
600 439 227190556
126 2362 59261678
468 1499 781866677
986 2331 167710986
2092 1527 654901926
2048 524 790424410
2526 394 546682848
1045 394 695294638
1500 15 22677038
839 1490 213383435
2600 962 104821109
30 1099 848043145
1534 1586 854228797
1582 331 647279230
1612 828 996186223
596 1236 325952732
1190 2471 207984480
1913 1795 880269783
2603 456 569769485
1259 1672 469000138
2603 1355 693014184
207 1631 115586395
1810 1898 181124691
1781 2251 735657948
1515 1781 117463594
852 877 12580852
697 1556 504594055
2517 460 865743486
281 1549 334252672
2616 138 266626992
1927 2172 129816500
2352 1271 516408448
2042 59 422779463
460 291 234714690
2375 438 912723242
1957 159 827683989
211 195 371043487
1348 443 941289856
1347 366 482041084
1461 247 285885399
727 1281 171729838
1680 1590 95413219
430 833 913176192
683 1531 119336513
14 1722 440243485
904 148 720573194
1980 2562 831219411
2523 860 857674548
300 2415 371206809
694 1577 897141815
546 623 72506707
1723 2459 344617459
1888 1725 838704211
2212 1031 438761168
1206 2376 767978019
982 1686 928601126
2477 2089 212275073
1159 1665 357967583
2031 1845 909568682
2605 2229 419590235
2344 1388 69905627
76 2047 539704723
433 460 880195092
204 1482 195935360
226 133 894903070
2186 1805 427938749
554 2042 397264335
2041 2097 221874795
2281 1637 821091213
641 1024 84693588
1306 1787 199156240
406 2446 189984338
164 119 23790699
1748 1175 849553137
308 1955 979925068
469 2018 757836115
504 1104 210464130
718 2078 257094228
38 2478 559657919
288 2152 325649389
1826 1496 914894495
408 1209 624918237
1732 1933 439967720
1061 595 828845701
2300 1741 796666899
1641 400 5040915
1656 1961 311233803
206 2276 245456867
591 1851 989219636
2650 730 254576161
1493 830 924606126
748 2331 363536306
121 622 944308442
1312 40 248251476
2254 1109 213837340
599 1688 502386947
2015 735 562197986
2346 1912 228776862
1326 502 766015205
531 1957 967160010
1921 105 530322350
1382 50 768372246
1571 2093 957549404
1765 2468 529366112
1532 2131 30758563
2058 1789 482179190
2087 1536 388270872
1366 747 591284223
1815 1261 873594027
2382 1943 737450652
1311 529 649744755
1583 524 595440969
1736 2192 456647601
1997 888 764937737
1460 2020 1359374
2221 665 137383362
1586 1314 880172071
1425 1552 550460005
1626 2171 473064779
1464 1422 608133457
883 486 978102658
1259 208 536869369
1590 2493 228229841
1334 2101 804169923
318 623 167771837
1724 1785 954132531
2523 1813 349655052
1106 2244 253506120
464 2575 688348882
1075 419 601611302
2521 1125 188327083
1868 1661 158803444
1644 1390 979623748
801 880 608961799
1670 196 988859168
370 2512 128229439
957 1583 407615641
2266 2478 415570609
360 1407 878066979
237 2578 651793542
1249 679 511556312
2285 1171 854584866
2431 327 426200112
1774 2484 710131080
2172 1129 766602255
2135 2417 826678268
1592 985 960738820
2516 1729 286911977
2135 2222 344874703
1012 1520 369456901
731 2361 166886692
2485 2139 161675442
53 777 990701742
523 1578 88607399
1843 2126 766782294
46 1503 191887823
427 1827 351615172
2358 603 180211056
1355 2257 475574309
2403 1153 611276944
172 81 266935342
1630 1353 9053075
1295 1968 131893601
2004 1136 342314536
1811 2017 992807055
1822 781 925511526
1011 2500 209421725
620 507 855681073
1780 1912 822584458
2250 2457 610160098
2567 2155 649118384
2439 381 379475239
1625 1041 556810825
2440 1262 671011622
1769 2327 555684916
1654 870 473610984
1367 1168 121398265
620 528 197972725
2018 1485 371213322
1435 1152 259008314
2591 847 480409675
1839 1199 152224051
2064 1971 247477972
84 1531 437012549
752 2514 177440501
185 1761 17684587
2203 2057 937799802
2057 349 408672021
736 973 487742767
1803 2621 539719756
2202 1414 334787238
2304 1895 134780441
53 1035 461743671
1058 2624 380750375
173 737 68962632
2355 1110 368083367
1402 2615 215808461
2083 1670 422706035
706 252 629733138
2472 606 713922678
2603 536 663043767
756 1652 186340426
1794 2106 55410172
2131 305 871256098
1628 41 176723775
35 835 301219817
1710 1060 79135169
1872 2246 189641131
733 1337 408987568
72 588 454726964
1428 1920 865118817
277 831 160156662
54 228 386818268
1097 2633 122431279
1083 2101 54987933
1412 1574 547466315
918 718 525760153
488 2509 252462982
496 401 707729022
925 980 53811413
380 2387 609152063
1286 1711 623385862
547 2076 294990799
803 2540 486868773
2449 1050 262480172
310 1987 952654881
1233 841 11097758
1124 1191 871214256
1355 1667 318996800
1500 2044 261558127
2504 1454 136938431
1301 1018 106306892
627 821 536159585
657 122 741646887
741 79 892902217
1292 1659 802476983
444 1522 222264824
2227 280 233716906
2439 706 916807447
2166 62 89374224
926 1441 151483251
2317 598 455236345
2079 943 366391112
294 1652 408874588
896 813 392742593
2074 2265 86077242
2503 578 419605695
460 2109 510898946
658 200 90637273
1170 680 701546039
22 1609 358122915
1973 342 3502415
1088 848 249484339
2373 857 544893406
608 1406 398930912
1005 1401 22728691
2071 2495 184786253
425 1970 605225410
2423 1219 810462629
721 1090 972517762
1329 1883 379969831
2481 2056 782413720
393 2620 492722149
381 2007 730591989
406 1869 561027271
1974 421 282594235
47 737 284170966
1355 644 902893606
1372 1190 187248311
547 2010 143591849
882 1696 841867380
721 369 542238807
1468 1878 30577538
1702 1580 547475076
310 305 117218047
1363 141 231362732
1475 1259 10214970
2389 230 323066259
1931 520 155860344
653 42 625470124
268 1491 323630325
103 1469 775684286
2624 1063 528929320
666 2090 404615876
509 1068 248138059
1125 1971 702365972
1341 1805 234190106
1996 1854 700525764
1946 885 910001370
971 1518 747883337
1527 430 299580060
1409 328 978883680
2335 909 112975810
1880 364 79100976
1412 1756 793097666
269 599 721355696
2218 2307 748179242
1139 91 51959622
291 2184 545594595
2248 2463 867730864
2497 459 890682809
215 2296 964781351
2044 2139 339148314
1798 2416 861895361
895 874 36033053
1462 300 871901718
1285 660 230123462
1517 2589 294847270
490 1816 179008392
2233 1677 886725242
2191 1691 932609802
2204 1753 373301640
535 828 403432493
945 1296 237518683
685 806 546202702
1058 476 60453747
58 1157 715401160
2121 1502 983672553
1634 519 729434556
2089 2217 201156566
2625 52 192160787
2194 1623 407438069
2034 2162 347357124
1117 90 531996039
1070 2077 41095506
741 131 889753974
14 1566 454866328
999 51 553793981
2499 133 401687240
2007 708 634463494
2368 342 872543665
978 2166 827658388
1348 2363 407392575
741 1222 251897187
2653 163 854125128
1051 2282 386958733
2510 2099 763917189
1765 192 297882094
2157 883 63813597
1983 2519 21854219
2546 519 56619753
1229 838 14518831
758 2070 667305908
2277 2583 384662486
154 1820 59336642
960 2131 648171087
1080 2318 897433683
2132 560 289835932
1038 1957 792375272
1021 2141 573099420
1573 518 903078406
1982 1798 93189995
2000 718 851471673
270 644 186970377
326 2542 654168923
1198 936 830857017
644 1781 633779222
337 664 708175787
727 1926 780848038
768 1628 461520220
38 644 913873379
2113 1244 336329533
991 2385 106531198
1635 2649 970902802
615 89 765430154
801 55 348008605
1033 1337 302478654
745 2362 168843515
931 614 232468473
940 1315 552650829
2164 1395 810525061
1333 1977 97909657
864 2387 291240095
2439 1970 433591539
1895 1986 765378487
1263 1103 438036951
38 2506 172654579
1930 203 331466713
61 99 311607929
2038 345 751542143
1896 1700 695942125
166 2229 611910509
938 1043 464598584
2029 2582 617869251
2330 662 315547275
192 902 920091586
14 926 417400227
798 1931 244794293
2582 1315 761945678
350 1567 210369806
353 2205 81020461
2144 1385 629306062
695 1628 127629498
988 432 358749226
1312 596 470111372
1333 2603 212674411
502 285 610350297
1146 1248 261976341
1097 600 147619133
1160 2614 166078283
2349 520 59207609
358 627 18535281
1102 1449 87891709
2574 2265 253118995
1711 74 82604265
1235 1159 496097540
753 1941 140586321
1011 2141 28420042
1093 782 264544512
1108 1730 56746041
514 2599 249598719
1659 873 724008285
1272 396 309362711
2356 404 480474781
1674 1594 339028115
1005 1774 923962140
2431 1788 169678921
1784 408 568955746
1425 778 102428379
324 1166 375697723
1637 2250 219358266
1181 2200 252311007
484 365 602625899
23 513 736522834
186 782 111546253
386 2315 823728653
1538 82 369293594
1274 1827 652473310
1327 1517 728778605
2434 1115 915181836
434 2072 646028419
665 1148 396443325
598 1901 966773509
1169 1109 600088476
822 10 665491589
184 13 703589814
2620 1483 200664072
345 1255 413946532
235 74 418249924
1032 992 972383215
516 534 591848746
694 1949 402608559
546 1037 932392486
416 2421 825214325
214 1773 195611300
1526 1494 992408938
2480 1431 752764246
630 2036 132667320
914 2042 47264436
408 12 794165800
525 2016 136784708
585 2135 681570827
36 1607 226544667
2404 565 90381918
1845 547 687461794
1425 1369 635263016
1165 663 336338077
1763 641 347074343
2163 2307 913308009
1201 1860 603873451
1741 2080 552398212
1895 2393 474115776
1626 136 969972562
2439 337 98146194
1294 2388 410769950
1331 2102 881670413
979 1187 755721310
1643 2072 76729027
1178 492 869581370
1888 1655 401046035
846 676 230987855
2555 546 427105414
344 1831 751525551
1523 1230 934143100
1125 2353 972805676
204 676 362289671
2099 283 774896598
1443 2558 622477846
351 114 987638977
776 631 647779797
1343 2380 579601419
1439 920 612045396
2231 15 237933340
2420 2510 823190630
1431 700 518006831
304 1502 388800715
1528 1940 465766162
2299 663 677761169
286 259 794647593
302 1625 703882678
532 338 996923832
2646 680 811088402
1903 1089 731226464
1645 837 752875635
862 1994 87967722
618 546 880453129
2086 408 79576387
366 2596 236208644
1152 2334 587587271
2638 222 645064059
2166 2196 488421313
95 2509 491069327
124 1355 52554290
2137 1391 634637776
1515 2228 325751249
2254 332 337094367
1228 1289 99086163
648 2651 105627987
528 123 392222700
2193 1586 390706912
496 1637 997915924
817 1436 969931702
2495 2035 886794382
969 2101 555985958
2627 1805 515991717
762 1277 712787595
144 1489 827445944
181 2273 780213607
2313 2422 814056953
804 620 400540620
131 1257 853883505
305 1015 697999356
370 2199 210698311
676 414 254584403
2235 366 88337216
1428 1149 769925221
2507 2073 521729161
1044 1179 745665635
1232 649 942804148
2208 576 70764226
1881 1924 140784128
1653 1517 185262621
241 29 719115485
1842 528 395274586
609 2522 867489454
2139 1797 331418124
2475 2444 660196048
1329 2553 930730776
1336 841 570609626
647 1536 59102106
2131 2096 539212070
2240 2185 310821897
2158 1814 603046032
2525 1438 77554072
778 181 302489725
1873 890 387058143
2257 1022 261282846
395 2436 546156218
1143 1103 523349494
875 2437 764050033
2588 425 418412697
1769 599 671346200
2621 1990 990060469
1201 1195 90843705
714 2181 977522006
2192 875 561691055
835 1596 647504741
2402 1653 225907412
1506 2173 946732913
1610 710 139716830
2102 1395 655591089
17 1568 906672518
2438 1493 730030153
1969 963 641601258
2381 1488 576550348
1547 1841 451321267
25 1233 451173890
1093 1542 247276410
2267 2272 801080810
1128 688 5981031
996 911 916544001
143 392 69372699
2269 1906 547752388
1065 1228 643756495
1515 908 555400052
53 1746 551147965
56 1894 794873881
2221 112 360800190
1795 2501 159141320
330 559 636201780
1843 496 323793447
1139 2266 931477545
1622 1471 603038001
535 1058 647788984
2260 628 970868278
122 1747 241290923
2466 359 738253093
2166 1998 412693093
2266 967 402918925
1522 2030 895597570
1737 2198 985316065
2067 602 198319036
364 727 372961659
1540 1487 829079184
2200 1898 719563747
900 408 316103712
1250 349 77845200
2650 2599 29466331
584 1564 473645166
380 969 645110362
1451 1654 682012001
525 1896 228341773
2445 701 127374857
1517 1590 205619734
1757 2391 421336071
2508 338 920963700
502 772 918031360
1411 1283 588482660
750 2152 851695520
764 124 24307715
1614 1916 84997089
1342 2603 814446135
1920 1093 549077389
2154 2018 208432336
781 2482 18742785
661 2262 875458281
1902 1932 434630707
1381 631 729872276
1879 755 183778805
835 2652 137335477
2 1851 331766138
1802 876 620335662
2613 1485 510764825
2455 2376 978935612
273 768 349053777
2015 1443 812340256
887 1196 686869260
2144 2164 465732097
618 180 562017832
197 901 432559888
2220 2017 734463026
1505 1437 399281389
401 578 156554612
1044 2405 717198153
1781 1474 552969777
799 1329 763853515
1995 114 628742190
739 2445 802921015
1964 2410 836822132
793 2113 883607501
1181 2056 685243220
2399 1479 750875886
2118 2264 565328043
2020 1004 125375493
953 733 709997159
2269 1989 440931492
2343 496 110263113
625 1626 420410349
2257 67 852835308
2057 2274 833851187
1590 1898 994433029
1176 2210 909413600
344 96 729778155
1173 494 779813784
1572 824 155991642
2085 1142 705422238
829 1970 370033267
2506 1782 496157815
1096 1636 857269254
155 1103 263835340
1695 1835 558914580
644 2101 881631892
2463 1998 632289679
1210 1782 797118834
2491 1802 435732579
1462 1478 212510043
1075 1472 909096633
1577 1285 802414459
1662 2282 890186873
2292 1527 48214873
2443 763 304210705
766 1250 818906680
2030 1704 453005173
473 1845 607885504
2183 2159 658334822
1026 2041 837462749
1679 1619 460374773
2302 436 67750887
1000 869 521204554
1804 814 848282371
2151 2135 674925985
608 64 930884040
1241 292 933746069
728 1631 503565605
1322 396 922820513
2336 1848 405631617
744 1734 563396322
836 1700 90996003
1655 2205 854383393
1280 812 308516307
2009 183 512909585
2405 817 536539329
2000 2382 948588756
1593 954 806371238
1416 882 499790019
2256 1243 509749289
922 2300 204067438
1729 1194 284293763
1954 1058 335775201
1536 2562 110132837
358 129 46320425
144 1671 836338200
1778 1239 270606870
309 2204 282352614
347 1478 848611393
1297 2061 102059448
407 549 243443024
2380 379 652134656
2088 242 541169528
837 803 806659800
636 1494 935277123
1258 1793 471260267
1745 998 340540819
2338 1314 49411476
1781 2005 611075814
1854 711 710401988
2328 1290 992924890
2234 196 61643047
2322 861 572349683
351 18 98383369
1536 2551 411461532
1268 1320 132745334
658 1460 357442667
1019 725 533782049
430 2613 280966313
1107 1000 405584006
860 32 776738320
1538 2300 480079186
2124 2333 883234774
649 584 150114050
1213 1895 883769834
1028 1659 547783625
1442 1947 124281981
57 2453 491515574
1888 569 402981315
142 2445 904749846
1471 2082 535501306
1548 314 656865302
11 925 113479595
1108 2153 225781933
876 1518 717944879
1215 2271 221657528
668 719 991339124
681 562 256396390
52 2224 618349568
2345 563 116550869
1177 2303 961322038
1242 881 124043005
2426 974 44548056
1497 2433 937929676
645 1217 684187853
334 2017 906063507
2094 2018 321109027
586 193 441000096
1729 745 29566550
48 108 851598123
1695 1200 835189202
729 1531 191969653
367 1090 636873142
1470 1325 229261614
1676 546 387745498
547 509 118661910
1520 644 742266131
22 179 945449959
932 1939 126862517
2018 1395 156820338
1821 34 847086680
1202 1432 557920264
1963 1620 564021983
1584 2601 637676059
267 1432 137645493
1582 814 268766244
1450 1132 219397978
679 1643 288084678
924 2605 41166365
248 152 659499314
1511 990 334755626
2351 879 924578253
187 2605 407966151
116 1615 30578448
509 719 670900954
2454 179 767298736
332 2573 930627758
16 1351 999534846
1662 1945 461603062
872 2554 386452623
2000 2101 272775953
952 2133 333315103
2544 1313 744348815
2049 747 683627698
796 1831 185104883
242 2311 628074491
2017 81 453992378
919 816 472636674
2018 1781 531318684
2340 359 419877120
674 646 213038609
2045 734 666236557
8 20 800152598
225 1991 611528956
846 1635 755387696
1196 2439 434170373
1137 2319 389843377
1139 537 306045349
1091 958 69828921
307 2553 551300674
1272 1846 956929407
1885 2075 301749009
2366 2114 607292241
2281 37 68790459
2349 1274 721218520
2553 2383 650859582
1904 1845 230751777
1045 1603 947876369
1905 2509 978404056
2149 45 972752267
151 1955 179749973
470 2548 900620933
572 1257 699566812
1324 223 131036989
1475 303 903579936
224 432 522818173
1364 2209 43700489
1520 966 999417340
2602 376 40092855
2444 174 957512963
1 1219 539184581
2562 1182 911478611
426 1355 702268625
1545 122 434796613
1527 2374 903711548
445 1559 750337587
1361 1546 168486190
2027 76 255916054
73 2449 471937500
1474 430 752079216
820 1307 392990221
1358 416 531507820
2057 707 650347737
215 323 749359682
2003 620 532654259
2192 1418 673246688
911 2355 438367914
535 121 150082246
688 952 818211307
654 705 674738737
1239 1417 286626698
751 591 168658043
1134 1702 879568001
2530 1177 681006273
297 475 920517112
656 1787 36487878
1628 827 425912774
1849 1652 318717718
1314 502 876090679
615 2529 994243438
2337 1441 365993487
1863 890 389037403
264 1407 919254991
2157 290 760506144
1554 647 825379126
454 524 836224732
1298 1011 536389642
850 460 992415212
1244 99 358195991
189 1364 414221453
1151 636 405859960
2413 2349 31812550
2013 255 250137620
2183 1812 522071428
602 2135 61542507
2054 71 585197318
85 262 820502930
1685 1514 903502203
2000 1540 639969404
107 1646 310226152
500 81 36079738
735 417 808208207
2313 867 152672004
1496 234 661994509
2470 24 266294713
1343 778 999480195
2322 197 498017444
540 2389 984193273
182 851 821233344
338 1101 739953854
510 2364 236389565
544 2475 389432467
2443 2044 507357700
596 2017 357128776
747 1078 323278329
214 857 651108519
2042 773 739405183
825 1093 416661649
347 1187 166062272
2292 2428 885711975
1792 269 497517357
1156 625 752842667
253 270 877036484
1341 1953 359994598
1861 582 477461904
1257 1185 734640587
22 1941 340427894
677 1833 272795548
625 1429 21724205
1908 1802 638122956
1775 1385 290359694
1391 2445 238645477
1113 1427 134957069
2184 1852 469776811
1081 205 474537863
263 2543 727497345
1132 2232 205936189
817 625 243705100
218 2497 466722592
1985 2283 235593238
2101 133 865213518
22 2407 242881972
2566 1766 359549404
391 1136 773309353
762 1678 955695829
1158 1516 503143437
713 2477 487888003
1349 894 916635177
2378 426 12129260
2087 222 517567397
452 442 358221727
1264 1183 630823908
656 1903 261975472
90 2445 490262447
2387 583 247616000
1794 2208 452715280
989 2049 55328449
745 14 1952128
2205 528 417079608
135 1778 618456644
464 523 262268613
2474 482 996482323
2238 1046 965024288
1085 2360 341500668
1836 1459 246363364
1693 539 971273606
2637 1776 235419985
1029 2319 619625496
1749 939 433566797
1677 2504 185294747
2578 1709 191765932
1309 914 3347037
2006 2360 758689456
452 2000 909822520
305 2585 804784851
1338 666 699355378
2605 767 508726467
1768 2461 989679335
19 236 392370093
1701 584 802763237
913 2296 211793086
337 314 785919574
1104 461 592425190
2387 325 14231716
579 1316 915600094
261 1625 354811096
1152 2558 64118636
1637 1484 330825860
2184 1231 605552613
734 1318 408332003
2226 1119 493156595
301 1705 876007742
18 1342 751313816
1517 1355 244371856
1164 961 560508018
2543 724 902187885
1179 143 147047744
1000 910 790108447
779 403 382671524
605 876 195635473
1053 147 282717226
1684 2357 167521648
1848 2216 18484872
925 6 364579854
721 1877 208093223
1935 1409 770285194
236 2030 426215906
936 2560 20407470
1567 1495 883846157
591 2360 541619991
733 712 445669816
771 2214 9022491
857 1523 174109747
1668 1468 5605094
2185 468 421911765
1280 2389 63760614
1240 2519 214910713
844 2205 667685737
558 934 375289417
1276 1211 401757571
624 1019 439445822
525 102 793048117
1103 1352 692103654
943 1861 148030666
1275 412 864298728
243 862 322417028
1483 955 716270789
2068 605 39707768
2062 1727 887998304
1543 2055 718091446
1411 2329 186737088
2363 587 459089836
2557 153 775119891
1446 1438 898022091
714 1718 795885045
584 2619 600764266
640 2563 108488434
2354 2349 336707307
993 1076 907219273
546 661 313235739
1024 2412 833549042
465 1402 661641438
1857 1579 709549282
2471 169 672018187
316 1497 284338829
2305 193 937849748
1248 2652 219254188
2510 1830 983325418
264 613 646145600
493 221 177078687
2194 1223 895958230
372 1944 28846156
1183 890 957181195
1875 1267 960202164
466 2389 500865106
878 147 189625641
11 1694 447116020
1162 1380 532035886
937 268 599913304
1638 839 686616157
197 30 937184132
229 1895 697477771
2618 2176 699502819
774 1101 249208873
22 2069 53623368
1259 2629 420483053
14 1395 712260146
64 2641 976286896
2197 34 19004241
1046 912 214620057
2240 888 93822281
1593 1405 492647035
1759 134 849893813
1539 1249 851744379
860 1739 554405230
2052 1294 935575798
1728 1249 924786700
1256 677 488247457
252 2406 650525100
120 923 588738289
306 2569 433800947
65 1292 711549372
2450 2395 703326547
102 30 487508255
388 926 694333324
94 579 291155362
1879 366 533679222
1642 635 711731354
1118 55 239302652
2311 2448 152726734
2542 423 535128171
2112 236 472964957
1295 737 754338284
2430 305 459686622
450 1077 234353743
749 361 119129289
1529 899 577379081
2028 318 503307028
1754 1461 717733759
1455 1889 632113185
286 245 361377669
1606 577 196689110
1256 780 136177184
2122 197 220999437
375 2150 179888275
2359 2278 952278063
856 726 918578073
1163 633 350054427
890 2140 793032942
1555 1302 536645707
96 985 491745044
1914 1540 295793465
1381 1712 92409171
2473 206 640238591
547 555 552076800
1494 1276 844596285
755 241 980947202
359 2051 896561726
2483 1028 590839953
122 966 154143581
1139 2497 142081089
1662 692 209098917
562 2595 260255807
1804 617 799769015
2439 1355 594430681
1321 1809 845839344
161 397 968241731
1601 1815 814641610
2341 58 154347159
382 2572 36427394
2135 1847 845259805
982 618 955794939
1755 1733 820072396
32 178 626115298
1844 467 21406225
1647 1551 712719122
1671 584 643548110
456 597 569567800
314 714 474270116
1648 484 572652730
1067 2170 963466101
538 2550 858915540
1486 1581 27733540
2320 80 327385092
1854 761 745108382
2503 328 754930344
464 217 770110238
258 2101 53773796
2471 286 749462956
459 1408 197161417
2450 1382 531564262
989 2631 687842739
2528 1795 497831938
1552 102 117667570
684 821 421555474
610 1204 576216491
706 1020 755851402
2129 551 375569408
2626 1144 603118335
2317 949 547451246
2098 406 727924017
1961 2510 849620599
2018 496 353260107
9 1233 733951104
2541 2205 175944808
2518 1169 723884027
1118 1070 854274905
748 825 637345992
1964 1171 60853157
1064 1789 104908504
327 563 30572496
452 194 200888595
1798 1740 565867488
2360 195 902610044
987 2238 293685532
2085 645 716654993
666 980 26740246
718 680 569978871
2081 932 463696108
1473 438 810769494
402 1600 448081866
429 189 995979906
115 190 241756594
1708 542 369458138
542 2370 651596159
901 909 438821365
826 2396 512693030
533 1087 29800826
2367 1346 420034879
1567 995 808300878
1585 2460 341916867
2245 1935 714656245
1782 8 912904471
1425 2653 564576049
1009 2257 5954633
865 1001 267978223
1315 2607 66720152
1668 2321 826523747
2101 1719 780520505
1657 137 981290097
1498 2144 713967704
2647 1480 882086990
574 585 885277788
1428 363 773897575
786 2440 862009967
1509 202 843414401
2024 1662 784052797
1919 15 298090017
1927 771 55618811
1394 426 300773933
1283 1525 73940394
599 1609 949745106
581 383 638076828
1293 1888 715333288
1568 2110 293868343
443 1413 437056532
915 1658 642119416
471 2649 994553838
38 1975 682561210
2507 2207 138019683
1742 313 674584888
2182 2008 586416155
886 2239 440912336
528 1481 251842461
1601 918 142466697
557 168 932346610
1644 1480 401893463
278 1964 921533576
2091 1259 554311069
506 738 634408537
1175 676 193097458
724 2126 953889868
2565 2036 284297255
1290 890 775966939
2615 814 362587017
2180 1394 335046133
1559 2534 123692899
1025 633 555736613
1188 626 303636934
1105 1248 336755698
157 1395 317046411
594 1695 618035081
782 1855 550302616
696 2623 186463897
1496 1964 58407779
1916 879 767007358
1667 1084 973408180
1038 467 641462945
646 1376 108029614
1799 1756 833439005
2329 1618 924545551
225 2414 607831974
2290 2316 107639478
2458 713 116630182
870 1562 884711013
2468 561 337498280
952 2164 180033480
1888 97 986411001
1073 2354 98518710
1626 1218 550794892
1380 1043 237500597
279 737 339556382
97 1550 614835651
1013 27 560226458
311 2103 295126867
120 2631 465653437
1243 405 140821397
289 358 58428669
1207 2145 514408698
1285 1811 359127206
1363 154 741860855
1042 376 953559878
951 654 866785032
1229 2326 5597259
977 1814 648248567
287 1714 870497002
1766 1582 857268573
2270 305 461156929
2591 2251 898131305
1114 2311 130477503
520 2529 762860768
723 850 525219267
1927 339 198893924
1905 1760 573704323
2374 550 765605880
53 1865 172487983
1408 1446 393864898
520 184 825056597
744 1651 474746131
492 2413 425313414
1779 1283 916595620
1463 10 182104634
1149 1447 577633058
1845 651 778415600
387 1302 594655469
2452 2021 312249753
718 726 538577435
512 2362 177557046
2151 435 374038722
548 1164 331506367
164 981 378949494
1344 675 858708807
976 2405 674083600
1873 1479 439937116
360 1373 696940209
1124 2387 605702323
1104 2044 348026374
659 2147 653964037
2089 1103 120994764
1831 980 630782003
1508 958 631471766
839 382 255651760
2159 661 632349134
2241 2549 900722719
130 548 363166457
1011 907 425818682
2358 2548 633046334
1150 2445 977175030
1826 2538 895891240
1138 808 863843812
2381 1588 414509738
1050 1267 144158938
181 2649 824034147
1738 1655 132199378
2424 1958 505715492
2346 1415 634978321
1198 2301 630896302
1192 829 155305867
1669 1118 772541119
1277 1439 418532741
765 407 4682063
1322 1238 392148348
817 2537 307955478
804 2515 936855109
1893 1791 595645266
2226 408 283591029
2352 1516 940938694
313 553 561721602
2293 428 996550917
2470 987 352812330
80 1251 462336240
554 1876 744597139
1193 419 770542972
1452 1411 527301811
1705 1506 373688760
502 1080 934879345
912 1502 74065678
2061 1404 813630220
1816 127 336115912
2082 191 385475388
2005 436 916726230
1541 2514 205479574
2408 1070 250932429
1093 2366 499142452
1514 1375 639841331
1876 1721 641552276
2574 1023 445609721
1967 2389 893672128
2205 2389 766539080
296 1 586315951
1249 192 717990272
1568 1229 724969195
2598 2547 216314749
664 1122 746020723
2000 992 702906907
2237 706 493585378
1105 189 37801212
129 541 6835919
2330 2409 924863112
2637 735 952319351
2468 1808 96462388
1214 1559 211517337
1202 2469 153475335
943 894 678238113
448 2138 603871834
2597 2037 744871688
1006 1496 228404447
1804 345 583041786
1680 972 357529059
2611 1044 604236088
290 832 535970007
1397 1999 225398079
1039 352 826686220
1665 1978 890215850
2293 2087 782905277
1733 2184 982761940
2636 992 179771474
1477 2227 713810881
1761 644 603571939
1910 1947 686635069
2223 610 668303098
2336 1557 518545221
1650 414 206648476
1915 96 903902886
1951 2270 825215882
2142 663 597532388
1071 1028 577337540
1439 357 273437277
2205 2014 547469902
101 2061 228490412
514 1634 401049397
2175 147 750336082
840 1689 812886996
2084 1077 163883155
2488 2192 913750611
2007 1355 226652573
551 296 26442608
997 974 453009135
2362 1544 886352769
142 514 968625656
1231 720 490977209
1457 1270 610547966
2277 211 292045738
195 768 46856257
289 2065 502787850
647 445 757306720
341 100 386095545
1055 1527 143672058
93 1009 433608706
2296 251 683749528
1820 2149 352689440
1832 2562 602889417
456 862 616870916
1970 2606 235862926
1746 1516 552213589
831 1914 799295736
1043 1125 363720120
1383 2535 973763087
2438 1626 64587089
151 2163 180732918
888 1744 237333384
695 567 816768332
597 669 570801679
942 1617 626790868
1003 1611 593170468
718 592 937455703
2225 1905 608508691
1884 1761 689412296
2524 2484 400513791
2296 1502 911641769
305 312 338559968
1219 2539 974171053
2589 1932 968408783
639 1048 974789279
1906 796 888129409
2194 2438 597086338
538 2039 129379856
1468 1071 406732792
330 1492 475987201
839 2572 362819815
704 1226 695754114
307 53 177830489
589 2243 442586099
2562 1474 794432675
2300 377 490469031
2421 768 301813193
732 883 914049259
1424 2455 916988448
1355 349 576367174
2581 872 379580213
1371 1721 545614338
1423 370 685842157
691 1455 476643051
481 641 316048621
895 1587 461707606
1894 991 989598779
343 749 317800292
2451 1174 539381541
1057 347 616218503
1008 584 308675937
1257 2168 216364869
760 53 926854261
1781 1665 311575612
73 1041 174685785
51 2425 321777509
2048 1010 317277274
1228 1921 912721052
673 2254 375282240
2632 180 989737055
843 1688 270885810
638 433 518679509
775 1314 707020761
711 2270 889238802
1953 537 992186692
2177 49 702927257
1157 1145 881371147
2176 2291 855127842
1439 757 854031414
947 94 332770460
449 1596 880947807
1471 1182 223337332
639 2111 701914773
1579 2210 146205463
414 545 856025475
1186 618 986065590
1304 373 990693329
475 1174 285990728
633 1882 567033801
2033 822 579982805
177 1527 131243837
994 1559 798189552
390 926 604723112
1863 1985 963657348
2485 203 476289171
2577 1395 934416083
823 694 388036666
80 2073 582630844
2389 1812 703829615
1125 10 535837500
639 446 507535805
2544 736 332969526
421 1959 19497167
1616 1340 128163958
1370 1506 724676627
2556 822 699323635
128 161 86321561
2604 84 994309204
1929 1830 342434113
1571 2551 253773749
2160 146 313863957
1911 2005 523582378
639 1052 298960371
43 421 322303875
349 2400 144782447
870 258 439658705
1050 2323 182306807
2100 701 971692841
1040 657 840245815
1466 1859 323407399
1673 1935 16798909
2046 343 842590645
379 1348 560110304
1476 2108 124502157
1427 1001 849181150
1529 747 790675195
1925 2152 114895684
2429 229 768878055
1229 1497 98192274
1067 2499 802494482
1517 2380 774964510
1298 1788 150691744
859 1489 705511224
149 690 519329749
2338 933 752445838
238 1562 96704803
57 618 296338898
2358 2558 138252644
1433 904 38088601
395 2629 550519395
572 2478 845235846
1753 1229 311552160
2359 262 999852711
2563 1056 512344660
1970 913 162527518
33 2346 295656626
287 2233 533080835
1649 733 104279919
1246 2650 899258505
897 529 977641092
1597 1386 439278687
1526 177 453443122
2162 811 135574872
890 2164 771966790
2360 1698 372568141
935 410 744648094
880 1425 134211649
358 1019 192804075
1967 1816 735010503
895 1529 81479607
289 621 925780128
115 1211 299377833
2453 175 869075623
2384 62 913830920
757 1496 203143921
321 889 648506749
140 664 133820464
1938 296 57949724
1804 1097 244532055
2506 80 304938661
2013 406 147351427
1050 1395 325315590
1093 1876 177016345
119 637 984249380
145 2242 463440683
1061 1829 699776730
96 1440 918654495
1077 1523 228304705
2294 2273 843570322
168 68 730621233
2314 476 356619641
335 1478 953783560
831 1374 583196809
929 1301 753786281
1276 721 876649432
2139 76 460262087
2208 467 326190020
706 916 618598755
2488 732 91883795
1188 2163 555167378
2017 315 307744092
1115 2478 102463620
372 1874 207097764
2098 2340 889216449
1383 880 735541579
2491 2479 277742772
1557 2505 789742889
1799 1658 848651117
2360 633 295785203
1646 2018 797214626
2454 495 867642595
1497 1866 508018934
919 118 778877848
1356 2379 369950077
780 2099 184419898
1516 862 268613247
935 2585 411599585
1399 1765 201048444
1800 1247 765191479
196 1308 959785840
86 2556 57935707
2066 2387 639263832
552 27 105872136
2395 2047 282193652
229 330 131097846
113 179 192811725
1964 1867 509758079
1839 1887 808947321
1328 188 418632070
2621 1820 975803933
602 1396 113723028
118 2350 36037682
1788 295 457167171
778 1439 444469388
950 628 698766047
1591 828 335460248
1280 917 928767305
570 2485 895869925
2257 51 950659614
1588 2552 685017061
2118 2009 962097689
399 1420 673853939
588 1420 737761973
2052 53 300926103
400 384 543440406
291 1547 948246281
623 1273 274588457
1280 518 426674163
1786 266 2752521
2188 2644 630081147
1287 116 11564708
1528 952 345969024
842 171 828447134
1461 1554 113185058
229 2452 945259381
942 224 277537416
805 2281 883277797
1571 526 332608477
968 1312 829126541
1743 130 180798106
944 1981 679004113
179 752 908602378
1924 2527 748890882
7 1633 721114635
1401 1853 587661500
1017 1838 710730257
635 1796 751812751
2049 2205 932722800
1218 421 810235617
2241 2008 560143833
520 310 286354962
1374 2195 694246693
1517 1337 376075745
1558 399 437126993
825 993 942620942
521 519 200903625
629 248 44750655
1346 2541 206077673
176 2081 784587559
564 1530 455325376
307 1123 869436644
2089 560 30579222
1036 596 183704232
1750 1253 612992432
2654 862 662140315
2626 1517 110987217
398 661 730977024
2224 2629 186403332
604 1441 619023766
173 2394 6400281
1524 8 627860800
2472 49 989502316
1063 1203 652222183
1790 1044 679971180
1053 2612 724282527
1497 1014 164654683
634 274 8258056
754 825 988173138
1307 659 501706486
1896 317 835246216
343 2352 508382292
1941 2187 585973459
2381 969 668131141
201 2616 508588909
1861 1815 570845835
387 2547 548533243
1389 618 407977004
451 625 238696139
926 2039 815300434
1975 1845 96031069
216 1515 718721138
2308 2184 820744484
547 1734 548905905
1900 85 773922957
1695 1372 596276610
346 1343 663267904
2456 123 280966035
1619 1511 142538917
52 103 624655337
867 25 737402793
1637 780 83192393
463 368 537080001
1953 53 821636570
525 1047 351025966
1346 28 414549767
1933 816 781228675
1519 1233 767835050
529 628 920675684
2337 3 113327462
2152 633 77183119
1803 1798 651956820
1034 1785 159688736
443 1356 50808801
2201 1922 414141712
2136 629 787359733
1033 1914 978611966
1054 2478 521480792
2260 1183 862998578
1024 2044 721064529
1533 1049 1151965
800 349 377845391
1603 527 140276389
1120 460 741030733
1474 1103 413354337
5 2328 392201904
1184 2200 60552737
410 2645 6877043
2085 1969 552935792
1844 2095 500458949
1793 648 338929628
505 1795 611708017
1632 2644 807874998
2205 862 474738239
1634 590 198609685
1209 2544 712475034
2279 761 272812065
491 2003 273970802
2601 689 176519053
866 1035 528589923
1953 1395 843346277
686 2391 923008790
794 1647 217911817
1878 1437 430052071
2211 1665 865866616
749 1104 78898120
2631 336 272066769
565 722 339833444
2571 1469 273321495
1399 2143 349858183
74 408 175381556
380 2189 272494012
1228 196 92928832
2610 291 297850679
1544 2301 372418306
2559 1452 653794293
186 1100 831508918
1797 2513 963124257
1428 212 153499408
1892 338 583264441
1403 1757 909954945
85 731 600431217
2012 2432 137697720
2335 2011 320054487
7 1580 861901931
2333 1054 862939575
448 517 726509654
1141 2269 357691584
1897 1546 755882115
25 2146 445574503
1161 425 304163020
354 691 910101770
1221 2101 427777182
1367 2016 154827097
973 885 505936383
1109 1514 284581105
1382 2385 927325393
2018 1576 264450633
1801 1340 585285207
1908 1907 281533137
1973 1964 564187896
88 1944 427090008
1002 1172 271942211
999 1476 799797933
2615 453 73655091
1015 1041 649014665
147 1603 334462131
717 1266 570513579
1510 215 696811619
455 1729 552299077
145 1924 813491100
2371 2380 867583894
1554 2532 665854642
2242 375 923737047
137 1241 632689272
1240 2023 219400539
45 1607 12015624
1350 1814 630737649
2584 2047 77238467
263 2541 143701900
338 2259 893037718
1770 967 335837734
1732 2 946340991
1112 894 775367648
635 1626 385795919
1219 228 232933485
1131 1016 863827121
551 2648 547710129
2565 92 893013610
2490 64 234914212
470 2258 422692833
607 1945 972309372
2464 888 197566946
179 2440 328602891
1604 2089 537719454
1669 1379 287702373
2616 130 392965622
1661 2389 794848197
1554 2230 333214712
2649 1699 222962608
1113 318 218592681
2470 1988 842496859
31 676 713859076
1806 1182 28024905
816 458 287930179
290 2475 531389496
894 877 603961436
674 2616 673169469
291 362 488845518
496 416 961758765
1753 1108 244193436
737 1103 554491967
1361 257 762473113
527 945 394866415
22 1276 6272742
2015 918 654149924
2628 2373 827338169
2123 235 284407444
898 2216 656257631
1479 155 446853735
1096 1253 658332803
625 2063 924630042
1933 2168 444622768
1937 2410 771805862
2105 2121 580303636
1903 1357 36602848
305 396 211969926
1412 975 714136611
381 2404 794968009
993 1189 590863403
240 432 407743250
2627 1692 639756611
1111 223 412824007
841 984 531773859
1502 310 455035017
2191 1515 978812178
2105 120 487781236
1155 132 516901843
1008 1093 377741733
2053 397 913611710
980 928 141510908
834 799 242983340
149 598 582924322
407 119 491127064
1790 499 289755341
559 1451 338919426
2305 904 371875394
506 691 325275926
358 1501 790146075
180 1193 599232526
1345 1629 231925066
792 1679 731000403
536 1152 105758045
1713 1620 766410218
2594 96 396907010
2594 2536 18334862
1664 1429 367215822
369 2233 649896216
381 1305 865384249
2428 77 414797095
2162 2374 627192557
2311 1876 685291260
2232 2596 790633535
2562 549 194584485
1675 345 792238845
2045 1123 783656797
754 797 498595178
2623 1896 497183794
58 2005 831940486
457 2445 501117160
1095 1277 901520529
2158 1303 338995229
225 745 981696210
2312 307 241737645
2325 1534 675954580
621 1422 320126039
2146 1144 96247664
2116 2160 77965216
644 649 378393810
10 1976 82263031
1354 1502 411502773
2459 906 111979289
66 2568 873410480
1147 1083 653763766
1650 1069 322104630
876 272 605604692
1292 380 104143641
2077 784 443425140
2586 1258 276789072
789 1097 276324082
384 2127 716397049
1677 1516 207590065
2140 1891 564126624
1197 611 536263287
1896 855 500647361
2184 2641 253145364
2620 915 126360459
2104 2057 685478090
1784 1133 388740326
870 31 127361512
555 2496 370577847
853 842 841995703
413 954 819143522
2459 2380 533904282
852 106 185993360
102 1822 728902256
1038 389 814650674
601 1746 857332796
1922 2175 242979012
1676 581 285006344
197 798 242411222
2000 1066 70359045
2620 1005 23764423
593 1503 910601719
1777 8 564157396
213 1928 794640335
2570 1458 182796368
1130 829 487638681
1110 1226 4428596
1445 2552 528511384
516 709 472705242
1666 1581 432552878
1468 2643 153592325
1252 772 758701825
286 524 883025956
918 1489 312120540
332 334 904015831
2266 257 941476818
604 2025 864386994
1517 1404 349366312
2641 2502 799931712
1394 1778 223101044
1585 919 349051465
457 26 533484673
362 1116 356378200
800 920 649895541
592 233 488727671
2026 366 730331701
1446 974 362093372
2280 381 371988744
1453 586 116725001
1093 2244 391419770
2576 313 843547790
2475 270 933612930
1849 2402 84467090
223 1646 493949159
120 568 63974387
2357 1795 181259742
1983 467 159685867
1567 609 213847544
943 1315 191443604
1820 384 981859642
1210 2008 975497133
1743 2239 482141581
804 511 935409054
400 2535 867328600
87 1599 61806777
276 220 89970795
1750 260 686417090
2198 1003 884775966
2214 2298 666530225
742 609 899644857
1265 2199 452859573
1384 348 161692694
1280 516 531100540
1800 896 365597573
1616 676 334247857
596 2431 157943023
2344 1233 848662726
1677 1800 280224061
153 1190 325944306
2121 150 460644090
1703 2241 529715837
2391 1126 136699446
1496 493 164496443
2438 1345 735824558
693 225 508967509
863 2508 260980777
2244 2051 409666126
25 2288 945836324
650 1525 826376005
1599 23 800289201
508 1781 455656823
965 2411 105800859
431 1715 388752392
2015 1507 284223182
345 2356 829150978
1409 1819 530754293
1342 1975 963859869
1910 1323 79584612
100 2608 329916608
926 1420 823590969
18 1928 987187656
1166 1462 353283005
1124 2336 193711495
2333 355 721261839
1104 1458 309917582
286 1630 359878915
352 2504 205847471
701 1632 142615879
959 946 753841597
2413 2551 188047303
676 22 946375573
814 1258 994878034
1231 1371 206196066
2275 792 509569661
1359 549 997406235
56 1199 472935367
942 1266 868403792
1918 1713 801416189
195 344 970954022
1274 2213 188603360
1291 2246 404211616
2642 1720 401467908
365 2195 435483679
274 1108 339933690
1245 1134 940485675
702 2507 352554929
2055 970 240339571
2179 1104 129045273
1407 322 496813842
252 932 947594760
2165 478 980390931
1814 1608 312859233
1764 1164 120900663
2317 378 53511282
1553 1330 934241781
1077 699 669570974
2433 2578 191628481
2475 1823 872244027
2128 1587 520413329
2546 835 974689213
941 7 566210972
678 1969 131178003
749 1553 928779876
136 703 257038673
2293 1726 602228214
951 1916 817753230
1679 408 767757424
1581 1292 568849679
515 938 728361412
145 632 202068132
1984 1873 623001274
199 1305 752375378
2040 2653 358598203
880 480 49050929
55 1936 383102155
1869 2236 352085399
1260 104 959564375
321 1593 604234870
137 547 435633200
1195 250 845966594
2278 2169 957636439
2304 571 586137750
2174 1407 658120442
2020 1859 749670616
456 1216 690010430
804 458 300494362
706 2397 920565823
1749 2087 822252035
609 1086 172712276
1239 356 709375598
1817 767 188828823
1966 1193 231407761
2265 2002 837006500
1762 1177 321792610
217 130 931665055
2010 2377 252839477
1674 343 856544892
1332 1426 293447337
2561 1624 322704250
964 750 962696901
2001 1613 497639663
1837 1029 31981661
132 767 169603403
70 1905 326722746
165 1400 810313558
2534 794 44403577
1314 1424 586480060
1565 275 871344051
931 2543 812526795
969 1098 277124446
463 197 694331002
2147 657 903384818
496 1231 155690156
2632 1915 417471311
373 2421 660920758
530 1656 890930141
2268 2282 996127518
1904 2295 603570932
2297 1616 479184549
1419 1798 330615934
1118 2559 966171528
1718 1255 541593819
2253 1621 467719681
340 2013 487207428
1916 185 93074707
494 227 195465970
1233 188 339590791
616 1752 94752064
475 1388 415420209
2644 2349 887706383
1466 2184 894148983
1574 1637 585070889
1760 1368 535215123
1521 867 857255784
7 1276 901677847
1500 165 203839320
2476 2462 741343025
2202 2050 387275547
365 639 445220656
1302 649 305689229
1893 1848 309211591
2192 298 420636327
548 1589 894043023
1215 2475 706798888
358 1811 593027410
1787 1679 567543409
957 1208 195345030
382 2076 926310320
1367 2495 718402070
1655 1279 767181121
1723 109 570201960
244 2205 720302928
824 842 530201499
2314 385 654376642
2048 1225 285830928
2609 330 940517973
2208 1430 719598380
1549 905 831916037
2287 2253 30967387
1420 1049 682491569
2013 2130 668972631
2127 1299 697554942
672 1108 236278953
239 1938 430229115
762 1943 184902511
524 1709 193043974
2240 1682 701386336
1002 1098 145608301
671 1550 655969293
1921 1947 289459287
406 546 736821609
1111 1141 893205093
529 2507 975213451
2125 520 707715731
259 1362 753191345
1303 1569 179778020
184 1720 747733384
769 2205 9435198
1014 2607 569201065
299 178 711490706
1561 903 588580455
1927 720 524551999
807 363 568613575
2135 1517 549374648
1325 2619 389876687
1301 1808 546237027
22 1287 247704067
1667 2467 664257988
1300 839 303214380
1377 1251 479683546
716 368 910252123
1697 2402 785416905
2391 178 540772397
2105 2465 83957688
1478 38 619385679
1868 1950 962423036
2011 2132 797965124
1284 965 153055861
1205 1474 539753317
926 219 435943480
778 2030 356960297
727 1606 97894766
566 1642 83004070
270 1598 190437243
22 1253 297225303
1193 2420 804504930
759 1312 427224351
764 1072 99905895
2487 1482 354256270
525 998 269006069
1654 1372 157503842
1640 442 950183106
25 678 125426767
1319 676 387403568
815 156 402320642
1505 429 966102774
1870 88 198958691
410 2148 434983935
1360 1665 599696666
758 1744 482415761
1064 1654 649419093
286 1296 235692722
1804 845 322034887
2176 820 491313606
231 2179 599599859
667 1307 558705788
1458 565 667296681
1476 2531 412268267
402 2376 906974673
2037 894 400051447
1832 1768 236112998
2532 2447 472469753
507 840 621722053
172 78 587788447
2494 1478 291286824
1150 2310 173897743
929 1924 984949868
347 1537 307966802
809 1339 189803034
1417 809 238286320
188 490 441490852
715 872 11540694
2216 1864 195471342
1231 772 283653248
10 307 264590352
1154 1395 119347027
1468 1980 368682586
943 1769 488184394
1812 2003 349018519
542 1867 200274901
826 646 268923542
1386 1093 419995389
1409 434 34688997
84 1302 70993611
740 127 377139167
1081 2032 832033258
1007 2375 677672681
153 249 839122059
2107 372 2000376
1920 962 718782600
2407 2596 927228245
1025 1331 527488972
1595 1502 949702564
1307 1947 253030641
1144 2148 408133922
2568 2135 216836650
7 472 819809069
2265 2613 362658402
1029 1355 543041545
1121 1407 271317669
1948 1918 30521568
1426 2324 274877887
772 1101 192499210
1502 670 68587554
2178 631 648960911
337 575 61174284
2084 1095 381969385
1781 1596 36326377
276 2005 997145869
1086 1439 584631541
403 781 204644780
1729 2243 360813605
2405 2002 164913846
1380 2279 785692999
410 1985 865654047
676 2000 709773927
2080 830 872289252
698 2157 354905973
1748 1261 573845072
202 1822 588216868
1714 371 314286715
1043 1082 521132052
2395 2055 818114067
2474 1482 8512818
802 973 675774302
853 2441 558809695
1660 1027 690988670
2374 125 2253903
1193 1563 841125623
70 1465 20778163
1057 1772 646609774
606 268 315494810
2603 1538 299942323
2022 549 308282132
467 2255 218815745
2049 1755 139085080
138 848 248205444
1064 770 726022055
2634 1352 515019290
81 2113 580051760
2651 1372 90854749
1410 1272 290180406
2512 1196 937624289
462 2213 186227503
2272 2333 537620410
1103 1579 650462639
374 1266 989964096
1234 1280 935005637
682 299 361914133
1061 891 28284069
1292 1687 801996135
1965 1173 984899975
1393 571 399742834
1839 2044 264587725
2127 1972 448890952
479 1521 147954027
2359 2504 611546580
209 604 780107139
1560 1131 913087003
1340 2161 425802062
333 2440 151121093
2472 2209 419095363
1328 2298 667971804
1207 1305 989783153
2470 1398 907795154
487 721 101309488
2022 2118 999558344
569 1246 190114296
515 1287 52738317
415 822 464805264
1210 313 225829092
2376 1862 607896938
443 1220 589899146
1447 1166 157463373
1712 266 267731830
81 32 44547892
1713 2418 489691106
1227 395 581885558
1616 533 635366538
1341 2134 478000934
2424 560 345668531
198 783 644516796
2593 2094 583171182
1923 2427 939591924
1226 1058 149559581
743 946 818357749
2590 1737 828281398
2151 1768 417282742
483 476 911131974
853 2296 389290653
456 27 221198905
2284 1420 540395880
425 1599 491621079
1061 1315 658334800
474 564 417919633
909 1828 534088555
460 1751 427785854
1881 1807 725447505
1737 2144 380791711
522 130 705783042
1845 2450 825285994
1582 21 394009607
2332 1090 991754886
1382 1573 926549718
819 448 287213010
1022 783 26299258
2019 1215 871782315
489 2629 998580851
1900 732 128382830
110 1337 136911834
1270 893 666345787
1871 1425 18547401
2276 1271 927158780
2476 1253 119609081
2369 142 104070565
726 1934 534274731
2018 1506 89983421
1269 1956 460420812
2498 2433 231635996
2392 1363 324649299
1909 1002 608284149
509 1408 66677229
2099 1504 326604566
1494 1502 945041116
2215 1452 660882798
2295 2420 429837340
839 180 943339215
983 1372 354043591
1921 2286 395830517
1432 1503 467157689
354 2622 344869831
1473 547 155762295
1355 102 436405724
501 2193 334970188
1074 2639 873563968
612 2051 467430324
412 1845 442044023
2486 623 905956350
196 350 998778305
2316 1414 984062252
2447 1621 899469983
918 1813 949942813
2055 881 162843542
2606 2386 764433645
1663 1296 871302706
422 1803 980549276
1209 904 174440781
1093 633 472199405
818 2120 839540624
2435 1565 991901840
1727 2206 710430778
1387 2655 896567170
2603 1947 130585632
564 1260 478995380
409 998 87856372
490 1016 901984234
2419 1893 595465929
2638 1755 575332070
1494 2509 506205142
210 1688 297900229
2507 528 540506233
4 2363 850776744
1231 1000 128353663
1662 1767 53757078
2593 1625 483637410
788 298 63680416
112 998 946738514
2511 2220 139409989
2306 351 650732984
489 1516 943893784
1735 1477 590020087
2164 503 515988895
1292 1288 288422836
2306 2502 397910398
329 704 486484952
851 541 82189269
1048 286 226904212
1645 2579 171436773
773 2471 641331621
1706 248 134097401
2372 1709 18771672
1690 560 370585987
2342 2616 850036432
326 1927 36966276
1117 1953 621715975
653 1420 789106225
2192 1103 305042450
1392 1155 801550035
731 1989 790753576
274 2533 521066222
2094 88 707799524
244 1030 641736101
418 2283 255129417
562 852 106128220
752 2587 688854791
1845 2120 158188959
2022 937 181521916
1620 1867 822429505
14 232 574617341
1201 1517 44899528
662 1963 680722901
1467 697 189026568
675 340 768610957
1281 1474 501009933
1516 1717 28673773
920 556 472339006
1767 1062 899969091
764 959 771099070
1689 772 539781474
1595 321 375116309
583 2412 210406125
893 2543 897726991
2289 366 265757653
1368 169 220296676
559 1885 243064351
408 1886 374639512
2249 126 611407850
456 1765 165724580
1850 2073 566770864
597 1956 97915862
2257 1077 653689547
1983 441 258186869
1787 1160 452643643
1335 825 937587112
1512 767 719133606
1268 2425 56743703
184 785 966671007
2617 2254 644258770
1536 497 675241514
139 2299 908880497
1409 1032 178968703
767 320 992411517
2347 1296 540789518
1758 173 614693902
456 787 33995203
2401 1281 99526325
951 927 958563979
1385 2119 203684507
905 338 733330197
930 121 798497002
2370 1456 930596061
1740 39 823205483
849 1462 200354149
2336 1310 953344367
5 1259 822267589
1432 2047 295084531
280 2219 347170918
498 1214 197167614
1565 2135 587493386
2205 2471 223231054
1231 1233 720846094
215 146 560941363
1947 1092 101662195
1917 2382 342704569
75 443 626500122
1314 1833 431932684
1462 1448 440056782
2610 1282 585968152
2173 1752 670698120
2060 2560 59369839
962 1218 330159469
98 278 797224304
1155 1786 857807386
331 265 22679204
1622 1224 469931428
2315 565 756281963
2167 2613 433282522
978 2420 967729623
1303 1572 949705420
1166 1138 394197207
464 1890 442013329
2306 687 50123160
1387 806 147693891
1136 591 404721191
2190 1022 24933198
1858 143 449406042
1421 1755 479375850
884 426 478504944
2561 861 204550117
1120 2156 932602103
2202 1149 125633701
655 2571 504279661
226 1795 816769389
14 1893 886230314
629 69 796243679
2309 1969 529074428
319 1280 267287233
2227 1894 429335059
1745 1500 283921923
1804 1639 561332383
934 1873 891385088
1942 1814 761538231
921 888 226835972
2246 1127 58376316
597 1513 862506510
1453
37
866
662
819
1146
161
1190
432
1087
385
1041
425
294
92
798
210
1103
1035
523
835
1170
638
614
605
527
1105
1229
843
201
375
622
836
928
507
943
40
373
1154
234
1228
512
794
473
544
70
1046
707
709
852
136
759
1169
608
637
477
72
874
429
166
80
982
720
610
780
582
2
972
629
411
376
268
151
572
673
1199
854
444
1278
1099
1198
90
998
518
463
612
931
442
802
1117
895
566
1292
816
760
499
470
1165
768
297
1020
508
13
602
196
1214
218
382
1310
155
789
1253
299
250
911
56
237
245
1031
441
1186
98
171
388
195
214
349
1306
157
285
1080
774
1017
875
536
1337
1181
412
702
642
461
891
1177
1345
997
241
930
23
1234
1225
729
619
1354
1126
1356
603
890
700
977
732
152
656
1058
811
1329
54
1218
215
688
1222
1075
228
696
243
492
1232
251
557
91
1120
845
153
1242
941
559
558
910
1389
1053
742
531
1243
185
147
1078
1397
565
541
481
226
462
352
1235
847
822
180
493
1171
687
903
239
733
74
414
257
1298
1164
107
945
230
69
1423
1363
667
808
1112
405
772
711
1381
703
1321
900
524
897
381
17
1158
1440
1277
148
1443
1128
1055
817
1447
1142
46
1161
840
1039
330
635
1455
1010
233
694
301
482
540
699
207
867
112
1200
1398
534
1469
1260
1436
1403
1097
1388
121
1240
248
1156
82
921
1183
1070
1379
1484
1196
1315
393
1167
1263
1152
1491
181
504
1206
1483
1110
1497
1498
674
600
957
39
335
615
359
1506
458
319
1406
238
418
1378
1511
1095
1133
1516
1429
1371
737
314
1521
1522
934
130
1525
607
621
1134
678
1530
975
1061
312
952
1456
193
217
657
649
1251
862
188
229
1050
1450
1546
1449
204
1549
1032
391
179
61
1554
1250
1556
1557
1558
58
389
676
738
906
1344
402
1442
1567
1385
509
1056
1571
1102
1573
1574
832
488
988
1227
1341
1510
1559
1551
220
1579
348
353
1203
1588
1589
627
1591
882
815
573
1595
926
1043
110
1599
1600
133
1504
1603
515
653
581
1282
756
596
1610
1197
455
1613
394
1275
1361
490
1618
876
1096
271
255
364
1166
1625
1626
838
562
1248
1140
1631
1632
1633
1434
1635
1636
465
78
1639
1615
1536
1252
322
374
1645
1143
1647
1648
35
665
1651
1652
1630
1654
249
1159
298
1658
1659
744
1661
288
1663
1272
1069
764
1667
1255
1669
1467
1671
1488
1003
1401
1675
399
1677
1507
522
231
1681
552
1683
1259
1283
55
826
1688
1207
32
1691
740
1634
95
810
1696
1036
1698
390
59
129
1666
1512
967
1705
842
1707
50
942
290
1711
104
681
933
203
1716
1717
1123
636
542
156
66
1369
538
1680
564
1552
1001
579
27
979
137
1733
1245
1735
20
1151
1738
778
1740
1564
976
140
1366
879
1746
1747
31
474
1750
278
1752
714
793
1279
83
1757
437
519
1127
1761
1098
1474
1185
176
651
1767
655
1769
187
814
1772
247
1774
1297
1012
575
1778
1115
978
113
9
1783
1784
1418
1786
1787
1370
857
513
1569
1299
1793
175
1071
384
256
1527
1034
49
613
1254
960
1462
1192
1393
1016
1791
718
902
1811
111
715
1814
143
813
1343
178
907
135
968
510
1668
270
1138
1826
1827
205
38
1637
1831
281
1460
1834
1771
1330
1837
834
392
984
1841
502
1843
1844
87
1689
1257
1829
1340
631
525
1382
1157
1320
366
1856
1857
1858
1859
1836
994
1862
261
1864
1766
937
704
1276
1863
495
1871
1264
208
213
1875
357
1877
1067
447
1850
1881
1882
89
1884
503
675
1710
1888
1889
1572
1891
445
1760
1894
1895
1896
1433
413
1899
1461
440
1902
1903
134
1714
1742
1907
274
995
1233
1911
302
1913
262
1093
1916
782
1517
781
1555
1562
303
1745
1396
1066
1926
1437
1191
846
920
377
1932
1332
860
1935
443
1592
1938
1869
1940
1941
1833
1022
1944
1945
1840
1893
1948
1949
1006
1951
1952
1499
1954
1141
1678
1957
315
961
272
1961
1962
951
1964
120
1966
273
877
1969
717
1971
1121
282
1974
1975
1424
1977
1762
1347
1980
1338
1982
1983
936
727
1986
1063
1988
1013
1990
883
783
435
884
1995
1801
1294
1998
1999
2000
686
2002
1898
1480
2005
64
1215
1806
799
2010
29
2012
1327
26
2015
2016
526
539
2019
520
1132
1720
1309
2024
1476
1976
1280
1931
555
580
827
2032
1821
763
1818
2036
404
801
362
1187
186
1014
2043
1054
2045
1919
2047
1270
2022
1454
2051
1077
2053
728
1820
2056
2057
996
987
1779
873
2062
2063
1147
417
2066
124
981
2069
2070
434
2072
1699
1528
2075
761
1033
1545
1780
611
177
2082
2083
2084
1176
1560
2087
1482
953
2090
2091
1565
1463
2094
2095
790
2097
292
2099
2003
144
369
2103
2104
2105
1832
333
939
2109
2110
1129
1981
2113
7
2115
2116
1700
1743
2119
491
1539
1996
1886
1386
1845
887
1000
912
1721
529
2102
691
1755
1085
1145
726
2137
2138
2139
2078
652
2142
2143
2144
48
2146
2147
212
1441
1538
1027
569
2153
2154
1987
433
2157
2158
2159
1368
590
568
554
1910
340
2166
2167
1092
1241
1267
2171
560
2068
1611
2175
2176
2177
47
2179
1781
633
2182
1741
2184
1501
643
2187
286
304
2190
1673
2174
2193
2194
2195
2196
6
1649
2199
2200
2201
1135
880
2204
2205
2206
1018
1219
2209
2210
1532
2212
2213
2214
950
865
1411
1968
853
1477
661
2222
1594
163
2225
131
2227
2117
1604
2230
2231
586
2233
1195
1435
2236
1246
2238
1400
2240
2241
577
1505
1271
2245
2246
496
2106
2249
2250
44
2252
84
2254
616
2256
2257
1849
1728
2114
1220
1860
246
2264
2079
589
2267
2268
791
1088
2271
2272
2273
1734
2275
2276
915
2278
2279
1258
2121
1617
190
1922
2285
2286
959
2023
354
2290
2291
2292
916
1351
689
2296
2297
1086
2299
2300
683
2302
944
361
2305
471
2307
2308
1004
2107
684
1543
2134
2217
749
2316
2317
2318
2319
2320
517
807
1325
1307
2325
2136
1045
102
2329
1419
2331
2332
2333
221
1160
1991
2337
2338
2339
2340
1796
2342
1946
2344
1653
2346
2347
2348
787
2350
2351
116
2161
1748
2355
1723
2357
2358
2359
809
1763
1612
2363
1079
242
2366
457
2368
2369
420
2371
2372
2373
2374
788
2376
2377
2378
1044
279
2164
962
1202
2384
1855
2386
2387
2388
2389
593
2391
914
1984
1553
127
1021
2397
1930
2399
2400
1373
170
1596
2404
2202
2375
2407
2408
2409
2410
2411
2328
745
583
2395
2416
1904
2418
2419
326
654
2422
2423
2424
1810
2426
475
2428
2429
1706
2431
1912
2433
2234
2435
2436
2437
2438
2244
2440
370
751
692
2444
2445
1473
2447
2448
2449
553
1346
2452
2453
2454
2455
2456
460
2458
1445
71
668
2462
159
2464
2465
2466
2467
2468
2189
2470
2471
1322
1333
2474
719
2476
2477
2478
2479
2473
2481
141
2483
2484
2485
2486
2487
2488
2367
1835
2356
2492
2493
2494
1451
2496
2497
1529
2499
2500
1970
2502
2503
109
1288
2506
1375
2508
2509
2510
2511
2512
1395
2349
2425
1216
2517
2518
2519
1782
150
1577
1490
2524
1682
2526
1665
2025
2529
2530
2531
2322
2533
898
431
567
2537
818
476
2540
2535
2542
2543
2544
2289
2133
2547
2548
2549
1531
2295
839
2553
2554
2555
2556
75
1500
2559
2560
2561
174
2563
2564
2565
2566
1578
1807
2569
506
2571
2572
2573
2574
1265
690
2577
2578
2579
1481
773
24
2583
2584
2585
2451
2587
318
2589
2590
2266
2108
2183
2594
2595
1413
2597
2598
2599
1805
2601
1324
265
2604
2605
2606
2607
913
606
2610
2611
1703
1847
379
1685
1091
2006
2618
291
2620
1620
1872
597
2624
2625
2626
2627
2628
1387
2630
287
1609
2633
65
2635
464
2637
1608
2639
2207
2641
2642
1404
2644
2645
2646
2647
406
1357
2650
1392
2652
2653
2654
1301
