1978 2729 1723 1931
1865 1566 696677744
1963 520 308509692
1940 523 661746776
400 267 864488113
1222 1248 973914915
898 1314 163038967
1617 784 565617742
296 1462 523704270
1023 1970 822813969
1401 1932 968703456
1113 1894 470528395
1820 1286 381375187
725 989 480346175
709 1190 236444126
1823 1692 856045246
1754 1576 512160158
1823 1696 763826086
572 499 381360938
508 771 742469578
724 614 730234980
369 1361 697691314
1367 1097 480426898
1165 1449 859303493
1721 396 387525676
440 1837 298078660
1131 1026 635807991
1399 1442 518977530
871 3 140603730
1043 864 66775217
1933 315 51473871
1229 1015 491624808
41 1880 467811333
1688 136 130787138
188 1061 237515683
1581 1977 193700416
308 1888 124437192
1897 100 898525106
814 1842 964111762
877 1595 563345386
1763 1773 928647925
1336 1930 625142067
1317 1011 705592525
732 743 220964353
1230 126 103565621
1971 683 31851113
1127 482 540372249
1177 1153 229246675
406 1244 324423177
735 907 11067885
245 1451 758994256
668 821 500823522
650 585 551629381
464 1531 368863435
495 867 92354016
950 1489 331651685
1464 364 987077007
1334 55 716557060
292 172 559259466
551 1133 470808519
1425 825 895788260
1061 1312 115733517
589 1088 771973796
730 1655 178370599
732 198 639867156
503 1822 488227662
1660 1500 65739288
449 908 107683031
1358 1224 817798465
297 670 158253733
1212 1073 565949283
991 1174 488354014
633 573 745060708
166 635 453133024
1813 1750 331486807
1939 1864 900039030
35 1250 717031624
222 1841 763153990
1231 867 336079705
368 116 415387790
220 1953 63836813
378 1041 985797391
333 992 283548643
1959 115 932663112
481 1110 221258790
1791 316 14647783
1182 32 238973699
40 881 28623996
1684 277 95324635
511 87 283347055
844 1125 202407898
26 1970 886194484
328 814 846073160
53 992 670178236
772 1147 522931743
1718 1966 151244078
131 534 19173340
1242 61 511823574
232 605 814603418
170 1030 821253469
345 472 37081435
905 618 754458427
1729 117 759241129
248 768 678470760
1904 542 70406749
1676 155 399703385
1304 1229 275033022
299 1907 154939690
200 1390 110053581
493 602 855061783
1623 1655 717979614
1033 1885 707646768
1016 1515 96601706
373 1111 172455501
141 614 578783267
1053 1782 555779902
715 472 917263689
1828 925 963552071
1970 1181 241791036
946 1589 842956235
1180 228 498515537
1453 1951 975647046
1391 733 390319592
1540 1397 244858752
690 866 18278333
648 1054 205884671
1693 1833 101432702
374 1168 359713724
1423 64 361441182
753 224 34409754
1232 1256 158604393
1786 644 532260115
66 77 284966487
1585 170 318469812
1250 528 145000356
1339 727 362106826
1326 1792 95019807
1968 359 4145629
1646 519 484001346
1349 1963 952416349
1110 148 486046850
826 1973 121125915
495 925 215417320
1424 419 796792826
849 618 473761505
764 1510 491193062
1358 542 557600081
1539 197 84802819
1024 94 165136621
1600 1583 507944489
216 708 944123593
1964 179 736139664
1806 830 910004272
154 289 298366663
1398 1529 368572083
100 1107 220492267
872 1238 534474116
1011 498 972311316
1895 1812 413802500
1798 906 261703954
888 1362 801853849
30 737 729043288
1660 1903 334766789
1821 1699 276174648
1881 1659 792557428
1454 1871 789090384
1226 1959 494343828
455 725 162904132
348 246 663698666
1228 785 223565229
734 296 894615843
802 40 989008464
711 1182 498112297
264 973 736422546
1287 831 439953592
1473 1748 184015403
573 1204 1459504
1279 728 425143322
280 1861 126775468
265 907 420882392
939 1944 497503314
466 598 338552783
387 1523 465130988
1703 807 368844045
1782 284 434072760
1346 622 424754740
917 1107 665946491
263 739 451471797
160 338 534545371
1528 820 327749949
1104 1586 553910510
115 1196 200407150
1892 354 995366157
876 749 582323410
524 1934 654702318
1557 1835 40665356
1161 470 893986289
279 315 106043728
1776 402 609335226
1323 1645 119888660
1712 1618 501046015
1767 1859 420887047
931 1382 30158754
411 670 324823618
174 361 307652610
898 863 25697725
366 1770 719710093
516 1744 344862467
473 551 504621209
250 1683 164882729
1923 1212 546397556
419 966 971606268
856 681 855087801
995 487 729185145
2 1035 283456741
1296 885 312856449
1139 1507 235845417
60 1372 656982733
1131 1693 641951617
130 715 405587998
1029 1043 251243012
489 1560 508022969
61 339 144188285
584 1707 840460562
1967 391 435986235
155 245 709993159
1304 1320 70276645
1628 444 633404879
405 260 880373521
1632 653 372854003
1011 768 942468693
203 82 707623804
1072 30 992715933
741 349 966009901
699 1912 715560190
558 526 583149939
1125 1306 621900363
1471 651 523266266
1841 730 705982375
1733 955 306875843
58 460 125900891
1210 1415 173501268
86 1872 431071465
373 808 160709039
1367 1117 206710625
243 528 270096485
1581 1399 626381554
998 692 876436524
1180 791 605587651
523 213 372727760
829 23 929794051
1062 956 161307751
1269 26 442848574
244 1810 608807624
1436 1957 544093426
845 1617 452254781
563 1208 123745122
1733 1263 748299895
1414 571 453965737
1650 1848 336870082
1315 1884 825168401
1138 1383 975423609
329 1750 386715557
170 1054 571940539
799 1054 866007300
505 1268 974034782
971 755 751317624
142 1302 539045667
1759 648 76121414
1482 1421 199842091
1580 1796 78381639
934 848 208531882
412 355 489329079
235 756 72247257
391 698 342565452
691 246 168597297
743 331 686031754
365 1554 528164821
627 1970 332925781
1216 386 22794319
827 1759 528585927
1523 1944 195926655
476 1584 49292355
1188 599 27242959
321 1656 787293898
1001 1143 552897195
1530 62 924780684
1071 537 830478640
1798 1602 677883074
1752 1480 820846371
1782 266 895781562
1138 1232 594774308
812 1416 996411443
836 1891 589144354
1742 1776 990524138
678 522 778780689
1323 1085 990693236
1150 1713 771739354
1086 1008 262321998
213 901 154145427
76 1333 80729650
464 5 873756655
1893 1447 256001707
1934 212 336650232
1711 918 334896619
1417 75 276393979
1195 859 16074460
1962 335 940109506
261 733 9972340
45 1454 170741000
1486 1108 253546829
416 555 988462889
1623 529 849481332
594 350 626684441
798 444 975489408
1100 591 119442838
1663 1734 560084966
1394 1237 792620961
1492 422 783077260
1298 862 369938729
994 1798 368695451
264 1367 995341321
1069 568 469009049
114 787 557794357
1902 1030 833324214
1843 315 93505071
694 1413 28658021
1239 241 115760830
1977 1738 684813102
372 1926 159463394
344 1184 147606210
937 82 800373506
556 997 624099919
1326 499 522142311
58 1472 122142741
756 1868 225561069
1354 1816 281793593
1548 1641 704027895
1903 853 774503385
1704 1134 717439395
246 1712 296389472
1871 390 735785278
847 269 718239258
451 693 563020794
568 187 822567690
703 1701 293987806
402 800 519864059
22 1226 304449789
1804 711 949474772
274 1790 842939114
1593 1223 256894256
406 1793 969041258
1953 1455 711580718
1662 1780 634289771
1236 1725 525625476
1932 1908 776027957
1343 792 488732890
1476 675 227883231
1851 1534 30857813
1693 1264 125882371
488 1616 360620913
1508 965 234309044
1439 1715 893463571
1855 599 249561008
1617 1743 319133918
1519 1089 941928914
274 819 826475461
1067 1436 154287305
444 732 538308576
1405 1584 912977934
699 1025 278387843
108 993 11744531
34 739 638266252
315 1899 505051576
1820 1725 365879549
740 876 102467074
1581 225 189646794
1311 89 609714446
41 6 989940722
1229 1459 616304451
309 385 108301267
1160 1161 807893446
1852 1385 513559738
262 542 164357426
1508 1846 753183417
801 1626 938221960
810 1600 203221437
197 518 713088356
1820 63 424212447
1763 31 802626162
623 722 333541114
1789 839 654354719
825 640 900286333
535 782 431486867
649 576 613749889
1595 833 356932573
1914 1899 177453341
502 1039 486155632
1159 900 299150585
1343 952 226129869
1867 1341 804266529
574 1912 39180929
1543 1322 174273563
976 850 5908562
1161 954 509814843
1520 182 759604661
1929 264 716880180
1279 827 97885826
928 1635 846930930
679 1683 331376874
1809 645 615690151
122 30 376458152
1011 1502 44031780
1374 692 94190454
122 1023 80293225
715 323 731606466
820 218 675986302
1962 1571 854685857
1528 1622 154586500
203 1036 308400643
769 1406 154086662
813 1171 429270568
278 1316 952695956
851 524 726537042
796 1239 547102354
881 624 551486140
1139 73 498125645
1490 777 586431178
869 1969 34398798
1647 1815 30478977
1973 1432 157517043
1518 648 885431864
540 530 956827194
1267 25 644668815
208 1345 507493344
280 1122 801535136
1905 1074 816122026
1006 824 373100149
935 1263 563849217
1839 1925 899879097
1119 1518 762610884
98 500 286040753
838 1021 463436121
1869 1912 984692076
1628 311 450948869
12 1957 157304121
1119 226 512443006
1917 1926 912724568
740 1398 783460797
1462 1577 102337781
1310 599 816015127
1256 1838 112863313
564 1836 625439118
1744 1467 636107586
168 1202 931610724
1664 1565 690721245
314 1187 660506609
480 39 952670320
1029 992 316650422
1973 1554 833403830
453 140 368412081
1451 149 814038597
1668 1067 311228658
983 1835 242423115
1102 1790 818242925
1974 787 884623993
245 917 168082706
344 1258 811166014
65 367 165459482
1952 1493 612047160
795 1728 68788900
1168 1210 567135719
406 711 817602431
433 689 863159715
106 940 18024521
1475 1485 503322063
1295 1712 665584824
524 471 825462863
1267 777 854121783
797 1278 532354614
1850 818 960941236
1818 1569 730740676
362 1973 790091704
1727 1756 190413711
596 770 75705015
1223 803 548694271
443 801 768438185
854 500 525721086
1448 302 553062105
228 1724 62940656
110 1873 258508540
172 1456 990596577
1491 1914 647088260
1074 247 600897533
1760 1804 833698358
340 1315 789435460
1416 1192 874795769
1930 1056 810621053
1846 1814 998932721
1399 165 891683179
1667 1859 377815500
408 269 598927166
1309 701 612641371
1430 1356 760189260
350 343 839718756
1594 928 159103232
945 544 671601590
361 1868 889815570
1724 822 629068668
1534 487 341338616
1972 1543 586348246
654 308 871201948
816 526 125067685
1106 1443 502686798
751 623 299890854
1672 855 602883835
746 1610 123740098
1588 817 80733855
321 1867 842872227
19 1739 802279671
320 1078 529901706
696 255 502422651
69 132 186825311
1683 1012 55263371
258 1206 305957897
437 1633 61134568
151 488 381310463
1304 451 256936037
1958 274 571225119
372 753 719057629
440 437 67861694
1741 196 294829159
1803 51 366721791
1456 26 83836872
155 1190 663797352
1759 1385 715629097
472 669 173550514
230 123 843905545
616 855 265112799
1115 1391 959429492
1167 161 226399890
636 557 454331252
570 607 247969946
669 1958 776498888
1754 545 789214159
775 325 980665811
391 119 303021345
807 97 18104791
443 579 963049965
1138 1044 889972578
23 1925 635222930
92 1391 748411912
1287 1684 736252996
1335 1143 610192721
1595 1340 116147999
437 1617 820803317
1274 675 29149055
718 1416 921740358
655 1966 301096334
533 1173 588558573
1918 1419 10082846
1250 137 546899672
988 1123 84911032
825 533 75994483
1705 1284 63875828
769 917 120614933
573 561 467354634
372 1833 564986812
1808 67 994542505
875 1504 346463741
875 1142 652396295
182 1565 513273141
546 592 19218232
1707 257 583380996
1437 1892 693835203
190 729 615194620
1219 180 959148146
402 1041 168003476
177 805 757806698
1183 1607 863644002
1008 1215 651422842
978 651 327452297
669 1546 267572407
1616 12 654016111
1003 1214 336081736
604 1724 936359859
31 1268 234053245
428 1228 763330142
1207 730 153297958
647 1974 234117975
100 53 924304418
622 1849 317162268
1845 169 608911925
768 571 217099695
458 1954 673797919
1685 1960 935665101
1431 1904 465773801
941 816 634514789
1741 479 82951809
1030 313 452665160
1780 242 43679881
1855 1597 471508508
775 1589 337197931
1340 1493 896905878
359 1066 625747632
1664 858 894189799
1323 1378 939886994
1629 174 35225462
168 956 132625103
778 1397 520901840
277 901 844895679
115 1724 719776476
280 193 785020584
357 1088 930002259
890 1211 942501969
947 802 420709742
666 168 955576532
1116 1558 509976288
559 618 812794296
704 150 467849222
391 1765 483918655
1792 1344 638570844
252 118 753910011
1441 1047 331374131
423 646 176528295
1757 117 229274272
805 1753 760591411
1817 1443 292572343
1012 1978 547788832
1191 665 258618617
1335 1471 195150094
63 457 706587658
1739 1305 737594770
1320 335 778847142
1463 895 171944781
118 1592 207346902
562 737 998311481
934 850 802190174
1322 1458 462005062
1787 587 762936441
1862 1677 30241829
1770 1185 984580295
70 1470 513347170
1502 964 423513990
1936 397 952817592
1698 1031 328821504
666 1696 913895328
1978 1300 618134084
795 818 966346283
1633 1479 620061208
391 460 665074705
63 1444 831501613
1392 1040 458573320
1311 1641 796609428
1185 1265 378864986
1632 742 959693168
842 182 880229809
1799 624 233812205
891 224 329658421
1372 1313 554787696
1084 514 261095896
169 1567 190452240
1853 1885 674924272
611 818 980228419
70 1728 397670917
1599 1936 386228700
1272 1059 159566316
77 1326 986352948
375 1200 822858516
352 437 564385959
1562 1774 761195551
586 687 934704194
1818 1706 324164532
320 479 550061242
182 1253 329832850
1792 171 202760351
1184 1896 70535401
1604 184 902257872
1538 544 666849764
372 741 737316401
1923 1432 363071114
1029 523 683990171
1471 580 467267270
1576 1779 488234772
729 548 208501187
469 815 511721279
589 1951 420867197
608 108 627959829
611 1393 845735317
66 1526 808446421
1282 1031 46435940
864 1348 853603641
779 1949 287350097
1084 1322 409844714
1298 680 371349863
555 701 117750324
498 414 379732257
1346 693 693262333
159 1454 991980680
955 1315 853443827
574 343 106508415
771 532 532542980
553 1004 352402781
944 815 709351443
1611 767 955904188
1437 591 450598375
1563 980 507709072
1730 609 748708199
570 15 435560314
1910 1114 639201284
653 1380 433224798
357 982 927906421
1790 1120 928589106
1472 345 688362410
1838 156 439358745
1571 654 497427194
1065 1077 472010672
287 105 591325086
640 852 723995558
202 1663 893752162
1136 858 750479506
1414 1360 12780185
885 1095 865140224
1169 1014 799121744
396 58 204049356
782 1655 949508551
907 1386 422428595
105 336 2573852
280 1472 748476966
1112 1820 544639817
278 68 593099873
1860 1326 28967760
891 1515 492724668
1470 1013 734485684
710 1684 199537729
157 1100 899875115
1841 677 798767229
468 1918 63137680
84 852 930063515
55 1558 365057310
1825 898 345301166
705 1844 546603483
768 610 840364621
582 824 151503441
568 1604 960297828
399 25 892584067
1583 226 368063561
752 832 573626911
625 473 500339981
1122 685 516805103
1655 373 991449108
1601 1759 893240981
252 1881 263264744
1395 100 158833783
1763 341 474682441
447 641 609135863
796 1324 941232776
1655 772 532621543
397 1248 211581716
356 720 305910844
1350 1236 367383125
1004 1339 93252865
1247 826 65875128
1567 671 756512653
588 1020 78437386
1631 1771 252930039
828 1706 544002570
1413 138 340601546
185 1244 940366904
107 1079 875168501
1159 37 797341427
644 492 486628101
432 731 457618370
269 376 933480853
1170 1232 927709425
663 1127 182227716
832 1796 134248543
444 83 529438824
114 843 211453334
246 981 525397955
618 978 207270684
1475 928 875817844
1482 220 460562696
212 1781 770588400
101 1479 182301399
648 769 230890673
631 524 882276992
156 935 965642606
1128 1233 775392965
222 226 914203275
1520 1245 569402571
1651 563 760461778
700 932 883173100
1238 924 153828963
653 483 950878924
1040 661 242062057
1239 1926 278480554
1126 101 257515790
1203 91 239684088
699 514 38940208
1626 1826 850655532
1784 866 995701076
944 764 202669272
986 1568 822554714
853 954 808702968
1972 1300 987759218
1326 315 430641546
679 580 863095246
124 1066 254142308
1489 628 428837017
175 1674 97969729
112 1609 324771623
1850 986 753794844
1455 1611 222739821
658 162 503394753
91 57 890706866
1858 1030 360240288
1796 152 777167494
1454 510 374863843
1454 1015 407059443
1751 1120 856083395
1942 1213 559367154
952 551 553293335
588 1594 435619360
230 1087 449955629
1211 776 716854449
1189 232 29632477
440 1360 814577828
1094 57 878936282
1889 1201 391170872
212 1907 407634251
349 1008 367807646
791 123 469503642
1596 467 987437551
791 1492 443843466
535 375 295508063
106 377 713732239
1703 737 6049715
1797 1885 641328473
1081 1915 324115952
73 599 938567601
764 930 668678228
748 329 861144969
372 1648 710899082
1939 552 27959885
1041 1677 320560920
1598 1267 572609407
264 1163 597650971
355 578 912121986
1724 681 247700790
4 137 591729077
199 661 275732424
1180 1207 761145539
1819 493 192298588
1975 558 791429176
1773 478 334752869
446 1853 339776088
276 1749 950890794
1451 1219 784683
629 932 452078079
600 1244 716564956
392 1085 59453365
1192 416 29879619
740 1796 772051795
948 203 634435520
728 1553 332560389
916 1423 37339210
564 566 439186004
1881 1589 9807047
1053 1000 374533783
355 453 373500829
592 1113 663796904
83 959 974994056
1625 741 872888027
440 388 822594222
547 89 320373804
508 132 820976624
1019 1680 311362487
1423 1271 547767170
1498 1178 727481708
1896 961 485084605
1790 853 417205762
1393 1093 346728243
1745 1776 710633004
1155 1051 342384387
163 234 91555082
84 645 316621935
302 698 425152482
851 1806 626088363
1195 899 632144655
1404 1543 610039287
1194 921 836778552
496 25 486002927
459 702 391787461
1888 1646 89482529
773 866 826195855
99 1525 383341536
229 824 340218582
266 1339 536768087
1545 246 113365367
803 807 761675232
1330 882 519722078
495 772 177008534
726 1641 919587640
1337 412 982909224
1097 753 692955501
1113 1287 781990640
739 1610 114914893
1686 1791 934656323
1292 980 678306441
1825 1752 89766154
422 1178 902365924
1026 160 891441553
1714 923 408413737
1961 1109 965129119
123 280 558714463
1717 1556 825541061
93 1125 329014075
466 1575 254072315
1042 180 300703701
1244 432 369176680
107 346 376361374
878 542 580630912
1221 1242 4687505
595 1422 164895572
925 774 563944105
512 499 854320164
1390 1351 720323218
786 174 106828345
1219 1534 157061539
18 1667 651440881
768 1775 10465034
234 907 79540507
1901 160 193963592
1916 470 213726852
1737 1817 416139488
1849 682 381847762
1577 1366 325622090
1814 391 990471055
1505 141 496626478
1529 1327 589221256
1274 414 926213838
1352 1789 262518104
791 1487 12695491
509 784 59321151
70 797 438517995
74 516 785879607
1105 1712 323306913
80 1563 226320969
253 1261 798825519
964 1632 981833244
1017 1332 922889600
1228 880 785008078
1400 1124 309135385
1137 330 569408262
1008 1134 332963402
263 380 866284105
1773 525 875881376
220 1457 151825805
1175 324 238874525
1630 1067 6699531
1010 372 744634282
883 102 399575385
146 588 786688588
372 665 959465911
769 868 240310166
1563 1630 107236264
1558 1072 472415966
925 644 880684228
870 671 779285939
1490 1083 500968396
1504 1163 56874509
1398 945 400580607
661 314 183196614
1633 464 372770219
819 1229 756446025
1376 1962 514494982
920 1483 258601864
1059 31 150143550
1291 699 876022579
522 1645 226195405
1533 398 312641830
751 1600 432597522
1054 925 962271778
737 20 530689309
1837 364 102871487
643 1937 600766410
392 338 628194977
1042 814 483390736
714 181 904900074
1890 1450 658793114
1010 1525 325479407
1028 1414 203116695
936 1964 260193837
1175 1789 627267790
1481 181 182622845
950 589 996628724
1928 33 559844743
916 1007 372511809
482 554 251014772
1250 318 229641792
1118 277 512814055
109 1727 165718246
527 106 395959853
1276 1315 897213926
856 72 336490674
1738 846 691816259
575 1203 661522614
1730 1732 970660134
1639 1355 915147585
1845 745 941226225
1913 1496 898681940
1268 1534 346802067
408 610 62736736
648 572 904966941
1677 887 993859835
1940 1641 563288981
891 1468 766093265
115 1710 558437642
713 501 868499672
1706 1516 472096488
249 748 390945479
1410 924 174611085
921 208 696877256
1820 1576 397050139
1791 989 608975979
1903 765 591347856
1661 137 544863966
1909 776 60917779
64 1625 135361883
1826 1525 416852367
1529 288 323066593
1908 518 584830085
1122 723 294893862
1831 1617 1654302
348 1401 955460811
985 1785 593850495
1653 925 224641233
612 531 835544928
1510 1431 759798603
944 86 188194271
1200 40 33696085
688 1956 108817809
16 1458 845884484
893 1808 191510234
1103 716 77592606
1798 1042 384821886
1543 1398 605383500
1578 290 769969783
118 172 860892557
1016 28 304874504
1265 1344 502417966
1109 1439 415892242
471 1017 261727096
1304 598 912574629
1774 1640 123325800
892 340 538754778
116 1058 484855205
295 1444 543740383
772 1200 781809838
301 1964 704676946
1556 1403 283119186
1257 1800 378129107
1287 560 143642981
856 1126 295517907
1191 1141 899197616
1298 1044 873365682
16 1674 60570921
695 1214 266725129
1912 556 456661347
777 549 514770755
1178 106 864645703
722 499 383062386
1244 1529 445675780
495 548 770233695
1583 128 217609795
636 645 860561635
119 654 525619359
1198 1738 350565236
1399 1793 911730260
1677 472 486654210
862 481 487170101
645 321 197141507
230 120 411551203
814 1578 7807692
1446 497 743078715
1679 324 62061603
74 1610 676758288
823 294 299807505
1220 352 642707226
540 1635 663514619
1744 1300 974158125
1037 534 558398195
1596 1921 322804653
249 475 562893643
1338 452 742297408
1861 1975 403351147
1500 4 64656326
1644 1707 458971108
1841 1022 756341381
35 1593 58889924
1099 1372 306237352
1685 883 126784043
165 1427 664695018
1857 1516 785466654
351 1302 602223502
1351 1559 28118938
1144 236 246402962
747 33 626801900
1966 778 369305635
525 1515 151731519
128 1460 967841619
766 147 429149302
72 735 920694537
1768 1202 652514876
846 1596 288402744
234 284 591261528
215 1085 818244434
351 1941 620069957
144 1624 667404031
1461 69 56132353
276 1074 574192650
796 1649 877467173
134 1152 117690779
1442 144 783654197
1490 1640 319187627
736 1637 873054777
503 1551 136714675
388 908 735136908
991 1772 493122982
1947 1534 72275187
1247 1022 168199714
760 1511 224281329
96 918 165123809
846 1309 105273176
425 11 191780469
975 260 199115299
1062 1507 36207156
407 1083 937008515
1388 430 394146672
243 1019 400529463
1957 1566 790061035
886 1685 577122080
703 1758 4133769
1302 1908 116296212
1637 1877 732023111
1061 1976 637260785
650 1449 909046123
1331 1189 866605045
1540 1852 882984189
757 1296 614125645
1616 1639 295985781
774 1908 105740779
1515 351 144995765
1382 954 816272284
538 1174 292074297
1144 1054 128634969
507 386 661088908
1533 1042 498283740
1712 1849 260360701
346 1243 451769462
301 52 386643346
1057 83 587972383
1822 1846 916076349
1214 942 743132366
1202 1158 706090061
38 1475 416358411
1075 224 319627303
957 1282 310094273
1532 1256 420208181
1962 851 301449816
1108 385 930173725
1615 312 906289667
1945 1500 67425590
1024 231 974598230
214 318 213307959
1309 40 439850266
1298 489 8470065
490 454 669413988
1775 1428 842084798
1368 816 866138596
306 1313 766174586
329 291 572575098
1729 766 874763442
1211 1729 906053902
702 855 691217755
1303 1606 829996960
1200 877 893543749
1078 1146 660984733
505 1161 393585296
732 496 74837109
881 576 609340766
1909 1376 690278761
1738 173 674696394
1263 185 30594473
5 166 383926040
123 1878 661999517
1278 1093 358022444
1960 1144 389375874
1910 1087 326424384
1684 1552 176227129
1609 452 264765649
1697 1087 397303643
527 1018 323485146
439 484 26600336
177 181 228083012
190 246 44274721
177 1123 196385436
436 772 554935498
1382 1006 854472966
1658 548 476881109
664 553 479692657
894 754 896876643
1079 1691 673856523
435 974 103331596
1315 376 10920183
510 1150 126836650
735 367 715361341
1740 1253 269963634
291 333 35405570
482 30 779036739
1696 1732 757196792
1436 687 256838722
1684 1352 586139927
1820 1319 23884454
1583 40 900659340
1811 1711 788656592
250 1911 507768561
172 448 557925534
1369 663 813546175
627 411 817021695
914 353 648697088
1141 164 24958922
256 569 790464328
1572 1649 865382859
1633 642 233940709
422 1429 989290015
1430 1691 820516181
1846 1774 7133633
232 1905 4702200
176 510 183577188
588 284 283329798
1739 628 365095554
1181 800 842977218
1923 354 894884532
1047 293 814833647
170 1082 979090500
1913 1125 872795267
1878 1363 923671296
808 1395 668174746
401 1757 703716432
1295 1383 664117165
1093 1382 958825867
917 953 34710531
999 1176 394240901
1476 1723 781604966
489 315 183878508
77 1871 770241562
543 1510 423256788
546 967 231104523
1437 1068 354809103
1756 43 933774916
95 1949 36801474
1230 157 604166824
1177 1765 603517108
389 50 590914779
81 1593 196531945
672 1019 136179584
509 305 606669551
1475 90 219345065
1928 1377 699210359
1246 387 100563339
1750 1122 199644966
739 657 86960497
1063 1530 369539245
484 1443 862798323
962 897 283690518
1736 1048 730684519
668 1577 901082721
861 295 252146838
1337 5 698936911
1662 1661 795885746
925 221 537040252
521 485 820590727
1705 470 520064179
1575 900 656201713
640 1203 730192253
1825 570 931832973
1124 373 129195771
1143 1446 916826291
1772 1149 363083765
449 1869 423117219
1287 1189 456449074
1862 567 950421245
1089 805 545793801
1704 210 510500214
1169 109 611919160
733 490 266226377
1916 604 831361011
1279 521 650967274
1066 1069 951882560
1631 327 184849025
1117 825 375331201
384 1376 679142038
1050 1730 873639506
1465 1510 348323720
251 958 304329365
110 447 439428419
962 1061 942657994
1416 1158 129850033
1818 564 98909347
1365 1848 930419824
1482 1957 646149335
365 633 274871494
1300 894 973742646
88 1028 10569937
1944 1810 319813885
277 661 699056898
1221 557 764449643
115 185 432743116
1532 1735 133172883
507 51 221214615
1890 959 997439603
105 1519 319025402
1783 194 257402694
970 1728 846889002
1618 1190 947419670
457 1663 577493676
855 1815 302911636
172 1016 709060690
457 157 165350955
413 66 458058340
934 355 373906002
1350 305 126634524
1092 383 138049569
446 467 674323031
1146 1420 572114727
1833 1809 199980170
1815 394 199163258
744 417 918303474
366 1828 455880974
736 531 534320143
1833 1303 579675722
1634 903 157099346
62 991 811933144
1516 1928 326127380
395 372 828086204
414 541 651828170
793 1214 806517672
339 1535 600117879
1950 647 709561997
170 1329 555781217
957 1381 128504181
1438 1208 920755207
1612 1878 496889743
511 948 277997905
1128 1507 743334795
1202 1865 344363273
381 1877 995853352
562 12 882104714
633 1103 164755978
178 1949 290381494
793 634 202370768
591 938 847195436
1827 19 573421926
1633 1565 968668858
272 1477 940834711
832 1285 881150481
1926 1280 517083877
709 763 572730807
877 1069 217744028
1426 1047 90937409
1912 570 125745444
1268 240 647303616
312 1059 367468695
325 1883 745112187
1309 513 493631123
985 445 23337182
453 1465 649376592
1094 973 139033779
1173 416 79435252
245 1776 599352719
1327 420 369788965
1935 1181 246914702
1586 1237 834670816
1161 1497 188791618
465 1558 520321160
1938 928 303340519
656 1394 4888642
1124 60 187386588
1241 1167 262887551
1567 476 404354382
30 1125 681454809
1937 1839 3296566
1301 1463 876457251
306 1385 282665092
1499 452 893203386
1 1217 393365916
275 703 582841633
1438 366 545580801
1033 381 875925197
328 184 809574991
1773 1494 96231740
1584 1516 165091438
1655 1729 236887883
1440 521 680846596
77 436 227946185
1715 492 914943787
613 1066 12334150
541 491 327507812
865 1574 964042289
1871 1851 425628362
58 138 393409313
1474 107 962100106
1172 1061 927516018
768 813 617722514
275 448 541581844
1304 1500 701171848
191 1311 951239327
17 1200 865800701
312 1886 528004777
1471 374 831968994
289 1730 47664219
1353 1246 12902714
110 405 655180354
1591 141 214641424
48 1415 34325602
801 303 653304236
122 281 33628816
699 1027 845818881
1417 699 996523009
1495 1192 677343848
1103 597 715720221
627 183 192571283
1297 873 769714329
699 308 614439099
1972 40 114058436
130 477 123023644
269 150 482685984
1622 136 523832482
503 799 535619123
1652 924 256284132
883 1817 820832159
1673 315 94717265
1632 1944 562090096
789 757 279022504
164 332 991498165
1045 1436 575065005
1930 210 597360721
425 840 932778777
713 850 944982802
1465 1622 143850193
764 1275 149489666
1519 1864 584433755
1396 464 853126397
208 1600 506976397
998 904 326858115
578 919 400262023
1326 791 356740559
325 887 56708066
1176 411 562720040
1713 440 818556201
1852 1097 402686326
195 1324 735211911
247 1782 373063703
1842 850 23213250
1657 1830 936301043
1546 1909 910120551
1772 1243 341777613
634 181 820297031
34 559 338772956
145 430 10808865
1268 819 434488218
858 1009 951722400
265 1689 402290395
1763 1199 789698439
1058 271 268656416
1641 1104 51101482
461 1506 308847148
1823 1521 101559583
695 683 677367000
1225 1147 970186294
1375 26 279055651
487 937 456506277
1932 704 495571341
1761 1098 599557767
792 41 785648548
1389 1093 659802759
811 1574 943854558
1931 1012 494064600
1772 650 842089641
1592 437 855191656
788 496 192971456
590 1611 370393684
940 649 257949376
911 388 364989341
1613 1371 983273466
1206 91 104101148
81 1101 874006666
1637 1722 360750771
447 1771 71977640
1109 406 865831109
133 1511 542860605
601 1433 525854951
1853 121 517678521
1434 803 901438423
96 981 85460771
1003 78 321304236
1359 1383 547987057
1610 201 486134607
1511 723 28408345
1490 379 275734057
239 980 282526951
422 366 454476573
672 424 16502801
859 360 629256632
1943 1778 917886088
1891 1203 700349095
1500 949 447579024
1733 1326 831777385
739 776 25165970
502 1407 499781444
1723 1384 637644337
1769 1105 684168829
1186 417 55166618
1966 715 606122690
1455 1563 715308832
1335 444 408368619
1707 238 360300807
895 1944 643348449
1136 1009 664688543
426 721 773177566
1154 1741 258722196
1559 56 675826390
116 1663 940335492
933 1012 444408884
917 515 827286482
1613 640 325449161
1458 1620 593588153
617 948 912335873
1223 1294 248631203
362 1638 389242199
1926 994 662526139
608 803 516350986
693 362 237045185
517 29 396908816
1162 1389 641109276
279 1922 711303755
1633 519 792835125
1337 308 690736634
1328 809 600205314
597 1940 634577777
501 1880 58380000
1203 1841 424817420
1920 957 832276389
1443 1764 377952609
1198 1485 515433973
1446 1681 180299188
872 1975 185631188
115 383 57010607
281 643 191190141
1091 353 677507666
434 1938 880769649
1881 1707 846273064
1471 1662 920658642
1151 1609 333088443
971 355 825992688
1180 1650 452222281
896 644 33364772
634 979 746515126
1443 1525 615124956
1558 204 729833669
1144 1478 274239479
509 1272 957857922
491 1053 495026003
799 1653 643231234
1187 790 672115875
1820 569 802668367
1742 1738 859974533
1352 1957 621394076
1165 335 626896339
1669 1244 279901632
1360 1747 882452536
1881 1452 542824673
1896 1385 126109190
674 1644 927279727
847 1477 502852167
247 1525 869061204
1318 531 49542161
816 67 162896489
682 1800 659022366
1666 1902 521244203
1302 1051 135641500
1580 421 110656942
1479 1144 563916352
1146 441 914538449
307 1590 985254304
24 32 62883250
1549 1924 592072130
366 216 788998500
377 290 325062895
1872 1895 988623839
564 722 97644237
1945 1486 610673208
1547 1187 295312556
916 8 682779665
89 1058 838566175
305 30 302953810
925 1202 204566223
289 438 416626456
1829 1804 428681355
1248 1754 465541101
1262 1403 635885218
951 584 431118650
1777 307 288841588
889 1696 449122809
1357 476 58207046
769 1466 594499758
1550 378 813347670
1277 1956 38703255
1309 1282 489603119
1235 1018 716938273
1418 1409 746293054
825 148 994620574
1309 562 885790116
775 1402 276524853
1145 413 152501836
1518 143 365109017
1488 1636 283394880
208 419 757881598
1600 1599 978899000
931 240 714695623
835 617 410221684
1525 1541 951302275
367 791 591460811
1197 265 147518874
1053 1807 996657410
1748 1096 708993859
972 86 462201697
1583 601 207155000
642 335 214028675
1970 1663 716484525
1231 1691 365441902
379 1801 393468797
816 854 915656675
1737 642 724772262
412 1789 937008374
893 1952 110916087
1327 417 556251616
888 1068 874486023
1066 1806 819615250
1572 22 550693737
152 546 87893390
812 319 163602461
597 1358 499265650
1139 119 811625033
1732 1453 760187349
615 1966 603662888
301 554 334641622
469 1942 170744641
1184 1512 225801969
740 1116 122895836
475 855 57670292
227 1355 901401521
1838 1213 430614770
466 1604 468901346
1074 1135 546556950
1034 1943 210449963
1017 595 868082746
88 1648 735220056
320 1527 598957912
9 314 325019382
1589 1224 613025281
865 31 994171469
1295 1626 399339886
562 606 979599501
1574 1122 871003860
669 551 362522694
1408 1153 577294332
738 1488 24596509
179 1601 262295826
1701 555 120349884
950 1011 993627068
648 1514 391908874
1453 40 154927982
1118 1161 142841244
1708 880 893937404
240 1070 307677290
1143 1180 84773744
1813 1260 546965445
1680 1000 986201117
232 363 368593288
603 1977 474044404
1398 70 774695821
1252 177 961956885
1045 589 500115555
972 462 206802345
228 1634 488948541
1257 1734 93382382
1599 1102 232365356
589 476 446717330
667 158 671208848
269 1074 648779845
1165 1453 56188876
1220 1928 489016201
300 1047 594247224
772 516 570441164
1525 1609 120167515
14 1650 306525879
258 1325 6665305
1266 886 529590728
176 111 557810090
195 1182 128610334
1944 948 366877452
437 1402 504584595
1740 1752 387133882
1731 1860 6677263
1147 1694 430213086
384 1363 614636059
1033 1741 282354755
285 1017 704900532
892 539 708096846
662 255 273609313
1950 850 167165742
1000 1264 696789895
416 213 717864274
314 1858 480006652
1046 176 354260763
341 1106 859911641
13 770 801271251
1622 1650 34268563
1264 990 750191580
470 1692 604249164
769 968 351392044
1373 1026 505173862
1127 789 322331384
688 1945 822650713
1579 1761 399340207
1498 1775 133290438
568 967 470559273
1693 1619 540977356
739 475 496860448
188 128 857291673
192 74 949208030
1942 395 395436610
958 66 599126328
396 979 971851991
1361 487 238455226
1234 1855 923834290
678 1607 813079587
906 1588 112054543
1125 673 498148115
994 1299 543159265
1655 400 341882882
1677 1267 60677603
157 520 60222836
425 678 336332524
1386 1546 118013034
766 169 971253639
1469 1917 659412763
1370 1039 504213698
250 953 332953828
270 1503 318717254
1915 1948 896382844
227 1818 462644136
821 182 977047403
762 1590 588388349
594 1153 886780348
153 173 92158131
552 390 733800689
1231 806 591188126
1527 1235 340920630
1670 1720 697587281
1887 614 976928730
264 570 195065519
867 630 755301882
1240 1597 26119873
930 1953 364191358
943 1056 821380808
1048 1856 520082761
1062 1701 708548246
182 1365 464233387
1516 291 983366425
743 153 240088090
396 438 856218936
1855 49 290843426
1766 1250 568209377
37 6 543266713
298 1015 469398370
904 1016 518822422
1349 1594 743487992
1608 893 892388770
1292 1837 610087845
1197 1049 496015280
212 368 229747014
1340 922 54608202
103 1703 431607012
1860 1154 66170253
167 1443 978010441
567 218 240008023
1254 1358 775578326
1544 143 764785214
1011 43 835908500
1226 660 948489923
926 1354 248055944
597 875 725172678
846 1795 207231050
442 1135 284380989
1246 1355 619472088
109 1411 640280096
1189 1054 73907367
110 908 933762471
1723 1156 402951419
1656 703 402004407
1094 1702 575006071
1974 828 593961625
463 458 651331319
1816 1727 843790828
1329 430 355690397
1691 738 613392605
1143 864 397703722
995 915 270582164
1214 13 830166158
981 1700 746361841
257 961 87081921
277 1701 197943159
621 812 425015507
135 642 245810312
49 1427 10708290
1330 1200 39356114
457 1625 730569867
352 884 963566857
1888 51 509823235
161 648 165169622
762 903 954792934
1471 1502 194207246
733 1097 398389936
1645 643 5786663
702 1119 545690027
642 1162 579075303
1879 1862 961509321
1266 644 728382813
272 1689 106304947
1885 819 297573397
1320 593 957978145
1526 1501 182955910
878 1509 771343211
764 932 320487887
437 614 268880480
1204 230 788473250
686 983 239714390
805 819 765684352
626 408 265626754
920 1618 280813094
133 1849 776139913
498 1279 194629958
504 579 85561942
1481 880 673864570
229 1519 492561198
490 1410 534114421
1392 744 979600897
1604 1939 329959547
1523 247 941339393
146 55 827064338
1808 616 803521656
804 1741 345308409
387 232 478034646
1824 1860 999400537
1281 1073 383120905
1124 10 631324730
1694 777 583688721
781 430 771326008
884 1442 470509779
1563 1748 435897206
314 384 394592044
1054 368 862211537
1962 1639 219745609
137 265 448469080
683 825 984314933
423 258 588788988
1863 1025 514464946
1719 1618 105366915
335 617 581184845
211 864 666910146
1805 1167 124095916
766 959 63487755
186 962 685833002
1468 1951 171433187
1904 673 495862949
48 1122 12586744
512 207 891890582
1504 952 8846929
1690 1673 952494177
803 1738 395105223
1487 831 657898477
44 1244 846592947
112 752 920695415
717 555 515469032
184 867 769681315
938 300 186948835
696 1847 716460500
1195 1444 381450561
78 724 133010108
35 895 562998384
951 1790 520061238
1089 876 328655785
1196 1878 605515858
1161 1590 153943581
437 347 309430705
379 963 457151854
927 1365 981883155
176 1281 946082144
1359 754 616248622
104 1874 611760336
504 1429 99186625
1166 529 568008676
1382 1655 519641831
349 1430 790644611
75 885 574803888
1796 146 894538759
996 1812 654422509
404 310 264153393
389 1298 375039818
1140 1735 863844701
402 1663 371313058
895 712 691166710
1909 509 872024718
1469 1745 666128171
1885 1218 719246399
441 273 587359970
1782 693 119151501
908 209 234058989
192 1573 600110927
1052 974 716654715
1705 435 418475757
1283 74 467260624
1900 1034 419826738
254 916 819034424
286 305 219324518
1880 1133 466860088
1510 648 249293467
75 858 160486919
394 564 290744647
980 204 810410044
752 1950 961153299
570 1503 893274312
1510 186 822550257
1713 1634 112464933
1816 248 172321140
1469 819 109906127
1242 987 366089051
1048 539 261635059
567 536 912840558
1061 1662 519668582
842 1565 947243917
1205 231 150783704
1555 1893 626005765
523 237 939074632
1538 799 247363109
1795 1024 476759482
391 177 593378577
1248 1832 592403496
994 728 728197077
804 360 383006133
220 1972 184964028
669 1741 433226024
1792 656 964463074
877 194 313297559
984 129 746123528
794 852 864196450
1123 382 806357671
1947 1622 704322915
360 82 147621703
529 627 505663331
280 772 137761296
1513 1706 271007951
53 149 123005857
1296 669 629765290
340 134 443950112
404 1492 24181701
317 347 399962257
1458 1017 287090222
1206 1785 708183403
1946 131 918619621
282 338 119841896
1001 286 144495317
1778 1393 353388444
1582 821 227883522
358 1376 493919689
631 1774 695755262
1732 1632 437029873
1498 1210 92576929
977 1514 257858091
1248 1081 982785016
411 1306 232067002
1412 1168 377960061
483 1212 659843675
490 1839 269402248
784 877 959890653
1928 1236 763074822
334 1957 785474807
1042 1737 133148007
1647 758 545264725
386 733 967621852
1099 1210 625303283
760 1038 517249730
1909 1255 615561390
941 1837 395139673
1453 70 993733144
1689 1270 11338681
642 1032 641751179
1007 1759 350021637
1236 583 186572672
1576 1931 184015584
214 1621 110582561
1476 917 739458847
1854 714 329535004
454 709 458558144
641 1519 498452153
1155 1522 532817947
1136 1229 467710766
1418 606 348572247
1128 1714 686526769
627 913 479418654
1715 1616 700979407
1374 1711 719494548
1218 1835 927210108
202 1672 142446724
315 833 627683946
1292 659 626618844
500 307 484891933
1501 239 761825627
179 711 503943999
1869 1932 784816264
548 1714 458925232
1327 523 22620645
1670 1546 119768801
795 1506 803996005
1950 1549 934000226
515 1447 274611226
277 1070 275801528
656 730 908483890
440 485 449170292
842 76 73250852
1726 406 250746240
1154 1143 659929125
1605 592 277269948
439 1130 930627297
145 1360 212578248
1289 1885 399189095
1573 125 154498083
1521 355 857575524
450 1529 76608628
1855 912 491832979
1501 1364 525259048
19 680 62460019
81 1947 843183164
184 1452 613158971
1164 894 761250139
237 1570 334799115
130 1020 943606059
714 1198 22016611
1819 772 134616547
1310 1058 528145112
1966 1530 604721952
1817 248 726102020
409 667 828113145
619 1189 891426238
456 1735 522178128
823 269 5382794
374 1097 476688491
636 220 556777811
980 1691 849633218
615 715 790037591
978 1869 265205274
49 685 391344994
87 466 354810834
601 792 620107582
1732 559 197069948
16 1622 115965033
1532 1129 146771630
497 958 451208456
1449 811 724904218
508 1556 385592347
1594 1870 183580892
18 1747 107124722
718 1738 720769299
1749 371 53384672
1498 476 34767794
30 1926 628103981
56 1415 985816984
558 405 595971408
587 1312 656930269
1527 633 497534813
77 169 362508398
930 1229 361202876
1324 1907 149154267
123 1262 88965403
1796 561 967643759
749 1471 231050149
186 154 346683008
1614 1038 454191475
1516 1065 152487945
192 1445 445868354
443 181 875562357
1510 1086 365761639
474 309 94522301
1600 210 798244095
1744 738 802882996
751 1460 777642346
792 919 752520353
1069 672 545670905
1390 651 156399118
1738 123 389604837
1256 204 662412511
1593 1019 416460930
448 97 21287845
1409 811 263408053
257 403 208870452
763 61 353046179
1274 896 609953394
1539 120 208123307
1065 1736 117901937
1698 977 495473301
1924 208 898960832
852 1401 232706059
1727 1564 598525438
1894 1330 649531975
989 21 444116143
1947 71 529148685
1770 502 959106130
1254 534 324599004
119 805 246490290
1467 1447 206963040
1138 253 446014588
841 1488 625363242
1182 409 454712337
258 818 71027362
652 59 863896477
1583 699 543534139
1725 942 500237416
748 1517 691496937
1946 1401 99167595
1974 1149 986227663
1540 1045 692790054
1624 1351 654945341
1130 82 953455280
1482 1333 233737945
602 590 85206543
1137 370 178354971
1525 1364 314227145
1955 338 564977150
55 638 484628411
1307 31 813749492
183 272 360986408
546 1343 393219609
479 24 109421076
1741 370 274942891
1889 186 816588755
304 379 988271802
1297 665 931780828
1252 944 132909339
1834 1652 437554146
1220 158 154424482
1445 75 449472037
1409 1460 857817487
1828 699 70126852
1510 1943 47817288
1863 1379 368200919
760 468 714531400
1148 71 646148859
316 1400 669512791
1700 1356 521270573
77 694 48317435
197 641 105114139
6 502 599163950
1271 1909 165102392
766 1512 201496912
779 483 770300367
1291 36 269225566
1521 611 809228123
929 1225 878659428
883 292 789561621
753 1075 426226992
853 406 435028173
59 1583 600229960
1583 1970 542296317
955 783 827162397
1203 1373 335810074
518 1142 822101375
715 448 363860269
1655 951 839650131
415 1448 497604002
1439 1662 811259012
1100 1101 530334304
1427 1886 998311479
1662 1919 708395033
1374 494 263401282
1163 423 480721122
110 1879 282365917
280 1706 2239749
228 1642 586053274
412 1738 706607894
204 425 199504530
727 1162 513545540
1309 742 475431648
1256 70 241301488
905 1485 101845843
350 799 48990083
1400 14 276676702
161 406 725800316
520 1732 245277267
1199 553 682952903
791 437 105607120
1374 27 196522325
1921 764 57092473
893 1725 35637992
847 585 508581095
1732 920 744545070
843 515 22933727
296 395 608074513
1602 869 886490310
1441 357 608025933
1860 1169 853308756
1475 1436 861154882
990 1354 560409736
1712 1542 711560459
1277 393 623751387
950 1637 16435150
1213 388 376288696
27 1814 804605269
343 990 195475242
1233 1605 422089693
1500 217 451859159
1453 1927 87403822
427 1502 335213612
669 154 426042859
1539 1360 957339609
1507 1940 404009515
1641 697 391054464
1536 1921 323995463
1674 332 245072552
628 566 621053685
566 1228 114908151
1964 785 998083989
406 1907 780453792
1252 1538 660466635
1085 1144 617013785
1297 254 3261773
1288 930 633533969
1351 1482 80775421
182 658 492979361
105 1866 654055993
573 1458 493969089
88 1827 691258226
1652 1654 717198845
1604 1774 947365371
374 1292 237458535
1008 1030 477606691
454 866 732880847
1836 1867 858399365
809 1252 805123121
1944 1121 274460061
657 1792 843193710
30 1638 756933791
176 1478 835416127
1235 1214 44413571
1281 22 35522662
1974 1483 538403940
750 675 300405797
1777 371 186585098
7 1326 7163636
1821 1767 106761157
221 78 122634093
773 586 224698748
411 1906 984448650
446 87 590920964
718 205 950665235
427 58 690014646
272 1780 513634897
1634 1753 855020859
1603 935 760805127
1108 1312 724117417
1678 1878 385914274
1288 1780 443487955
1791 1198 426903727
425 1249 136829148
1174 639 893997196
70 1017 138162189
1930 830 805770594
472 816 861425640
777 311 61238866
684 976 189575037
212 434 68627950
471 157 946098427
897 975 586068458
496 641 993928329
160 1883 818750994
601 1524 10875478
1255 1409 83684478
1420 1611 153917934
305 233 47399685
829 1526 456682191
475 1471 664326639
1865 1347 52271164
141 28 184672749
325 1200 450222160
370 42 337190733
1297 431 168143957
255 503 984429161
1688 736 347922518
1205 1387 778795360
280 1447 196070386
332 974 28503304
196 580 586226802
1330 971 220336419
1368 1488 998959134
1951 277 763421136
1648 1005 759728331
716 139 440369219
1487 632 29680568
94 933 173928632
1002 294 516600475
758 1810 344856484
1036 944 868327414
1682 1142 355199021
249 1788 699260590
364 1966 137165276
1034 984 924390621
1455 45 397592465
1623 1284 249467366
1643 588 271118262
1485 349 284089802
1720 1813 397442487
1007 1145 822922681
78 717 395585713
1928 277 778573804
206 795 301489001
222 642 200642737
74 326 497155455
1773 665 829655239
1273 278 757635554
356 498 60092139
1170 1974 668074118
302 1796 733436594
1612 312 594561364
1179 16 21330585
940 1125 624665698
23 1556 280066906
1867 1144 771614564
705 1693 137708672
1911 444 74503777
2 1365 832133181
1647 1399 223589289
1746 465 319028859
1876 1731 412988677
1973 1583 440016688
329 757 586502192
1217 95 684006902
559 1671 952370310
573 1491 86086874
1857 906 913334779
295 212 395311731
1724 1739 128963918
1238 1250 895410486
69 418 681862525
1622 1210 696629769
1590 68 925165179
1775 1662 262884885
322 860 650926368
1119 1045 621135327
740 851 837676128
273 897 973753754
1599 564 573003199
84 550 827114678
713 931 676423940
59 761 270272188
1171 1868 449392428
1183 1410 185597277
172 1555 860343457
602 85 278803911
1474 521 211689131
1370 1972 110332730
947 429 685345830
1100 1484 722983643
1561 490 416729973
565 86 94249160
1604 1738 68725686
626 1170 328855147
1455 604 298189111
1293 238 827094547
961 621 571871015
1590 495 249646528
1567 1322 803182224
927 1916 994462014
189 711 32931460
879 174 800907636
577 1639 167537558
593 1125 914257149
1645 396 975993484
1646 1071 430229495
515 1873 859066450
1712 1820 18142491
1164 896 614561072
620 1875 731104782
1770 1488 687216447
1213 1684 137834230
782 1308 532717592
230 1308 846842191
1496 1856 777810383
44 667 200955902
1056 735 97379103
713 1371 118844581
330 500 326570726
119 267 162033721
155 1944 829778643
1418 1954 821686994
1302 586 253152605
1570 526 88963266
1787 1769 703875830
803 342 606761192
1734 553 902945920
753 1695 178335301
1396 612 276805376
1655 597 576870607
848 492 470797968
1702 971 36363653
66 1530 864059034
1959 689 955736515
1519 1435 243808066
1905 347 878956503
903 47 550999076
1755 235 880663763
1048 1656 977005119
1757 1933 567252900
387 1616 660057392
395 1632 34720611
1568 1202 740152226
1691 191 25123051
274 1238 230445316
1340 1665 561822635
1794 306 240497277
1180 706 870304700
637 1555 161720604
1430 1323 85541685
353 927 419436884
280 960 25715902
1611 8 851372967
187 1154 673024355
1260 1525 989815968
970 319 24962474
1507 1342 203677701
1748 1384 280732646
385 1556 120473421
296 1395 876745677
1855 1631 591030095
143 388 621765448
1188 729 768594748
1101 385 341090954
459 1328 683914959
436 543 758177124
1633 1490 145985474
1265 953 962467286
1194 738 370793603
348 487 57307112
323 1060 242227239
506 198 897562810
1928 1259 376300959
1796 1326 847834842
1874 384 566439976
1749 824 750755285
1902 1597 677585672
1071 451 197779728
1128 337 426921078
1446 264 314660312
961 761 236816857
857 271 542331062
1756 450 932310325
1355 676 59790343
113 199 874112994
1384 1596 57037260
277 235 951608958
1024 1364 504372927
1672 834 136554532
137 665 881212582
1435 715 511402205
269 128 571332586
722 1894 936263510
1855 1537 623531114
87 1587 66947539
658 1111 353636748
410 291 210348643
517 597 811642773
1071 1734 411006549
902 677 62774842
219 1645 875063530
444 1064 958500983
1426 1630 740833611
477 1303 484117918
1175 107 794156477
1877 214 154048946
1 519 374910482
827 1813 521025781
44 1974 366945634
1956 3 856574143
1136 456 27730171
1418 658 579293584
1027 1479 805033109
717 927 417489000
1516 910 490894793
268 1715 297992022
1322 1538 394475716
1669 1055 385883983
1733 1649 904759
1613 256 668579137
819 137 459375249
538 1309 810333798
805 952 217303152
919 1710 154034653
1738 231 549944404
218 692 557303157
1667 67 291154837
1858 95 294927820
295 1261 977185943
1007 1898 809586584
1621 1411 956780091
1922 1355 804423748
1448 1206 974802584
1627 678 761095614
315 669 287913706
542 597 902043535
1015 473 146057930
1379 1734 366582059
1947 1784 980765343
1321 1716 200243594
682 1768 460197716
1494 836 236533238
480 940 581132106
464 751 631236134
1365 772 709570704
1509 914 232622476
189 1716 857526353
1251 356 700773355
208 1857 875635597
1679 102 155541803
432 1893 533784844
1596 247 648658544
481 1541 501113486
707 325 214707816
620 983 39348039
1471 1978 589066980
936 1170 305181065
296 514 77946794
1032 725 521840067
1426 1290 226981000
57 96 931103401
947 780 107984044
253 1916 398642356
46 1871 302271283
1140 641 289924813
1090 236 482900735
1491 837 270260804
1275 1093 699848141
71 1957 555453446
200 1244 277747333
436 1855 380028175
219 1961 613272788
1209 1155 510053405
1768 721 966862839
1926 344 40290469
63 247 724675802
247 1180 411319050
283 1907 604489569
1505 597 948895756
699 1926 454899460
1419 1565 985830782
1757 128 242628257
1675 817 674207804
1882 1813 139952013
1024 1687 203816282
705 1669 797961707
318 59 633574560
1755 1157 665444417
960 1388 203481654
1723 112 65217095
595 904 661630363
1193 99 718537986
1970 890 240004059
480 48 60087826
1019 1655 127197441
1313 1331 817055303
1887 709 639668425
1385 1227 65745785
364 1377 307092634
1061 40 517986200
386 736 859423922
202 1448 82237185
69 723 480651426
1448 924 47524371
649 1336 103489789
208 1080 318985730
791 1830 850822220
554 223 528624362
1454 322 620240708
40 1315 417207591
1346 1965 622687290
852 1629 200740835
1072 1784 965384150
1537 1571 89755887
40 1408 285296391
1142 1472 726856150
495 1268 377129526
1652 1053 990000687
1359 1643 138811325
726 85 472613171
388 1488 555060634
1392 711 103260814
214 1311 414878303
1262 1121 589027961
795 1711 421080429
395 445 193907976
1172 350 934803041
1039 1885 688472768
706 52 687261645
1679 1021 62031468
1269 965 52096298
99 793 217346096
412 1839 278545933
1403 544 182881758
770 184 592614553
1507 1399 481069192
702 1094 188033332
1492 1279 477688661
1076 781 447398269
272 222 353114008
1733 336 42122877
797 92 35131422
1667 1054 177669148
927 620 416221639
108 1915 126898133
581 94 97869655
530 53 434372781
487 916 686971022
1132 1670 408077921
1042 1164 548043381
1821 1919 942295518
723 702 527775482
504 1537 850889461
1867 380 579559871
1940 1840 229726030
969 711 506418734
613 109 843678877
980 257 177571536
203 1037 945174036
259 1125 795815391
221 1252 758432536
1455 1579 389683993
1602 1872 984310070
1918 102 657656534
1697 1279 233485144
308 625 323007068
1710 719 353963059
1777 1588 65047922
1915 1547 605913603
127 709 896622386
1298 1471 697004410
1252 592 385937955
1076 1307 730058229
1895 261 490124678
991 1655 825783024
476 365 598923248
113 916 921283260
932 587 997496088
888 1739 73127023
1567 1537 372244722
1356 1060 470401306
79 53 232353276
1547 1677 53300801
1578 1596 950528727
1789 826 773677959
103 1044 640775960
483 687 523086249
1365 54 135219552
1806 665 916108461
1802 344 520459945
1114 376 913268570
61 4 391013091
562 174 611717098
833 1709 316686526
486 145 990516222
600 1097 546070217
495 1635 816295377
252 1740 988153276
878 899 381193904
874 1239 785950225
321 155 465536169
1910 554 558904536
812 149 654357890
816 332 443391435
1779 1418 217160940
1058 1499 209057440
1218 1893 172652536
1262 1229 185740190
1556 1256 42950602
876 1687 350153587
759 1286 732229515
886 1306 566904388
647 1030 390102948
395 596 811314180
202 600 418019368
601 579 505837064
217 1601 144352913
938 280 665608155
780 1437 232222894
746 1044 53400398
1921 527 815688924
26 1728 954659284
960 1956 495048052
1064 1453 539687692
521 1010 523316611
317 1711 517025949
1729 909 520999104
1485 964 437065
937 201 245767354
1354 90 417309500
1086 37 380301648
47 1664 368634277
424 1762 309872742
501 608 419097992
790 1491 395651797
1879
87
91
102
17
104
5
45
6
60
66
56
111
98
20
35
44
106
57
112
119
120
58
122
93
86
33
80
127
123
96
130
68
49
78
108
13
131
137
117
32
36
105
37
47
42
109
146
61
148
142
110
74
152
24
7
155
156
73
158
53
38
151
162
46
30
165
166
167
95
126
103
171
172
173
14
31
176
153
169
179
180
157
182
183
139
97
186
187
4
189
65
132
192
118
89
101
196
197
198
199
25
201
81
115
204
205
206
84
64
209
210
149
212
9
72
168
216
217
218
219
220
188
92
223
224
225
77
227
26
107
230
174
232
233
234
235
54
237
144
133
29
241
99
178
244
85
246
247
215
116
1
79
252
253
254
255
256
257
258
259
260
261
262
164
264
263
266
267
27
203
270
240
195
273
274
226
276
277
181
279
76
184
282
283
163
285
161
287
62
213
207
228
23
293
67
239
296
297
190
21
300
301
302
303
304
94
306
245
308
41
310
275
312
313
280
315
316
268
114
314
320
250
322
40
324
286
326
327
125
329
330
331
298
333
334
335
336
337
141
339
340
341
342
299
344
345
346
347
348
349
350
351
352
353
354
355
356
357
194
359
360
361
59
363
12
365
113
367
368
369
370
371
372
373
374
375
376
325
378
379
380
381
10
383
384
70
386
387
388
389
390
391
392
193
394
321
396
343
398
399
175
401
402
403
404
405
406
82
88
409
410
411
412
413
414
415
265
417
418
419
420
214
422
423
424
425
426
427
191
429
19
100
432
433
307
435
143
437
438
439
440
441
136
159
444
445
385
447
448
449
450
451
452
453
454
455
456
457
458
459
460
461
462
185
464
145
466
467
468
469
16
471
472
473
474
475
476
124
478
479
480
481
482
43
484
485
486
487
488
416
490
491
492
493
494
69
496
497
498
499
500
18
502
503
504
338
506
129
508
509
510
511
512
513
514
515
421
517
211
519
520
521
522
523
524
525
526
527
528
529
530
531
71
533
377
269
536
537
538
539
540
541
317
543
544
545
465
547
548
549
550
551
552
553
516
555
75
557
558
249
560
561
562
563
564
565
566
567
568
569
570
428
532
573
574
575
576
534
578
579
580
581
582
583
584
585
586
587
588
589
470
591
592
593
594
2
596
597
598
599
436
601
602
603
604
605
606
607
608
609
610
28
612
613
614
311
616
617
618
619
620
621
622
623
624
625
364
627
628
629
630
631
632
633
634
635
636
637
638
639
640
641
642
643
644
645
646
647
648
649
650
651
652
653
654
655
656
657
658
659
660
8
662
128
664
665
666
667
668
243
670
671
672
221
674
535
676
677
678
679
680
681
682
683
684
685
686
687
688
689
690
691
692
693
694
695
696
697
463
699
700
701
702
703
704
705
319
707
708
709
710
711
712
713
714
715
716
717
718
719
720
721
722
723
150
725
726
727
728
729
730
731
732
733
734
735
736
737
738
739
740
741
698
743
222
745
746
747
39
749
750
751
752
753
754
755
756
757
758
759
611
761
762
763
764
765
766
767
768
769
770
771
772
773
774
775
83
777
778
779
780
781
782
783
784
231
786
787
788
789
790
791
792
793
794
795
796
797
121
799
800
706
802
724
559
805
154
807
808
809
810
811
812
309
814
815
816
3
818
819
820
821
507
823
824
825
826
827
828
829
830
831
832
833
834
835
836
837
838
839
840
841
675
288
844
845
846
847
358
849
850
851
852
853
854
855
856
857
858
859
860
861
862
863
864
865
866
867
868
869
870
871
872
873
874
875
876
877
878
879
880
881
882
883
884
885
886
887
888
889
890
891
892
626
600
895
896
897
898
899
393
901
902
903
904
905
906
907
908
909
910
911
11
913
914
915
916
917
918
919
920
921
922
923
924
925
926
927
928
929
930
931
932
933
934
935
936
937
938
939
940
229
942
943
944
945
946
947
948
949
950
951
952
744
954
955
956
957
958
959
960
961
962
963
964
965
966
967
968
969
970
495
972
973
974
975
976
977
978
979
980
981
289
983
984
985
305
987
988
989
990
991
992
993
994
995
996
997
998
999
1000
1001
1002
1003
1004
1005
1006
1007
1008
1009
1010
1011
1012
1013
1014
238
1016
1017
1018
1019
1020
1021
1022
1023
1024
1025
1026
1027
1028
1029
1030
1031
1032
1033
1034
1035
1036
1037
1038
1039
1040
1041
1042
1043
1044
1045
1046
1047
1048
1049
1050
1051
1052
1053
1054
135
1056
1057
1058
1059
1060
1061
1062
1063
1064
1065
1066
1067
292
1069
1070
1071
1072
1073
1074
1075
1076
1077
1078
1079
1080
1081
1082
1083
1084
1085
1086
1087
1088
577
1090
1091
1092
1093
1094
1095
1096
1097
1098
138
1100
1101
1102
1103
1104
1105
1106
1107
1108
1109
1110
1111
1112
1113
1114
1115
1116
1117
1118
1119
1120
1121
1122
1123
1124
1125
1126
1127
1128
1129
1130
63
1132
1133
1134
1135
1136
912
1138
382
1140
1141
1142
1143
1144
1145
1146
1147
1148
1149
272
1151
1152
1153
1154
1155
1156
1157
1158
1159
1160
1161
1162
1055
1164
1165
1166
1167
1168
1169
1170
1171
1172
1173
1174
1175
1176
1177
1178
1179
251
1181
1182
1183
785
1185
1186
1187
1188
1189
1190
1191
1192
1193
1194
1195
1196
1197
1198
1199
328
1201
1202
1203
1204
1205
518
1207
1208
1209
1210
1211
1212
1213
1214
1215
1216
1217
1218
1219
1220
1221
1222
1223
1224
1225
1226
1227
1228
1229
1230
1231
1232
1233
1234
1235
1236
1237
1238
1239
90
1241
1242
1243
1244
1245
1246
1247
1248
1249
1250
1251
1252
1253
1254
1255
1256
1257
1258
1259
1260
1261
1262
1263
1264
1265
1266
1267
1268
1269
1270
1271
1272
1273
1274
1275
1276
1277
1278
1279
1280
1281
1282
1283
160
1285
1286
1287
1288
1289
1290
1291
1292
1293
1294
1295
1296
1068
1298
1299
1300
1301
1302
1303
1304
1305
1306
986
1308
1309
1310
1311
1312
1313
1314
1315
1316
1317
1318
1319
1320
1321
1322
1323
1324
1325
1326
1327
1328
1329
1330
1331
1332
332
1334
1335
1336
1337
1338
1339
1340
1341
1342
1343
1344
1345
1346
1347
1348
1349
1350
443
1352
1353
1354
1355
1356
1357
1358
1359
1360
1361
1362
1363
1364
1365
1366
1367
1368
1369
1370
1371
1372
1373
1374
1375
400
1377
1378
1379
1380
1381
748
1383
1384
1385
1386
1387
1388
1389
1390
1391
1392
571
1394
1395
1396
1397
1398
1399
1400
1401
900
1403
1404
1405
1406
1407
1408
1409
1410
1411
1412
1413
1414
1415
1416
1417
1418
1419
1420
1421
1422
1423
1424
1425
1426
1427
1428
1429
1430
1431
1432
1433
1434
1435
1436
1437
1438
1439
1440
1441
1442
1443
1444
1445
1446
1447
1448
1449
1450
1451
1452
1453
1454
1455
1456
1457
1458
1459
1460
1461
1462
1463
1464
1465
1466
1467
1468
1469
1470
1471
1472
1473
1474
1475
1476
1477
1478
1479
1480
1481
1482
1483
1484
1485
1486
1487
1488
1489
1490
1491
1492
1493
1494
1495
202
1497
1498
1499
1500
798
1502
1503
1504
1505
1506
1507
1508
1509
1510
1511
1512
822
1514
1515
1516
1517
1518
1519
1520
1521
1522
1523
1524
1525
1526
1527
1528
1529
1530
1531
1532
1533
1534
1535
1536
1537
1538
1539
1540
1541
1542
1543
1544
1545
1546
1547
1548
1549
1550
1551
1552
1553
1554
1555
1556
1557
1558
1559
1560
1561
1562
1563
1564
1565
323
1567
1568
1569
1570
1571
1572
1573
1574
1575
1576
1577
1015
1579
1580
1581
1582
1583
1584
1585
1586
1587
1588
1589
1590
1591
1592
1593
1594
1595
1596
1597
1598
804
1600
1601
1602
1603
1604
1605
1606
1607
1608
1609
1610
1611
1612
1613
1614
1615
1616
1617
1618
1619
1620
1621
1622
1623
1624
1625
1626
1627
362
1629
1630
1631
1632
1633
1634
1635
1636
1637
1638
1639
1640
1641
1642
1643
1644
1645
1646
1647
1648
1649
1650
1651
1652
1653
1180
1655
1656
1657
572
1659
1660
1661
1662
1663
1664
1665
1666
1667
284
1669
1670
1671
1672
1673
1674
1675
1676
1677
1678
1679
1680
1681
1682
1683
1684
1685
1686
1687
1688
1689
1690
1691
1692
1693
1694
1695
1696
1697
1698
1699
1700
281
1702
1703
1704
1705
1706
1707
1708
1709
1710
1711
1712
1713
1714
1715
1716
1717
1718
1719
1720
1721
1722
1723
1724
1725
1726
1727
1728
1729
397
1731
894
1733
1734
1735
1736
1737
1738
1739
1740
1741
1742
1743
1744
1745
1746
1747
1748
1749
1750
1751
1752
1753
1754
1755
1756
1757
1758
1759
1760
1761
1762
1763
1764
1765
1766
1767
1768
1769
1770
1771
1393
1773
1774
1775
1776
1777
1778
1779
1780
1781
1782
1783
1784
318
1786
1787
1788
1789
1790
1791
1792
1793
1794
1795
1796
1797
200
1799
1800
1801
1802
1803
1804
1805
1806
1807
1808
1809
1810
1811
1812
1813
1814
1815
1816
1817
1818
1819
1820
1821
1822
1823
1824
1825
1826
1827
1828
1829
1830
1831
1832
1833
1834
1835
1836
1837
1838
1839
1840
1841
1842
1843
1844
1845
1846
1847
1848
1849
1850
1851
843
1297
1854
1855
1856
1857
1858
1859
1860
1861
1862
1863
1864
1865
1402
1867
1868
1869
1870
1871
1872
1873
1874
1875
1876
1877
1878
1879
1880
1732
1882
1883
1884
1885
1886
1887
1888
1889
1890
1891
1892
1893
1894
1895
1896
1897
1898
1899
1900
1901
1902
1903
1904
1905
1906
1907
1908
1909
1910
1911
1912
1913
1914
1915
1916
1917
1918
1919
1920
22
1922
1923
1924
1925
1926
1927
1928
1929
1930
52
1932
271
1934
1935
1936
1937
1938
1939
1940
1941
1942
1943
1944
1945
1946
1947
1948
1949
1950
1951
1952
1953
1954
1955
1956
1957
1958
1959
1960
1961
1962
1963
1964
1965
1966
1599
1968
1969
1970
1971
1972
1973
1974
1975
1976
1977
1978
