2325 2542 792 2286
731 314 602552488
1012 1632 31383851
1266 2259 433462503
2208 2133 820216992
2236 1587 430579289
690 155 713283537
1324 178 353806392
397 740 125006232
2259 2304 156082305
1883 2161 255468796
326 1255 881946071
1658 770 783585718
110 1280 488437670
128 638 42767089
661 1539 749080714
2227 490 819456082
1723 1147 124123378
363 2256 506809143
613 970 34260480
1222 272 761331266
2123 1405 110314163
364 672 652567320
2092 1403 863821128
1673 27 973971045
1202 1931 335811804
1444 2135 451176483
1111 521 157325654
964 1310 902683164
2105 1494 798100355
358 1899 776501933
2098 742 111941505
898 701 56604107
2238 681 765142369
840 918 338577483
457 1328 458174472
293 932 377639773
1469 1337 308533845
206 1540 38857817
660 1573 482782856
2195 141 362521278
2056 1172 721250273
1749 2249 152543862
1826 1302 461617287
1454 9 872086110
642 2010 804340139
1419 1841 423173382
1055 1115 237024237
2301 256 182769076
1623 1232 924255230
1248 1936 417080239
1745 965 430863750
375 1934 523483577
1940 18 401098823
2068 1852 509114332
2091 917 386520449
1058 2209 856573801
1698 489 597369752
407 590 271185213
599 1616 509897204
238 713 207219270
1579 1671 165354792
227 611 709853765
1185 1007 346010965
951 2111 489977557
1478 645 182584528
2095 630 330214571
881 1667 685850882
2018 140 968336158
2078 2080 886461839
1458 967 590674409
1103 1834 753542074
1592 2025 460759856
547 63 315326984
1443 1505 85326272
149 1186 232724514
2267 737 675663259
1001 1428 942788863
203 60 652009650
2123 1294 552847682
813 2292 982968308
1720 2243 626242016
270 400 684750471
2051 1091 339069189
2180 104 169409876
772 514 811959608
1535 1942 132477641
569 723 840112316
166 1773 522013913
1071 1556 617401145
418 892 93383495
1393 1333 47396764
2090 738 954523172
989 2036 666879547
1837 864 702012054
1913 1894 509615931
984 237 669560282
1635 2090 701733685
2189 2077 958055051
56 1914 212460567
2125 341 679859747
815 237 261926472
195 2279 808245442
883 1270 443817999
1702 2078 704566574
1058 401 487292725
470 766 653084955
306 2052 902018280
9 2106 46911403
928 975 326619105
1483 1063 66893367
1564 1498 437261513
1668 1731 120988495
204 475 568374488
1530 113 570762751
793 895 718265535
526 253 462831956
855 2073 613550024
746 1205 741593118
1096 11 256066362
2034 2074 995671286
1037 155 912635393
1096 1745 696312962
634 708 550916750
1031 1167 54123511
230 1474 347311356
2005 525 754272223
1618 427 418282355
2046 488 147945755
1239 177 717867217
1067 361 679597099
2247 1991 988218246
2121 1600 533472941
960 530 658378431
1362 135 180503331
1700 1068 828749254
1808 474 636623609
423 2267 425040808
877 1583 635034821
1375 604 523306775
1096 1897 451124944
1412 1449 101154962
965 1788 311182292
2046 1367 980263618
1040 2053 617937415
300 2199 809480487
867 2316 574090328
1267 389 257303283
2102 1991 116918775
2318 2155 8314421
899 1987 115368987
2280 1667 357537082
252 1845 466847231
2271 1865 245338672
747 1942 129328428
1947 1842 209441547
1497 571 343816702
488 1349 866500523
144 507 595074144
1661 639 970610750
1148 480 920418009
1607 2194 588890083
2186 59 264391116
2102 1260 113716111
1551 797 92068603
1739 1328 943638836
1982 1870 407677260
2102 98 87757599
241 300 378279632
1408 661 863180705
1727 1267 978712320
834 1850 419740401
1008 2240 845772617
1403 320 384018256
74 2034 260315593
698 720 68311406
895 475 41164891
1088 1036 277535500
437 1362 31202257
2095 253 217899490
595 343 793444735
1204 106 350856898
2164 1885 638711040
1687 760 895755516
1886 296 424452148
536 1809 431835140
2097 1617 477555591
1733 957 249424210
215 856 772393081
430 2151 698239625
2269 802 488985689
740 247 271727067
2268 1796 892443987
184 1040 910340779
1320 866 804942765
805 438 436428915
1638 926 329033037
1509 1275 981182439
1344 2282 197406078
1914 987 155693146
721 2204 728333043
1393 794 409944417
2056 412 974245387
727 1223 829204661
2235 2021 245422422
414 1127 20519005
56 1856 78316119
1328 492 826087692
1586 2113 722730123
167 63 678151879
1341 1744 971951274
834 131 896328650
1178 1140 474355756
539 965 260124588
2038 754 527529742
784 1646 448587969
1974 894 400703445
1475 850 611420607
1007 405 917916114
1684 1188 720131491
1477 331 586881960
802 1628 920164821
167 1815 795020811
57 888 690724490
1611 2090 823508682
192 2033 739182953
1972 965 307893774
1976 2067 855264368
833 60 617613283
1012 1209 782856985
1798 744 595939832
1034 1657 183496120
2040 1194 46682018
2149 2120 105795366
2302 2133 804043814
1239 2149 772377763
1900 728 395120439
196 53 249554936
477 841 405960125
1920 1676 643063260
1958 788 564790999
1276 1783 81874584
1909 1116 123079459
1124 2004 45330669
206 529 399169084
1404 168 94073653
1446 367 359258756
1644 2107 272434375
917 1845 594319138
849 1956 731296672
1386 1376 8629838
293 1614 552867902
169 704 327877067
559 2221 547164623
1939 865 628892597
718 272 884079243
1958 527 796113788
370 2246 998972509
1700 1823 309922608
1532 1295 212654536
2112 1437 308712702
1644 723 260574984
1941 1191 695380730
2087 652 844596599
1200 948 368170782
173 1080 389977394
358 2252 856268178
1526 1080 572481276
185 599 16247597
92 1798 478583906
1710 1419 931898939
229 1289 339877406
727 1754 203844480
1900 1134 873340608
1962 1994 104262525
16 53 616593290
1849 1411 207849457
2085 718 97116572
567 1034 506351010
1944 268 659089232
73 2115 703087708
518 2293 468683751
1787 746 575914809
2171 397 573504356
1508 1061 160499491
1682 1641 375508152
1482 721 747931031
1523 684 768739358
1887 1288 713396139
54 2127 578006984
1187 503 384572241
477 26 110094011
1264 1321 725396189
1026 1594 764997622
1542 1583 583439044
1306 806 66442713
739 190 253100966
1165 1197 233995205
2031 122 610157709
65 982 37886975
1047 845 148779895
2077 1064 88722393
1202 2256 669700625
1277 2092 16537619
557 412 831178949
1210 297 104478590
1089 2039 356300278
1216 1583 573143522
172 502 563659658
113 2289 194743585
1752 130 398943400
953 2037 839473307
1569 1339 36073922
1436 2082 926369492
279 2147 73398485
1973 2158 889808212
2227 1547 624463855
938 351 252989134
1691 1754 727955441
1132 879 35440004
591 1120 373123990
87 1872 586255849
1812 601 667153587
904 960 508276615
1138 2182 366771648
1721 1469 245785635
1838 2006 116951446
2050 1382 326356254
1652 1098 199057786
619 205 468520733
915 1739 904310105
453 335 658280428
740 1272 908132949
1226 413 766513823
854 2160 610931072
1388 1949 982578682
1840 1256 671663846
1404 755 686802194
1922 728 108470992
136 2090 129880115
521 2145 734721863
1652 548 210878980
2253 2096 28261847
876 37 574590697
882 1332 262722964
1285 1114 984469160
848 1032 578777954
1109 385 799417934
2060 1798 919852144
1784 585 127024211
25 1231 752676100
2114 1792 820799740
1154 451 975859581
1296 2119 896713984
1587 919 632439702
1240 1790 449242734
777 1181 525568487
169 746 271144909
166 1945 911419825
1046 2046 372516740
1412 1105 232605402
1345 2191 261548924
1568 1476 80825398
2284 1044 961111811
1536 540 602363911
1290 1104 602488051
610 160 440880839
348 2030 265105939
862 771 284176420
479 170 130574268
1436 137 150953547
988 228 768428735
321 1255 342510441
169 167 582668422
603 245 537391982
779 72 744711288
2127 1858 519041043
2307 1314 917027234
2001 1679 112560926
1810 1219 678235795
1462 1320 257658596
425 11 714318214
1795 320 70470927
1366 1591 51310790
2155 376 533705633
243 1415 677717326
1642 1592 609025080
1298 1270 655897007
1914 2019 513726355
302 1837 817794870
2181 1368 164237652
1017 35 295646029
1436 1711 195470855
1769 102 135273761
2101 470 191208290
1453 980 542953349
214 1552 838210254
1866 1652 553090837
1496 2271 241354278
269 1448 464526494
1011 1368 590543037
38 1108 422550973
2233 759 501189285
1032 299 540939205
1970 141 488158766
618 1258 687795430
907 825 756316589
595 2166 934302602
1286 1146 957248382
1572 691 293042178
1582 61 430755915
2274 1861 891415137
2240 1420 301331853
108 1525 499254440
2090 2187 609943122
920 6 10881315
1164 970 928619585
1082 1151 500130065
747 300 196662491
379 367 324064650
2167 1969 809037059
1453 309 635189405
2269 2035 483941567
481 1040 204803256
1797 2157 931311936
1645 363 339690060
1343 2213 237534495
101 332 137008049
832 2068 909158121
1759 387 284946246
1081 987 822557149
1352 2185 473206748
811 2133 391099123
729 1221 259564372
58 1078 767745056
1731 580 670975366
2265 630 486776280
606 1455 253757284
818 1191 426922708
660 1292 202587742
315 1327 521728533
2020 2188 257430536
516 1237 132998951
1152 1476 448544250
1127 2185 451042474
1320 1593 499963384
1038 463 575896846
1639 1139 520019537
147 1516 135265693
1585 1927 453569675
2308 692 806848446
1364 130 257716800
599 331 996310135
1583 2141 631445058
1561 279 463659571
63 291 698590725
429 1809 258239173
1262 387 89121598
2114 2013 345214380
59 852 822830023
1928 247 266357400
281 1424 626241989
890 2093 100173356
1323 2270 509566476
176 2069 83600134
546 2173 145918657
1686 595 361420539
1090 507 646698048
115 712 417996454
1142 335 481211456
1671 425 103802660
640 2050 298194741
2085 1743 683688472
762 2148 878268405
1843 366 884891125
1497 218 23706526
130 2292 480157307
1062 2267 944632245
1123 1201 298990977
937 1432 356645522
1619 226 630648821
577 2139 524460540
1220 1617 579097377
1101 625 570029583
1788 529 693475375
462 2228 51667558
21 696 191294447
359 1143 756969333
685 1171 458082518
2187 1735 395596342
2113 1938 199091529
2205 928 39606279
919 1023 25688091
1185 675 541152978
448 1315 351937364
449 965 287471982
1109 1223 108872500
881 2233 782741060
1107 1118 23917431
1188 1855 401145397
1913 2180 469810393
543 1395 92894139
190 53 928525532
1785 1346 668329550
2181 409 852231623
892 255 362365448
1507 1129 52795122
1077 1469 326241163
1411 1815 295849793
862 2255 243669026
858 506 998646253
1193 2163 621169702
743 701 26412938
1966 1693 291649442
1343 711 257164612
2114 1104 948770617
1443 1762 832904812
1398 711 848816967
1000 668 376755251
778 1522 441154375
411 2325 5779380
648 1424 905853300
432 1683 505148471
128 17 400874674
2245 2296 349803443
812 822 566163629
990 479 630862228
717 899 731262018
328 2059 39119807
19 1641 805020702
2031 1130 327888850
380 52 632599460
282 1513 700616368
1610 981 275591188
985 1986 600347196
2286 973 905127912
1125 903 393441123
2262 1498 151840897
1826 2083 519119968
1388 930 995161091
1486 367 889236283
706 1003 216163708
384 1921 511575697
209 868 653848395
1018 2017 843351195
1303 2169 169779135
789 1507 969753192
1280 1683 543252478
1402 2240 153348973
1308 357 488120103
2106 2217 612362559
1395 1026 646231995
2091 2249 108349342
1493 141 839271736
782 1242 662826677
723 343 163060230
1091 1959 820516255
599 303 649811351
643 1541 455978285
530 1005 438601929
2060 1140 359211238
1892 1123 796158094
1769 594 907628622
871 723 202393294
1673 1203 581617259
2252 698 610945931
209 772 541852548
629 1709 304092742
139 2107 982706987
1069 1684 325591969
1644 2141 147792510
1130 240 514659141
268 2076 286399657
731 1009 876157957
1481 941 869684654
1726 410 907837507
1933 294 863800168
1050 1411 820480658
1759 775 951855820
1190 566 718731420
1076 242 924462962
144 1525 986817094
1467 185 250301779
907 1714 555795729
806 70 898574548
121 1549 275613635
901 1918 396057347
1514 1362 700036677
538 67 994685983
579 2304 83427279
1902 1796 625082461
543 461 256310593
1066 1651 624896745
1407 1439 484777428
1696 2311 692773162
1597 939 541755889
1644 1515 799540298
371 1451 857142880
917 1991 692808949
874 1644 975695781
386 267 973003616
1027 2227 890802086
1479 499 670338444
1277 646 840672145
353 1056 159256523
2064 507 455136252
1551 604 213608323
2285 1420 372129613
2283 811 715736625
1116 1504 479212635
1057 1328 241108656
164 230 513713493
1521 786 850314427
562 2090 408543458
844 2088 698292400
1346 2085 635303306
2067 378 770004374
1999 29 937184595
1005 1848 479808353
2130 1444 700796335
2323 734 757023092
171 1679 551494037
1653 833 946147174
56 541 458791405
48 498 913864200
1118 1338 219049520
2317 2223 798834343
749 811 364168527
239 1049 254289037
930 587 988788436
819 494 771324622
1199 82 743084103
1038 1442 886415936
1904 2228 233230034
723 859 520749002
1627 729 593278759
751 55 350565089
2292 996 862583201
1221 1930 240450640
2138 509 164703401
992 980 31126839
772 461 912086363
1951 634 13168725
1716 601 380177512
970 2287 603496329
1182 1094 734638909
767 1519 526618517
767 1650 405781348
2038 658 449512485
2115 1136 756480554
2216 1833 683270671
450 160 235452546
794 2270 745815004
1148 1775 201585449
1987 46 850618503
274 1501 877642506
1509 753 609153156
488 1473 259020259
535 1888 382468355
2174 815 616955175
566 1687 235577205
964 11 639325478
1461 2035 988755279
54 521 964739691
277 948 163862541
2087 1619 325252452
265 376 711017849
597 555 710377032
2179 1304 115397164
890 1583 624121652
1122 147 708762709
1518 38 325743255
1557 246 724511928
2244 266 354346960
1770 1390 288611833
1854 106 74160149
1175 2201 398403611
191 268 531486102
602 1779 603510850
1313 1622 541736161
2197 68 513676992
1044 1754 664373896
1156 1320 294828878
1517 2221 237332736
254 1822 536405401
2218 1253 25842892
1542 471 884084736
1742 380 120757977
804 1906 15018140
981 1113 560963884
1617 2176 829988480
328 1568 789598650
1427 2093 7502657
1029 1338 219860886
976 1662 120449208
35 1881 926604369
838 2247 561105670
70 1720 165608861
1447 2253 407191768
1478 1363 859734323
2045 963 255662571
1834 298 810881270
287 1801 184261586
146 1255 741019992
1258 697 785593590
1510 2318 179762684
1755 1412 478924254
405 1604 141681821
723 2191 740479153
125 578 977587757
1530 820 28333304
1921 2284 971458113
1110 1422 690027431
2265 2107 331604139
1240 1609 499413853
1580 1214 968502120
1988 1898 531212522
1827 1428 185212092
2189 784 339156498
2158 329 686875035
1861 1633 630241936
44 2068 63686219
2064 311 588533085
2043 1712 9048902
92 2249 727871537
2280 633 363086436
1609 1006 839208266
780 497 59741753
2270 179 293476715
1374 152 716577723
268 511 123975719
928 413 886569512
1540 1588 166648926
1156 920 829399846
1436 1991 225740552
917 200 823024939
914 812 949190193
478 354 705313311
532 1845 626982980
2324 2032 20833342
1906 2200 279394699
1087 479 161510211
1823 454 26224630
551 1806 558841794
556 1752 533712154
1168 586 902737109
1245 53 861296764
534 1032 807368186
1544 2176 678916112
767 361 560244539
1635 1205 366814972
176 1536 694775695
438 659 970094241
417 1358 799477632
1390 1245 40029146
735 719 768648717
2198 959 563960966
1418 1713 471753681
1165 829 17735491
382 820 497268324
1165 792 455987069
741 1122 430199808
289 1756 370692518
2245 755 337688423
364 574 422281670
1316 1299 464583684
227 2136 586042422
71 321 452426320
2072 444 532124327
922 1256 770820215
1210 2310 903339369
2223 631 585560378
1592 1087 483868906
2225 1079 328612631
1674 1609 550166396
1948 1082 533921702
470 1016 329224026
1242 1608 47685957
805 1430 268781804
1770 1723 28753655
1702 413 268959561
664 2099 337162889
1352 1753 304667902
697 2095 227411190
2234 946 18007821
2172 1745 374461196
325 322 972002872
1279 1386 3860046
1098 202 942961790
282 1745 776630300
428 1264 671612646
2032 590 57919249
118 162 169559930
1379 1441 794970796
1810 1926 471973782
104 1354 437242161
1895 90 811119714
1983 2248 894667217
1720 655 537168796
217 372 67762440
77 1472 888045722
1819 2256 547534662
289 354 193500047
207 1520 433644497
1245 183 868762380
1505 48 493539817
323 986 232864202
1477 2279 575100972
1007 695 162070182
2170 1163 314224699
117 260 602894572
1554 1051 361923742
1914 1107 315099351
1054 40 561674980
432 66 392408152
857 411 41521678
1395 1608 468146710
1745 1946 868931373
1562 1598 936036534
38 1310 285482058
477 528 499922523
511 442 535780741
878 2208 691395184
1768 1816 921977472
599 1652 250919332
1426 1646 510745085
1652 585 57951286
2258 166 835920837
1901 1379 351262834
2117 1474 645301451
955 2150 337600890
2057 1562 455648657
983 1149 669447241
2114 1165 4176075
399 1308 342307061
93 312 300326465
1599 456 385472564
824 1838 142205945
990 484 362729760
1327 336 908568468
750 1729 660210494
609 421 81599480
846 766 252427452
2272 1597 316291887
563 425 206189305
1917 1751 461704334
841 1329 735193419
1717 261 716828441
882 406 777561083
1139 2194 24241190
915 2005 789375380
1430 2008 170762815
2203 2128 880469085
1051 619 407071820
970 182 581619747
2288 1342 569650417
864 14 131638331
1236 746 27009589
1507 1026 134726086
403 1851 497839971
849 442 486634550
1007 1296 338166068
1102 1271 555902481
1173 1854 602742829
1031 180 117681653
989 2172 584471878
2086 1337 750875611
2095 1786 851868876
2253 1009 659572895
433 1961 939803527
1258 161 564895679
164 1360 926235167
68 1518 295304546
1031 1305 407460539
17 1894 442471580
2014 699 527945450
1400 605 729372656
72 75 670085574
1549 1946 324616213
811 632 565104726
1639 723 508790525
1507 2284 517055028
751 1595 483031826
932 334 936843887
1247 2298 554068674
62 1094 423282354
2166 346 466159165
1653 1549 278636197
1144 1017 741654909
2107 545 88070035
2239 626 64459398
152 1889 384344140
266 1499 817466351
738 249 390760780
1814 1877 23421344
590 629 159352604
1000 1626 455138780
436 381 73604343
1158 266 617961601
2003 668 593597873
627 1923 635504782
87 1376 751855316
1672 1255 223414246
1920 1487 210723340
619 1245 744829779
171 1225 569901764
983 2179 358978765
884 789 445708816
1550 1104 650070011
1920 196 442740941
1704 1846 601675001
1709 2003 169851398
2292 1544 521217883
1375 185 251677081
446 1334 972787569
85 1187 105715993
2186 301 504664012
2044 325 788849910
1403 537 413264641
1624 1789 125765083
534 360 765463980
1078 260 274337367
2314 620 312254647
1514 923 890157758
1953 2113 255910363
1504 1281 749954385
661 452 248889447
1665 172 267299996
1582 1196 169237056
435 1475 931075103
1713 40 70481704
1296 1776 533304624
2113 1529 483985474
1031 420 332641311
328 1644 147209173
80 52 847791515
2264 1555 503358800
290 1660 406417491
1626 2061 338094477
844 1830 719226592
671 39 36163929
422 2214 46181857
1467 1407 53503028
1264 136 635524199
1582 1134 918670164
479 1266 528862867
1485 1646 923832048
2140 1873 914328702
832 2321 49962426
1697 1474 259907928
1061 256 41399468
741 2065 985628371
1409 2166 831144711
1168 640 664118465
2053 1825 14676632
2186 1709 767929083
709 989 626362429
144 141 162128773
390 1868 185229991
840 17 958138607
1640 2255 915588448
254 1774 480739069
446 86 854729231
1370 1852 740092810
1264 223 567893498
1718 335 617117096
2068 1903 981730253
1955 1606 965943052
1508 388 854194073
1977 1364 530229673
703 2085 275142942
16 2177 23338394
494 331 707825741
1673 477 895851332
1425 1263 974903303
368 1868 51894203
163 1693 157306667
688 1054 233593701
2010 1351 145421775
440 1474 363203292
309 2115 623067340
1565 1845 806352408
549 2089 868382080
1296 1356 326124493
1258 288 408320462
811 1883 125124370
692 1097 971892841
2022 729 169378627
1913 102 742127954
1288 1560 191151143
1583 1103 489276574
892 1736 905702996
1353 479 277445500
1968 491 475371473
209 1029 268330358
554 1305 146979069
1300 2079 83329015
1980 1707 763054000
167 821 625126924
1327 2088 94040223
536 825 580680302
2210 676 598448388
913 282 653672896
433 806 871290494
1475 2029 880768276
1495 362 869197621
893 1147 661037235
171 1215 797502017
582 1164 541596957
1117 409 168694348
1040 1847 195483726
1022 893 252376181
1212 841 184714563
1416 87 207012215
69 1593 367955387
1508 1925 3117834
2172 1191 774521410
756 806 384820105
1512 2162 256862826
1798 1587 884392404
1978 1928 354051931
360 973 593071991
691 1693 738428558
1327 1837 570028811
1053 464 697486037
984 334 626858204
2090 2235 409762206
1918 78 219700683
1309 1394 951071351
596 528 807833718
175 356 329872596
576 1513 746101909
1682 2093 533798928
920 384 59587751
1027 966 255435185
2232 233 804874189
1100 2220 527200752
1131 441 741996532
1409 126 4153463
2087 965 710557242
1164 1060 852234604
1368 1777 607483786
1 147 231365294
528 1626 164621704
2320 658 852148061
310 1740 171489204
589 2202 868194208
2217 954 481113289
728 1080 734781601
313 1358 148088934
2289 1004 77318364
165 2014 922396912
806 1508 378434201
706 600 135533493
644 781 735559350
1103 1454 824259925
370 961 397547434
776 1948 883327069
1413 192 466147526
1337 1546 54902324
1468 663 523029436
1884 901 827192890
1231 716 398842469
2 195 699083565
629 2150 311848126
286 449 11041999
1756 866 743211827
1098 2227 197093317
889 931 923565344
1960 1834 104029122
1858 171 115923860
2248 1728 501465572
316 1299 943037527
771 1995 878058333
1971 927 723510573
1782 344 541178454
1299 845 780167516
804 1719 625298191
1957 1360 558366572
66 1308 536917834
1361 449 748288813
1447 1826 332388329
2071 1997 374408702
2316 556 731870422
501 315 506390347
1336 1894 346381602
993 821 296024407
1880 1752 489052016
754 2091 21469243
1947 1089 451362964
264 1350 307448109
804 1361 534324342
520 293 937991685
1443 1251 125600060
1457 1757 857290493
872 1282 592737960
1160 926 749090488
35 1484 652253117
2027 77 552169093
669 1858 798141096
299 231 791839972
1258 1881 504336606
1098 723 854263368
2267 704 999043457
1778 2047 903682078
2107 1670 699921927
810 182 466497550
2035 1876 586025245
521 2030 489011584
489 883 876896200
986 2246 167689057
2236 1773 16022734
2168 460 82147878
1669 1504 384865363
2262 687 194781200
929 120 690720710
1147 1985 14789041
974 604 877819901
2157 2226 542025391
472 1267 419253150
1479 1469 694026440
300 404 763996097
807 944 550088470
1536 1162 601352403
1687 875 368302995
851 2053 460390333
1714 76 753924830
1729 1059 116397892
1877 1508 250757694
2081 1506 136161714
2024 1956 137049063
1512 2301 301846198
1402 271 891576700
1965 1842 35779464
1073 853 639710933
296 1381 748052304
2289 853 181147905
1832 273 568818120
1053 2284 667515790
185 840 784811551
932 1946 857490951
2051 814 627437088
946 464 816419773
149 663 406103955
1120 681 337551818
2054 1575 873351139
1639 1521 329896787
364 722 126345216
1668 239 446409228
2091 905 316780166
1472 1132 174998784
1659 1663 23244318
1153 880 648709010
1713 1652 300453412
1694 1600 900483774
1462 680 911749514
455 1625 301186724
1900 1854 507527675
1460 395 792214599
458 197 140025667
674 503 125929873
308 146 457428205
945 1817 887623578
1764 1116 231805997
1275 1807 881300265
1170 1688 6962176
1164 488 128979834
2223 713 454864273
154 1320 462547777
2224 1681 228927710
1028 960 663055342
227 2293 630770587
557 577 624715571
933 811 938349654
1252 1407 225802435
660 100 287892955
2108 52 49761883
2082 1206 647707865
1881 426 917687813
969 738 547192773
1357 2252 756514971
912 866 966673150
2104 706 254473354
1712 1906 360164145
1858 1584 592166616
1902 1061 940111358
2182 2073 798053991
2057 487 194558683
637 261 304559994
1377 1361 434933816
1218 1993 351561080
271 2241 445741284
793 565 972248304
1096 1646 731137455
1542 1878 266812893
1207 1858 944124239
1811 2257 122048042
1776 270 700636295
633 1845 525757047
822 2070 185475205
2049 1150 892088605
239 1935 696456075
1056 1465 206835567
1510 1603 102979538
2286 1792 483262787
614 267 375772330
1573 2042 213320880
1913 1396 59926501
627 387 524309016
1130 162 946329973
705 828 826689128
1092 195 700481364
967 318 2669470
2069 435 299527075
1450 1116 806096267
1216 706 328130838
2160 2233 441061082
195 1852 968141710
1775 309 829548112
1654 494 823000839
1206 1193 408390740
798 2297 23575220
2312 294 150236850
1859 331 652776551
1114 2062 865076891
917 1130 832748086
1405 1342 791529712
1821 153 342093915
315 736 392038079
446 273 316491612
2177 1183 953261069
1637 2206 471013995
517 1426 8128213
287 1864 712248846
1981 1170 121103952
47 876 912298242
2237 1849 805962871
743 336 468030813
62 552 977071045
1596 2044 563261426
315 319 400822593
321 508 332432888
1130 612 537600187
823 232 300303597
768 1603 605789013
728 1851 232156855
1804 1663 290460229
494 1765 12132365
707 1180 167372760
1830 392 633434388
1401 17 202733241
354 599 635150924
143 1338 292009843
1480 286 806625709
1887 1916 389186611
891 1194 445547021
1990 1857 881413842
1414 216 443588292
306 1646 660697363
976 556 4577169
1368 2142 845090088
1213 1526 69715647
1550 1389 415847035
2074 2123 251458435
1507 958 355138730
199 268 801530536
552 723 495693010
347 173 814823277
1353 2158 954200335
919 1660 275201197
2012 1733 37232195
519 2091 196707904
965 1464 499776023
2027 2099 115103393
967 36 158020927
2218 1797 985309392
1114 843 310823425
921 173 452660346
615 1455 534716663
1192 1710 902993494
1300 159 960381458
1087 1938 184988369
147 235 979343331
343 398 960090348
354 1843 663074581
382 769 719616869
226 1435 976281149
2223 221 223220756
1194 1061 658448342
1731 1581 760714136
2126 1862 324522118
2069 48 145947442
2078 2267 476402598
1067 302 956928240
1914 1444 656945153
1773 473 60091405
312 798 422269658
804 896 254696343
238 227 188069683
1026 2098 487544146
910 2000 429827916
1233 1730 206944988
1439 1216 129955433
400 1559 526481169
901 1679 961187032
2284 796 766450096
2087 2298 729142322
1459 255 216136510
369 565 526756832
1782 1699 813191978
870 594 868777953
2284 1475 388983857
364 909 1176521
1371 1498 184575236
2322 1492 739181580
1815 506 538618151
250 1086 506639228
1197 1259 984416283
1703 2196 360087824
995 1109 971951807
381 1215 834006502
1827 1485 737337586
757 2166 463830922
1345 213 323859837
2054 1362 261462136
780 1407 231667760
931 1558 259864799
952 1609 812335690
344 761 818132391
195 115 873388829
471 557 978090421
511 2242 656790258
796 1024 118077805
1380 1818 236233769
689 1892 509192312
1747 241 481268900
275 1339 947645382
1075 1602 921156966
1365 1967 683686358
1036 2262 443707510
743 627 768149813
1463 1631 770050825
2114 2125 120195395
2149 1275 405319647
97 1805 845177148
1347 293 306908653
232 822 203552630
1626 728 568985403
1602 2070 923891943
1932 1331 474954767
1071 532 864084714
1745 711 389904459
2179 2073 304115522
728 2037 482654483
1186 219 300527710
731 845 119289010
109 1435 624832990
2039 1553 955192509
862 1520 486150998
728 747 461146745
1710 958 390738768
413 1503 106170745
192 254 838473367
1188 493 368889483
555 668 329515442
2066 1074 252891861
1850 887 784231086
2263 813 437338426
910 1279 491058465
282 1456 505579009
138 784 199911018
1383 1726 941270200
1752 392 10203197
1372 18 936741462
646 2002 960975710
1875 1985 15881631
1293 2074 856486060
1924 349 884010444
849 28 923465824
958 869 668276586
2205 1100 750620567
295 2217 711164802
710 1471 679831053
1811 1366 650413817
83 1226 242840106
1500 1490 461602362
402 1492 504009538
1845 1816 474904337
720 345 59928089
1419 234 320717530
1581 1809 391451556
492 1375 450210010
1763 197 502320662
1688 1470 233286892
1230 1577 788560922
272 2103 684448863
294 688 118265948
1263 1542 112514846
43 309 423101773
732 375 908022545
1004 861 355966247
447 1052 406177219
598 1243 333837871
103 1224 628019269
943 658 764536633
1210 752 864218449
2098 1273 507456625
1229 713 617387441
205 337 345150551
981 958 425475809
1907 2159 494508299
745 2279 257413107
241 978 881330122
2173 88 815261362
1252 24 361468600
1246 2172 555629834
2112 399 66385631
381 567 465928359
1006 1630 138871927
2185 468 304311515
1955 1130 244085607
558 1368 295213252
710 2055 213137931
304 2298 548583853
1491 2051 613560888
1061 535 889188788
729 2196 970747004
1056 595 947506861
1119 1952 193806762
1887 1563 638692678
1108 1399 199628948
1175 124 318796395
2020 1070 173722650
1300 2172 143359723
1199 749 747171171
1185 1601 950844763
316 809 949759082
493 1270 514113082
886 1018 986191548
1893 1248 236686422
1948 2231 862317183
964 125 601524589
2290 1975 473738166
2067 683 712947990
439 1970 962136514
84 1913 128753633
649 1050 505230123
1797 708 134871741
880 2004 596652448
847 352 353286298
1871 914 411037756
287 1908 810845775
292 2210 16571914
241 660 313924796
1740 232 962515147
937 2190 855286579
196 1589 983541238
2063 1060 31276051
618 41 997770751
685 1869 746161590
54 1065 599551452
458 369 168471948
1180 2059 276227268
618 1318 672662407
114 864 112384569
1703 1445 105750458
1036 440 435485256
556 959 662764604
1372 82 392375823
2197 2138 793718610
99 2099 680625791
2118 1438 774714828
1406 2115 856631139
1309 1258 68777903
1334 2262 49812129
1644 1267 502291220
425 1159 631418302
93 2202 935517007
614 1811 831481767
1018 643 628947026
437 1722 886140077
1880 349 102657619
908 918 734460625
1464 1174 287226797
1049 2323 704272449
32 1315 530799875
429 1155 331580962
422 761 388680107
581 1102 169620368
2233 1863 37292616
2300 1179 616065762
1015 465 496272312
630 2233 238677810
910 157 133969457
1311 730 362012187
431 146 964869798
876 225 927427524
1129 1258 838065775
381 1629 176239389
2094 235 300632872
33 881 476819560
1311 1332 599569624
825 557 715979259
838 2105 123302485
2086 1791 159804227
30 1033 113152999
1874 2091 415133196
419 1106 585282603
400 196 360947198
305 262 413555002
604 572 895863914
653 697 723629578
964 446 926246982
720 682 739342867
328 2124 653223030
750 1874 638321973
702 349 585075277
1511 2281 609411544
1850 1715 9850450
307 1661 295027029
870 512 431795526
641 2295 64551572
2291 1754 667089253
39 2165 721155829
2293 1843 413512684
1955 1980 657542515
1578 2266 644346075
2100 489 931765255
1904 972 897982204
2039 1043 576375625
57 227 797191715
1355 233 542962781
1423 1756 836770742
658 1741 901691660
2021 2007 310546799
1007 464 658906161
1749 759 627951200
72 1233 251468886
381 714 121429047
1954 1930 658490013
977 2228 462443715
1364 22 672620516
2143 2284 336139702
1807 533 903373860
1815 1058 526401708
1809 186 130679321
932 1172 312279916
1390 49 441742632
174 839 53274732
111 446 667874684
248 417 631785370
1507 2305 793712753
663 482 892424025
1767 1680 552258869
1840 331 269809609
2085 1992 572023212
750 860 631264331
929 1963 669110164
859 1961 213296451
1110 212 308237801
885 263 179744
130 2012 285314699
735 1462 97744280
1447 887 506259485
2155 1258 165475896
2038 790 122818095
12 2272 345447707
1433 1973 801114014
991 1553 317127417
199 2227 833670970
513 1783 886066019
405 1725 323573418
1143 2181 628602444
1080 2212 191358348
1796 1839 713497035
1677 1184 999342304
413 1233 104322078
1277 1012 880287398
1207 1390 506086385
624 167 619731396
334 2240 952793824
123 537 259294765
290 1269 189134906
496 32 255641408
1583 1770 736614920
2114 2182 765745261
837 1841 629279821
713 395 106169886
1312 949 688152718
308 1085 350074067
24 936 461993364
827 318 939320463
1644 437 29282672
466 1242 38462578
1554 1572 314414526
1440 1487 185689767
1738 723 341234222
1803 923 27707519
1070 1477 467689280
2306 1454 880293086
647 151 349723470
959 1355 924340949
1116 1693 377274831
2207 1058 735623312
1967 180 714589401
602 2276 903747186
53 622 928722151
325 1820 989336190
1511 1920 748028124
2018 1211 223823352
445 951 638353479
1854 194 325914443
1844 761 287333352
976 1078 447732781
651 442 566793331
1027 1455 488614400
1797 1609 610565523
447 2114 292764795
1084 1828 291427633
239 2108 168657033
1997 728 250970869
2273 929 401889137
1417 1916 781954060
1512 1685 133151286
935 403 304218924
2089 670 415912256
561 2204 456145621
1664 434 919852603
1434 1264 888521688
1991 2277 677232190
1629 1724 778027036
2173 1190 609615408
1478 1722 569977247
185 1507 125460839
364 1330 581779387
1052 470 530784401
331 2262 969036970
1890 185 873350871
118 1745 903214412
188 1937 590124863
526 828 311612711
328 1072 762938449
2224 352 319940270
419 1801 251425277
1133 1742 379750341
928 2229 492180411
1568 2139 815941764
1764 455 740411124
15 2099 472758843
196 1873 239419808
759 428 473779893
248 762 424355119
1154 1935 584489409
1984 1732 650271660
1537 1737 948377325
1592 1852 739436320
1216 1238 232916884
71 833 284171572
1438 1713 540200731
112 272 39937817
1637 411 597896055
2233 1145 76955052
1130 2241 94315505
552 2253 535108564
1165 2122 130464301
1971 2265 767065902
2184 130 344763240
621 1235 971137772
95 1862 665179136
1869 39 463226106
2074 722 226862393
1205 31 757271393
31 1019 533606717
733 2197 217313776
900 595 804952420
2084 1380 36201496
389 1464 111270582
209 65 944232215
1234 1080 396444845
2 220 879613529
2105 1612 447554622
1080 1381 685789210
2269 1816 19260186
690 803 165197391
2030 2069 164650288
565 2159 726847942
167 741 108929142
1219 410 844073356
775 129 467575017
136 788 4205710
159 1624 361639634
1898 1279 87731074
663 136 937412937
193 1500 107117319
2146 556 790617854
67 630 317268490
253 671 347061047
522 678 950548076
1733 1912 521477908
613 2129 161266657
155 2038 293301530
956 199 140334875
994 2210 192771822
715 343 962912550
1384 2147 371364704
902 1127 622911765
3 2011 313248939
1415 1682 256040414
667 710 890453754
1805 1469 125965442
501 337 876627246
774 730 157946480
2045 365 550744542
1921 529 811057195
225 1628 626878111
1927 1571 207543338
388 1800 720520580
666 2110 379901438
1205 1527 456472808
315 655 104924602
163 1521 535386986
1857 107 546088846
1753 1975 325172792
1126 478 407532981
1867 1910 572495760
2062 2091 416474769
1761 660 354017668
1439 1714 619795219
1294 2051 706044669
2149 1838 899596128
432 1208 588005633
1950 1720 183481777
403 1999 734496824
315 1570 160958842
979 948 20013228
2030 1387 60460750
696 1831 629530575
926 1242 227728897
682 636 575613634
1116 965 113800078
2044 2208 538692820
649 976 717511739
14 764 638456392
1594 28 276623226
1623 1502 172860762
1031 1751 740512274
916 637 336715652
1536 1845 368313598
1524 1117 216881405
1946 728 316308629
328 1268 391698561
1444 2152 341886442
439 889 958547287
1738 524 16114805
2291 116 54350736
1246 2128 54133746
440 1198 497447564
1839 251 970839689
1980 767 429823938
1237 1653 252006702
1093 1615 964315583
968 1621 898057802
535 1578 632580462
1500 1388 554240154
2181 1633 185260954
1605 1212 119927383
244 2139 278833329
2108 1576 317124759
760 531 189869259
1454 1066 917230835
1989 15 858281961
1443 2206 415910760
1121 1403 493275265
1277 899 265682050
796 1156 827097146
2179 471 224000950
2091 1050 345844979
947 2303 74716176
467 1304 507825673
2109 310 688953101
1345 1247 522267609
1124 731 656004041
2210 1287 569767811
552 1656 375231069
1183 665 694563057
852 1927 803081090
1183 1666 832934679
1756 1132 36425337
1644 32 185038459
2296 835 943904559
1665 1352 57189368
522 1062 957539483
86 1999 850985918
1667 1172 186512747
358 1 916642972
10 18 909522142
2092 263 670517633
1370 131 835483123
409 826 128465727
1758 1531 268067523
328 2143 624669330
37 2261 19107883
2093 1860 690994273
791 1359 128895917
1991 272 237627971
584 1752 821246359
1910 1549 469172548
204 1781 101185893
2029 2160 181167847
1576 1696 691313763
1461 339 991681647
1185 181 580447382
546 1325 210181210
983 1924 749815260
771 4 795088941
459 284 937757010
741 1332 471392887
1187 522 355177717
985 2265 305083151
1378 504 458584971
2284 2114 383267231
713 324 854212291
2315 2164 946017894
1317 1435 802021787
1228 130 427305272
757 1562 13726465
741 1086 501285066
1573 1282 296444093
590 373 317408812
601 1395 234147469
1284 2216 26765462
2179 1107 780559249
283 1497 261768550
302 550 867909097
599 269 572454505
340 2205 815657116
432 1921 65693273
337 1708 321916347
654 1407 304207782
557 1998 580368581
829 330 365187960
2228 1633 605320525
2241 419 703023349
7 264 656802266
1032 1083 553730751
629 1397 653509901
62 1429 506646720
1099 1579 562838793
785 1614 98484777
1746 146 585087246
1096 1076 470505911
2033 1905 184296807
1393 1843 544853047
1469 440 380664710
842 969 446235468
145 481 211552365
175 872 528545904
31 200 773963598
1773 1093 67120696
873 856 522997877
1911 1192 694475227
1853 40 270850149
1328 1561 238886132
2073 1128 752366913
1062 2199 407473030
823 1079 726402158
64 685 593829441
650 2207 586997365
698 1263 805634819
2287 885 500491565
593 1800 67697056
1465 2208 49497112
1549 1562 988642022
1616 156 439813901
637 2186 517921243
1530 1267 436856087
1195 1126 965600072
1720 1316 225534877
1130 613 397392762
967 171 391136194
2252 823 76412999
2298 2210 572445710
2211 2252 630797135
187 1824 723638349
94 1548 839130243
1378 1969 411508151
1401 801 924732651
25 551 16208
815 877 989248419
968 833 795106962
96 1152 127652646
2105 555 260137544
1500 1237 399996110
1642 1911 722797500
2275 961 601141403
1257 2276 814662676
3 1017 106071347
620 1132 259210232
1852 911 962831913
77 737 509286264
1720 1699 560112769
1297 1444 957811757
2294 634 876330867
1284 1542 961539485
1778 808 261655919
1925 2309 66568675
1267 1340 486390113
2010 283 911411855
13 1537 657937461
1452 377 47280075
1862 1885 50824349
1895 2211 848029630
2072 1143 547558673
2100 240 504650292
1137 416 23344663
1010 2202 190763134
1799 1357 71439556
350 1542 918587798
1547 1706 625562498
1150 1188 537724551
5 1782 605132562
2299 1687 338278155
962 1955 962735060
751 2143 431301749
1996 866 121265478
1891 1018 590463697
474 942 834749898
1299 1832 597134409
2108 2183 479358123
592 1233 378856649
1235 658 658852449
1499 1369 363444710
125 694 740019988
575 1464 539714299
1275 726 191994718
1622 741 194290069
15 1185 447788885
1401 947 317488656
951 1376 229390792
1726 1291 644570753
738 2208 472807879
1811 2028 929376726
396 363 194611304
195 1542 41770300
1275 2085 245903048
2113 2230 813486528
725 2317 444076112
1604 91 982298168
1852 119 94544185
1508 1380 165733220
594 605 806142801
1577 1220 724503631
2131 924 842836222
1755 222 127140603
756 584 701779075
1200 2075 389815612
174 1023 737551234
2183 1039 935760868
1113 744 140371649
482 1567 65130528
1465 50 985085488
644 2171 315361569
1141 280 66115370
1679 2153 104443390
1038 1264 974082299
826 1181 671815128
1190 342 397409698
264 497 338760766
1882 1339 974934231
30 2313 29282259
635 711 435866958
1694 2172 897660206
2045 1278 471285821
418 1061 226963457
1254 81 6943516
360 565 75151996
1568 522 303102891
1542 1668 955648755
1198 1846 700879929
2235 1358 814860733
1374 697 29013538
53 1157 213617503
1643 976 777942168
1756 217 947720426
557 2123 521921958
1955 1223 2844833
2114 795 703432050
1844 1778 403929310
1391 770 979850178
1275 363 204083509
432 142 181621696
328 1901 735062489
2090 1545 6264833
902 686 396896574
2146 1973 758971587
713 559 934836736
2114 148 88367734
861 1393 585216771
2061 609 574236797
1101 2289 599214042
1420 799 8118837
692 1816 390017900
1695 2286 410996277
745 259 379247828
952 163 189923287
81 445 6715529
1218 903 315930871
1530 1409 53177790
2154 1116 898178554
195 166 405649419
1455 394 580139538
457 749 781888845
1445 1450 548997055
666 2181 19069897
198 1458 986330008
1476 844 869477015
1118 1634 9996619
636 535 652782653
1862 463 188047585
1126 88 427167129
1869 1599 438330950
2039 1699 496644868
2284 999 873651464
1116 481 536094132
258 1215 315713631
641 1674 868715874
371 1250 99790700
1504 2215 783843372
1467 2222 595277253
222 624 666352316
2242 758 418873905
131 1748 177070248
1045 1000 831270319
1759 1506 83834651
922 657 57720509
1649 1915 588721589
155 1537 979177174
430 2181 17435568
971 1001 775789627
1891 1689 725850435
1822 1207 608334838
1621 2164 345342282
133 217 891595291
825 628 123304230
685 1764 57418833
2159 447 463592161
573 1898 13605008
817 572 351497622
697 2016 269594155
1225 2168 391174671
870 94 606820625
853 2175 580353455
416 681 757796687
327 332 1594258
1952 309 257589464
1077 858 565770738
61 1818 524032904
2030 2000 295377868
1680 403 319840102
158 147 942194883
1901 2305 713724201
1525 1474 988204867
2006 1874 560786685
824 1437 960326377
495 1403 50621318
823 2319 793265953
446 608 249027364
1727 536 828132368
1300 693 305066361
1982 327 820931508
229 1609 535053607
1254 1909 984851274
1263 572 8941022
2123 2026 21708015
102 967 924778133
727 929 456186762
160 600 572230166
2169 1816 207411944
2282 2299 401535424
1977 1367 335713832
1042 1102 402489480
1166 2299 142121560
1376 235 190791744
1499 664 791800672
388 1915 159747356
20 1038 963854622
313 1578 479535984
1244 601 227093714
262 472 310057918
1582 2253 822880444
970 1948 461852400
1360 127 659326979
1757 1378 262165217
201 420 909929689
620 836 578340641
1720 1360 118077659
1158 1089 385035769
157 523 632892349
1593 765 741696940
367 1390 53749286
479 897 456994304
2237 296 423338200
2196 211 469112828
1352 153 987192339
1492 438 809218546
204 94 327304507
309 951 943719871
2219 2100 998804664
2009 1406 736798032
1258 838 535117341
1315 1813 886090089
1176 1637 565181579
891 1410 488092321
856 1177 940287319
1217 641 813513392
1990 35 982861546
2066 2165 127741933
1130 1725 29761513
293 1898 538474257
1981 51 973605525
677 1630 187903808
2208 1400 116590195
1083 1454 475967562
1487 1368 669155374
476 1227 684804909
494 1705 332688316
372 131 687414494
1694 700 724546240
1318 935 674480968
1115 818 337115951
1400 1048 111404692
1648 620 278385717
31 1620 390519979
1 1758 360806233
699 1686 893613816
132 1447 381028831
1327 1657 936714354
1655 733 442475629
925 2090 27226073
623 890 812720368
2137 797 170449983
1223 1261 917755584
1488 1597 274205641
1829 1179 159154945
2202 890 856894646
1135 1504 544555340
638 443 734986400
2044 1188 939819663
590 1390 829425666
98 1232 210875441
989 116 96827386
1120 1636 166560121
441 2165 264086095
189 889 74113328
276 2211 856788916
1772 1952 353100676
852 1278 493891149
2178 1225 895230510
1120 1646 571337843
1968 869 48091351
918 284 176822708
1850 748 914352567
1149 1280 327198749
108 898 274717823
1921 689 479482298
1694 1849 135891321
1668 917 560776797
105 1018 84635884
1514 1747 333719454
1717 2069 965065924
1288 1514 860059939
283 2012 951505522
1326 214 609023777
847 2173 203142929
461 303 227781922
1307 9 528935369
1144 1167 128315656
1750 1226 898041464
1734 1208 51248209
1728 1175 763664014
2325 871 166768540
2027 784 460323384
205 71 922858091
839 45 980295104
1579 1903 178410281
2168 1184 312489267
1275 1086 159934831
1528 744 229712963
2113 1308 981370498
1025 2302 458418287
1736 2011 900179488
1322 1536 936622944
378 2022 975818619
921 1536 413309334
1041 1163 12315269
713 2164 809791811
950 2251 493451118
2084 225 263460215
2048 282 433667178
1870 1652 997601660
2035 673 22160311
195 965 734004867
2074 1964 313511902
393 1932 811919743
890 1661 235830328
1319 1175 995081552
1035 1649 282660787
2251 954 193685796
1708 547 575146454
2091 1265 576943898
434 403 496167938
383 2031 367178023
1131 2302 729281273
62 134 126510653
1692 332 395714212
661 172 684530601
466 588 765576208
656 1455 75993788
485 417 764736953
1314 1363 462372013
1702 1561 96237067
1100 1566 781669565
195 1507 355617317
136 500 960768668
560 1553 951313631
1501 70 584089355
1550 1808 662817294
274 839 555325122
1002 2017 216058886
1335 1007 371442579
830 167 441772384
951 1946 444166606
167 744 953357052
131 1213 768608231
436 1214 74170953
417 1008 62973526
483 1827 546817987
428 278 696938942
1836 1366 670279101
750 1609 575156561
2199 130 445818208
1266 1271 778098
2207 1953 371896307
1865 1237 473978523
1995 1249 347710044
2132 2114 753633408
2090 530 193087717
1358 285 548235124
1979 127 911714627
852 294 528400396
1828 2088 338958548
1779 1021 25324801
816 1220 845270312
536 304 18026330
1234 607 840196291
8 1076 578748106
718 1943 689183263
1531 2186 843033174
1168 1955 123543287
1161 420 571991866
1393 1810 901538754
729 2049 342253069
1532 1311 376396669
1716 1538 515021347
2078 1237 464285613
1690 923 851422002
2102 603 182317732
2243 352 413197623
2124 355 841822722
2089 393 16507034
1491 1478 367392638
1614 2138 854169744
1846 1543 44423654
1140 643 981261760
1224 1140 836041316
595 1414 921559848
1994 1321 207539714
1395 25 290131266
2062 315 426865007
852 1889 524458338
1383 2278 111437571
2147 2023 790944609
734 1704 627718912
229 2144 905874304
1452 2182 61311002
917 738 623807109
333 1968 632359480
2281 1565 320209962
1362 23 85765500
1896 1831 653919159
2141 1277 292126593
1751 1631 888605421
583 1680 807465187
238 684 933568806
1678 825 230147331
744 2276 170489529
42 1858 847431691
1507 755 738390179
2085 1835 64736047
2015 433 763876963
1613 2322 779702070
1417 998 649224228
1545 1978 198520632
2031 1385 390543649
1561 880 961988009
2273 787 721935428
157 854 470873493
1104 333 170433296
1626 2313 203237421
653 1183 75094209
1732 1371 59919489
2102 84 182816690
171 862 194213774
2299 246 134550269
366 1274 843783803
917 2246 183938664
2097 1392 764216095
1975 1568 295372927
1865 1250 769550022
383 1314 311463676
2287 1893 752222517
1843 457 264115055
2261 1526 319558634
391 2106 232550426
1338 1030 412677031
1760 714 284627741
2031 393 132999729
2062 767 161716178
1134 870 120714837
694 2031 965869690
1230 873 401211947
2134 1874 740098584
678 1366 564073886
472 1983 588102301
1112 218 810354475
1701 1062 338836804
1301 1874 917875432
1495 1765 287213375
2014 1622 572007879
2021 1241 601146003
338 383 446758171
648 1939 637268799
2181 1652 107151963
971 1282 392819876
949 1788 725650726
662 901 208207136
770 309 160016263
1466 1671 636773883
317 1080 798086265
1412 1246 783263622
997 300 434944685
667 2031 73352065
445 2256 30544266
208 1385 664281533
195 1974 943925876
1984 1368 383907074
738 1175 89217104
34 1007 556588082
1421 1247 26533704
945 1544 469488045
1013 2148 283680459
634 115 927005431
1700 2044 815682519
2172 2159 50968216
23 542 718989690
281 1278 77814851
880 840 948046229
617 1450 549134138
216 1169 374899171
2049 513 373314288
1590 679 327125817
1922 1214 64090607
934 1038 291557134
1154 773 514533628
241 162 157724478
1845 889 649852536
1194 1853 714288138
2147 1667 950405640
1616 39 225309283
463 236 936643704
717 1343 703208551
351 1098 638550492
1373 1772 420389931
869 1204 87153144
486 2127 101436603
1571 627 80151777
783 1405 642152286
1555 1985 780240867
1969 1107 100603166
550 2085 4660389
699 1982 384865414
1571 1574 731003531
727 1783 191977901
1792 1232 662794843
1609 1237 955742835
200 732 30315042
1948 1508 224965386
63 2051 98468184
1491 1942 370871480
1631 1664 637158210
408 1889 335538906
1514 599 155745175
2123 324 623795243
2098 721 836367718
920 863 646163014
1020 889 143902774
89 1389 440533353
2257 505 275513710
927 568 617877627
724 1857 897348599
440 1858 107772239
616 2247 150988319
1929 2050 192996650
2130 2105 7390656
2133 1904 596601218
562 2041 952810145
397 1049 865644808
1621 139 117242139
1919 2117 257197288
1824 1040 31014143
2156 582 903485007
1277 2292 607922871
2093 1793 749684781
659 1431 592214698
1902 924 353779004
2272 1514 428362469
1852 2170 848157247
1167 1913 936037111
1015 1576 963536015
510 1464 334752795
216 1802 58608851
397 937 875398556
704 427 633463822
1792 1200 520005493
1533 864 589437150
1018 1116 802200375
78 1014 427837697
109 1489 127217967
838 1839 870987548
1783 667 919567815
1497 570 325561527
328 363 10920236
2171 214 364446860
443 1780 326058801
1165 390 280230656
480 478 606956914
1094 940 941932785
1766 873 868355004
1534 605 707166386
741 1422 177316524
1626 452 586089811
1607 424 652536981
2239 379 375492645
958 1831 486128807
930 257 534653052
354 1759 230113356
188 2085 743385014
1879 1216 494568661
212 514 274839932
2252 2067 915934549
1227 1472 509498439
2255 69 635613389
425 1176 680986150
771 1179 153262729
538 331 233206205
1180 807 940703433
448 1189 217770384
245 199 108804002
2081 224 151534977
2154 2090 504103974
283 2116 152632983
2260 481 536113090
2014 647 589281024
1804 902 300559847
1882 2284 995037785
1283 2042 610159085
2098 1621 204732971
195 294 726087475
704 564 198471352
969 598 724873610
1359 1756 189567480
1081 2193 63757779
1383 2062 266829534
760 553 161769190
178 1217 878278367
284 2254 735617205
1288 988 331750324
760 1646 711098289
1522 1210 888712541
287 958 584122987
928 741 258527337
1688 715 842762622
1246 1023 389571700
677 1233 233178541
535 763 745314033
689 912 777208391
1349 2320 52873257
728 1720 611337682
1410 969 730415235
2058 1969 561934056
211 1286 698109445
1522 932 793489755
357 1095 573265434
2133 727 888545183
1006 1656 854705557
906 2042 700938857
538 515 376948470
1141 1964 248852115
413 1663 455054059
872 2250 785125186
1771 69 14397720
2041 150 610030154
1617 1675 658908442
1063 1068 852399312
374 1246 540264905
1576 335 517810224
841 79 283788477
1201 679 755122977
1199 1965 96275
432 1211 131815703
2247 1233 979248753
1749 298 68195304
1987 1348 762345798
1021 841 739838386
1147 492 440473430
210 604 556143867
2192 1417 740219765
2322 1745 577624856
675 831 133659538
800 1583 27827411
1794 2012 932471799
1366 2033 677645639
1049 903 174141646
1814 469 836916495
6 222 566328294
1913 1492 43357599
334 941 408217783
1744 1390 170177265
544 119 28598435
1245 470 513269603
415 885 365029758
1168 1647 386275295
641 522 196040272
1183
750
1035
812
1119
351
528
996
54
829
907
843
257
403
515
336
824
702
145
767
27
381
157
185
749
726
1168
16
1136
548
1066
3
186
504
677
511
202
709
97
323
978
1003
660
365
853
854
1188
31
469
421
38
998
278
943
281
459
1163
568
339
651
1060
409
1204
743
303
527
1197
120
236
1016
992
1213
496
340
452
375
585
634
1146
1181
289
667
809
713
1226
635
1055
556
91
163
638
512
813
410
168
679
1238
621
1091
761
729
649
269
92
115
828
121
478
1177
499
1133
924
187
580
354
755
395
953
579
769
158
87
94
482
1169
1217
366
1240
845
376
1071
301
1201
1275
1276
711
385
735
405
287
159
1086
1022
650
795
518
1130
1289
176
181
534
105
364
1180
1046
796
1298
246
690
831
316
1227
1304
286
327
1113
259
637
1310
1050
215
371
1314
591
198
965
25
505
759
1321
671
1323
439
153
1081
1129
1315
402
1210
1279
41
372
1334
567
939
1037
74
570
239
451
1007
1189
384
1019
757
117
295
255
322
1351
699
575
571
1224
370
69
799
647
886
971
1000
862
1364
356
1143
1219
1058
1369
288
1371
1361
1373
225
866
1358
1248
1250
249
191
1264
263
982
1326
1370
250
561
1244
1386
888
688
112
495
135
1395
1257
1396
763
1399
1207
1401
1101
918
30
706
280
920
771
722
1256
1377
37
173
1414
1415
174
513
766
1040
988
1318
360
243
640
701
1426
1427
578
765
1430
860
1355
444
18
623
345
214
245
277
223
1190
39
1025
146
417
430
1447
461
1214
1450
1255
734
929
630
1455
1456
331
876
1459
825
1018
1284
1139
309
560
788
1305
1198
141
12
1471
224
620
453
48
1337
470
612
609
658
948
883
1483
986
1485
830
219
723
1489
275
1491
387
550
1494
47
373
760
1359
1293
917
582
879
514
680
1505
441
1054
1405
423
1024
1511
629
1503
398
167
388
1517
29
1519
486
870
670
1523
475
65
1510
1141
1528
118
1530
1028
1223
1533
1534
1161
1536
1391
1538
1127
793
659
944
1172
151
1545
901
1320
1509
1549
1550
663
959
626
132
1555
730
991
1124
1559
976
1561
911
1031
1287
1269
273
751
10
1492
1012
516
954
1234
96
358
1576
1259
140
1579
884
1487
99
1218
1584
1577
1246
1474
738
823
359
1062
1306
1593
324
1595
1085
1597
633
1599
676
1543
1453
1059
1604
1605
1606
1407
1436
1349
598
1002
350
261
1614
1615
100
622
98
752
1620
644
231
1623
668
1026
1626
1627
1061
1629
867
902
389
874
1619
1522
64
1156
552
160
1480
694
1642
380
1644
1535
1646
1109
256
506
308
1082
1498
1488
1125
1655
195
1575
1658
436
1660
129
590
1663
1664
1484
1434
1468
1068
1043
689
1671
979
1673
101
1675
1676
997
945
1679
274
1681
1682
437
1221
1008
740
1687
697
1383
1044
742
1692
1029
1651
1695
1625
182
1554
1290
226
1701
565
1402
1684
1501
126
1707
103
545
1631
1711
1712
1713
1714
1715
1716
1717
86
803
1108
1482
882
471
1724
1725
1726
542
1356
205
178
1418
1732
1733
306
472
1736
1737
1738
816
397
1741
1636
233
1744
1138
1328
328
1748
725
1749
913
1423
464
1385
1462
1756
425
628
1759
1446
1761
1762
1291
1478
1329
1766
44
1768
1769
1770
1771
546
180
1774
604
1773
1777
1778
1508
737
1781
714
1783
1335
299
1753
422
1225
1789
1265
1791
678
1793
1382
1795
1515
1797
1798
1580
1243
1542
1802
1507
1796
1805
1363
1807
152
319
1810
1811
1729
476
169
1815
1816
1457
615
739
15
1821
11
1823
1708
276
1569
1827
1539
1829
727
1831
1832
43
1834
1835
1705
1837
782
1839
1594
1841
253
1843
1844
241
1846
305
610
1048
22
859
1303
1853
1409
1311
1856
175
1344
342
1792
1236
1862
1628
1397
1196
833
1867
349
1869
19
1871
1441
411
1367
1875
1876
1877
1878
1879
429
63
1882
1883
1570
1885
736
1887
1888
1806
555
962
1784
1893
1894
1895
643
980
536
1899
1900
1901
467
1903
1904
1905
818
1357
848
1558
1075
1408
1151
1589
1914
1915
1916
1917
1918
1919
1920
1481
1922
46
1924
1925
1926
1039
144
1929
1283
1931
1932
1933
1934
218
899
1592
1544
1939
1940
447
1909
1943
238
1945
1946
1947
1948
1949
1531
1951
995
1953
1954
1955
1603
1957
1958
1959
291
1961
1962
1546
792
1274
1966
1747
909
290
1667
683
1972
1973
1974
707
1976
636
1706
1786
1830
894
1982
1983
521
240
1374
1828
294
1989
7
1991
1992
1993
1927
692
1996
1997
1998
1416
334
1765
404
2003
2004
1470
1469
731
2008
318
1121
538
2012
2013
1312
1079
468
2017
66
708
807
1988
1281
2023
507
1280
2026
2027
1347
2029
2030
1165
1653
70
2034
1056
2036
332
2038
719
2040
2041
51
2043
2044
2045
673
2047
262
800
2050
600
106
1857
2054
2055
1568
1565
2058
2059
2011
2061
2062
1596
1074
940
2066
1952
777
1247
2070
1693
1819
1608
2074
564
1271
2077
5
942
2080
1654
543
2083
2084
2085
2086
2087
228
1184
2090
611
819
687
77
2095
2096
523
2098
2099
581
1751
79
1090
2010
2105
646
2107
2108
881
2110
558
221
2113
1870
983
2116
1117
2118
2119
2120
2092
2122
2123
1556
2125
1262
2127
2128
251
1313
2131
2132
477
2134
1336
2136
2137
2138
258
2140
2141
1116
1013
2144
2145
1376
2147
1417
770
1341
1547
2152
1881
2102
2155
2156
1073
1656
1669
974
754
1731
2163
2164
2165
1425
776
2168
2169
2170
1979
116
2173
2174
2175
1613
1222
1301
2179
2180
2181
2182
1872
2184
2185
1454
648
601
2189
2190
1858
1348
724
2194
961
717
2197
2198
973
2200
125
114
2203
2204
2205
1696
2207
1438
1968
2210
703
208
272
2214
1332
2216
2217
2218
227
2220
2221
1514
949
2224
1065
1964
2227
898
2229
1758
781
1956
2233
474
2235
1152
1421
2238
1282
2240
1902
2242
2243
2244
2245
2142
2247
844
1764
400
1740
1159
1880
1444
2255
2256
1215
2009
1691
554
2261
13
348
58
2265
2266
2267
190
990
2206
2271
563
2273
2053
1513
2276
2277
584
863
2280
292
1381
614
2284
1023
1235
583
2288
804
2290
519
2292
434
1182
836
2296
1617
2298
75
2300
588
1746
2303
2304
2305
2306
2307
2308
639
2310
681
2312
1666
2314
2315
1727
1429
783
2319
2320
2104
1674
2323
2324
2325
