3000 2999 1216 1678
582 868 35141076
1070 523 10612786
1415 781 453441960
2409 776 655147939
1392 2020 969938435
2407 166 303077399
2294 2329 739674531
542 2533 90860779
2203 2653 224647896
1786 2060 337872032
2486 2535 297904302
2704 849 738629783
435 2697 549812305
466 1418 86453019
225 28 592588973
591 2328 393654181
1703 1925 88197204
2480 2342 90478938
2235 590 161571237
2404 1244 600988631
280 1076 597887785
2623 2389 174659633
890 1679 710727232
2201 1707 599534647
430 2900 251030012
2268 1641 337378297
325 2636 672142412
1500 389 374240142
1640 798 475255645
508 613 195650320
356 2691 555222332
211 2282 642729707
1608 1271 619261887
2863 2989 865476695
2135 2589 260097701
2693 2900 96142370
2485 1117 342620156
2972 1348 356036018
710 84 998885570
807 621 430422602
2529 1010 746441679
1077 812 619909772
420 1448 542708977
1475 1747 701738558
2522 44 297620056
413 229 357092944
1988 1636 931675700
765 145 397386525
1169 2807 922705564
54 2189 279373553
33 2268 139185585
365 1004 617680075
918 2391 975311875
2352 1679 580754787
2385 260 742893875
380 1483 63772270
2168 1122 829240536
2307 1221 420197407
945 1229 599447462
1774 1117 328102129
936 2139 573661901
2366 2320 77378467
714 794 15126942
722 817 713671556
296 1809 581808500
1481 445 260586736
2085 1773 878705105
2841 2663 657400858
599 763 962857671
2942 1361 863672842
488 2794 61621144
2441 1355 905644521
1039 1074 138331552
2210 333 660139644
1816 2770 348245363
2837 366 621052398
2999 562 224475202
1995 2153 474419153
472 2691 184460674
455 1209 149741414
1757 189 358581966
2719 467 40704028
2430 2051 105101836
748 1781 156894294
930 673 735454671
1587 2264 143198833
2270 2633 554593276
854 1263 766831109
387 1238 976287919
2720 157 544209258
1452 2236 658725215
2187 2698 966092157
160 2089 478558271
1217 2631 218345379
798 2701 533487079
2343 1489 629642765
1484 842 292962099
1626 480 472859197
1592 1252 972733803
1533 160 297475529
2651 960 657224356
480 1503 223630175
2350 1597 859075173
2301 1538 125807624
1781 2255 324081804
1207 2203 663308976
2541 2168 458997874
2508 1269 679407589
2393 1232 757152333
994 81 508280799
1561 2616 325895382
1560 2703 436422336
1818 2873 802268459
397 2972 842874140
1615 2 983478517
39 560 946254010
1183 1711 945131725
2505 560 4027292
1189 831 260071131
1007 157 394486588
2587 184 712980928
2417 44 413030936
2228 2742 911340981
1694 2054 877896560
2136 1218 368678388
2141 2789 551056206
2935 1822 712233558
1649 1065 462334150
4 1505 221118781
41 51 825479807
447 1960 523135923
2453 564 848445809
2098 2398 268347859
203 749 110229487
2281 2028 880800615
1597 123 283174120
2438 2568 775516370
2208 225 420808553
2421 2707 757534256
995 301 546795109
2081 2596 12272315
810 1778 187880632
1146 822 595322480
555 2107 123465065
631 967 59310577
1959 2578 713383471
1535 889 897451181
1932 1929 289037878
875 1712 664685885
2466 1008 714879266
495 2510 637769233
32 281 638644308
1930 2824 217943627
2401 2348 992504939
2245 1011 175246058
338 470 939850509
2913 1709 5446187
1965 1720 508063462
2798 547 410276651
1517 1712 359119856
720 2546 203615184
2864 366 647965173
1408 2697 896026346
29 2768 219285329
969 1881 166719124
2600 532 64593404
2239 2349 298466016
2194 1806 680903367
1909 1920 954761906
410 322 947833062
2242 1975 585043692
2560 1747 730256814
2418 1407 894213067
711 958 172276894
1717 2385 162651280
2540 2967 710827939
2671 2647 300324706
1918 2034 280714135
2768 2759 597923186
1722 822 503634699
2279 359 526826848
2892 1439 266557765
2601 2976 175888349
2447 1572 897459595
2233 707 827407504
417 42 219409058
2879 723 913609021
321 2018 671612561
1862 1652 568304932
2804 145 277271722
2674 2899 388727463
747 2123 734649802
803 1126 76305198
1295 2426 251906271
2507 2227 633471310
2278 1211 434154410
888 1223 930320168
400 1682 856077765
290 7 650926863
768 944 672539623
2506 1612 723352173
2452 1006 442622311
792 1244 286045926
621 2900 327202814
1970 2 994456509
204 1735 828592080
729 189 777344887
2933 1519 787185069
219 454 482838973
1276 190 331105171
1131 1974 775133062
156 2636 342796663
2803 627 72336757
2616 1509 33617988
216 2060 208948351
2571 892 454193444
1015 1792 985295568
684 655 822251773
487 423 161723631
2585 2424 710330941
1962 826 839240479
2842 2036 942144218
1754 2590 443625224
1280 236 259978388
1303 701 795161495
130 869 977508221
1498 965 770946849
2162 822 345867450
1814 1874 260473294
1629 1449 733124491
1585 715 362984500
2399 893 589449352
91 723 554893890
2386 963 575314732
1676 1472 792264287
315 398 514506647
1863 1900 359268050
2783 1023 397073551
2593 1030 369205603
313 279 837813703
2893 389 327804738
2638 864 190595684
611 1397 732704552
183 1129 229123516
1600 974 262632380
2489 2161 104920160
169 1117 357466167
592 2885 333100380
685 2274 857049930
1555 1344 531044796
742 366 943197246
1009 974 306517074
1682 2348 767243869
2095 2011 332967351
857 567 895390352
2577 1504 863743630
70 493 979373897
1446 642 527565839
640 2578 408475298
1728 89 493697219
1678 366 377045702
1125 1449 149569932
457 2143 410875536
2963 779 690853096
2100 1809 874262129
2834 944 927162998
2167 1702 788901782
1971 1845 991792312
1622 1641 864499017
2191 327 83851545
2400 1709 792878230
1474 1879 500823602
2459 42 316309042
2373 572 116993096
2612 958 974599320
331 941 223580185
2106 1948 194791029
1383 479 966389208
94 2033 419256646
1197 2255 569281652
646 2702 520456254
1522 2608 652839200
530 2643 685870956
2082 1439 427929359
113 2884 649821981
463 1617 605742463
1910 2329 317511550
800 392 193119737
532 1194 838905990
1211 1767 74874582
2823 684 837670418
2255 2247 732489221
1893 896 415160401
2215 1048 244187658
1244 2864 920864865
1509 2522 930975561
2184 1308 25006906
467 2011 338133380
1315 618 928231627
1696 1363 797129121
797 2794 878712162
154 2338 416413104
1426 984 738665808
1482 2568 299729197
2717 1532 360574668
1727 1464 701498241
415 2426 664033815
1569 2677 605656270
292 2900 106137569
442 811 913527019
2474 2331 914551787
2451 1652 841908397
1614 1006 428221932
1191 83 540313960
1609 1349 217398456
88 1700 946303669
2640 919 730598815
1342 532 73868404
398 2548 195323923
2075 2143 28074260
1419 996 457890189
1487 2896 791138321
2633 2792 307806128
165 2187 25075902
1729 1198 903866541
2063 978 983974724
1232 1760 353873385
1404 252 108528618
2431 116 494069469
681 2807 356665494
863 2534 84745278
492 2863 688560275
1743 357 371636573
2043 1252 141427859
112 2442 607194063
1258 122 543840504
2347 1293 525287248
2685 1448 885872206
540 1180 130597860
2760 252 382110236
730 469 108852287
254 934 23114204
1143 2565 8046694
35 1157 291832902
2890 1325 105269397
253 51 168818388
2797 1881 662027875
1338 2688 101594498
1186 2941 206982179
2836 1845 66937558
1420 787 754731149
2035 32 162930207
247 325 601061022
877 1526 969443329
2140 2159 222770620
2592 1712 401622320
21 779 878427164
2878 768 277930874
2553 2434 635259752
275 387 160531211
1554 2647 673093531
469 677 58208236
2416 106 689866287
1061 1521 299954124
2165 781 258225018
2195 2755 864645123
1266 1293 974010453
867 2730 6608339
1596 2589 20676094
885 621 619245808
1301 1140 823589951
341 1666 283219522
896 2792 557308879
2303 2264 235491048
2514 842 637928183
1385 2309 563370880
790 467 95807608
351 2411 214477221
2496 1917 805575851
366 1712 832423352
1778 2574 77543146
1205 1960 477995235
950 2424 896368942
82 918 716069211
1086 2141 623236089
773 501 948168420
494 1749 387996790
814 551 545944986
1644 2336 100173534
1414 1974 819352301
269 1697 154440988
1505 1140 104809708
449 2939 499232179
1374 2926 498879431
1958 1440 347455711
2227 1449 378814862
2940 1120 517652986
38 2411 579324479
1531 2570 231039777
2618 673 80312318
1911 2833 986218775
1174 196 834616230
1524 2274 919170920
2728 2127 599630720
1368 333 970702033
1192 130 506747473
2769 2910 778077151
1103 1715 517358745
761 1252 565109205
637 2777 440819738
1428 2853 178103762
1208 884 691055510
2243 544 383778867
2099 889 787141853
2192 1034 663969845
572 1293 261271814
2517 1006 525527519
2334 723 812849404
612 2723 491839518
771 1595 456877628
481 1782 906964273
153 1632 825696732
679 1088 653046599
1477 2168 349768142
2494 822 346620261
2725 51 719008870
2325 1619 966949517
479 2619 465791001
998 1193 125804316
2454 928 371522950
2667 2291 984905843
2737 292 969912762
767 2768 990190810
1339 1851 346396847
2796 1682 424948640
2928 2199 970120726
2755 2367 813463430
634 2833 51291222
2692 2051 77197660
2464 479 817681363
2611 2698 257126124
142 116 381882483
304 947 527964695
641 834 9042269
343 2385 968620094
817 25 453024003
1889 2064 979075555
2805 1011 237455714
1848 257 678928527
1471 2633 31147144
1346 1148 752027381
979 941 293406038
604 2908 643653975
1834 1129 275879559
2849 892 286297640
2625 1720 227442160
625 466 400833778
843 2833 62117897
2763 2485 59795833
687 1439 353025451
1382 571 735585057
2264 1550 7271451
72 1209 623959180
827 1636 238222150
2949 1238 793788295
1233 45 56491086
262 1712 375559974
1421 2088 563122245
2083 61 258489388
780 1007 688970039
576 842 196334513
840 2804 924233581
2478 1532 756110334
259 2097 559513328
2628 1671 99411899
2102 2097 691074379
1203 944 622677835
1861 1871 771630485
2829 2323 248600695
590 2548 49270958
2073 2544 536736841
14 2518 853719496
657 853 728158522
478 1405 30008617
1799 1097 848189839
595 1862 934562094
618 2574 645840895
2743 746 182145938
2613 869 346392217
2898 2044 958810352
2068 2597 588169188
2138 2233 948671110
241 2275 8930375
511 43 728859195
1019 1026 380961195
2744 2555 403797218
49 565 198984542
432 1203 912713408
2299 1161 327738938
2988 1009 3683915
1340 2455 412886278
1122 1375 461553972
2320 812 222944027
1544 2156 425150888
312 2099 344194378
1518 789 446378449
2309 1912 462484220
991 2280 347485602
825 2226 148262299
2026 67 8967380
2852 2507 405056561
1180 1120 127643947
1107 2160 612438349
683 1632 139602685
2791 1990 611426605
2736 2625 359030772
2244 1088 291596825
347 2490 775342098
2429 48 220649228
2533 189 314070261
2609 1273 410986650
1330 2666 430759260
806 949 250863629
55 953 955780329
2917 646 342307536
271 2989 486171688
2567 1301 611169808
1725 696 796140751
616 2618 824084128
121 1984 148001863
1329 1619 186503452
2017 2019 795736170
1955 292 990200913
2641 2779 575817358
229 755 27993564
2590 2051 698652354
1166 1023 692659472
925 1293 32460631
2415 2703 840322588
1459 2863 292076193
2544 2919 580057453
670 2404 544277246
2724 252 533696849
2889 1982 420856087
1850 2426 847455196
2384 2534 177692774
1935 1198 979258127
2874 2083 724458487
1285 812 54114101
1409 166 643797362
1538 402 879629200
87 54 322670168
2277 1483 443465525
1801 442 818245515
2709 122 766173236
2198 952 735314196
1557 2297 188178683
66 1331 379261984
2831 1550 349442043
2771 2404 984268620
658 2518 251684747
2051 1355 125247266
2331 1237 74137613
1161 1663 439464674
610 2014 12508750
336 421 594892676
274 2794 755347506
1605 1238 426646781
2757 457 836120464
370 965 293647809
63 2356 368702811
11 2552 458595977
1470 2227 298848001
2463 2057 881590869
2117 2354 448449047
1327 1312 218866356
43 551 404022325
2391 2565 740816963
947 1781 18760990
149 2846 760000370
1416 2226 794757412
2305 2568 131411854
123 1934 308420554
2894 2255 701068794
1182 2146 152107690
170 374 255524800
2456 2348 488903833
895 2018 366477640
115 1652 21244168
1387 1806 588696166
2661 2199 337654189
1529 2745 297161369
1247 25 568009825
302 2494 227311505
2220 532 893043531
608 466 667681777
2383 804 796306238
28 130 656737878
665 2976 773939296
124 1682 575643800
872 1257 461260043
2034 789 773294415
164 2619 378162935
363 1662 20134808
490 607 377836184
2240 2391 413626137
1251 1158 303997124
1687 1211 509709889
1699 1150 816915096
1140 811 793623252
31 940 446167964
1940 1664 177018022
1398 1909 278191141
2525 1160 903869094
2033 2921 661328890
1639 1905 523676702
728 2901 322694458
1412 1348 498401336
1054 2743 613419388
913 2227 529310659
2193 2274 299547960
2932 2742 962729783
2840 1117 827950948
1547 2812 386124022
1591 1407 76704098
2569 1875 919383508
1334 1504 637927705
2672 443 467683801
2986 2022 310810976
2339 1761 949913413
976 2978 691701923
2378 429 69759955
403 1859 732776896
2022 1333 775424578
1553 2237 579108146
2097 746 585509904
2740 1514 886782064
2329 2348 824710536
1515 260 260584855
1206 700 664621567
713 1508 223504710
1710 2089 160687193
2170 2264 591086280
845 701 903740882
2248 2338 534330488
2952 2064 174569723
1666 1767 538351713
921 2083 45523201
1581 253 882938660
2272 550 188980533
617 2665 229338910
1594 2404 439381191
1291 1908 979985353
2705 2507 54332629
2718 268 124784995
923 1106 850678948
570 823 118070476
2662 80 131022380
2405 335 498879412
2902 1194 869899481
1222 1859 12604661
2817 148 66729615
491 2311 433382204
1466 811 718290159
894 756 302215663
666 2574 217159896
2323 2085 994743882
2532 2477 42827312
268 396 22299851
2895 1519 972790756
1924 25 567035088
319 2592 283446828
1646 1388 993334909
477 2099 783665939
654 2426 340041955
1104 2778 617358134
1441 1978 764533854
1641 789 342955211
2538 2457 502431038
2559 822 640237797
2050 2060 724667048
1723 2594 373212405
2754 1124 651112382
759 515 881625748
2939 1550 1559293
1495 2114 596279678
664 568 112780775
1361 1775 956693985
2054 963 207994081
2781 1232 663188696
559 642 905703261
2360 2703 202956081
2912 1415 325056571
1833 585 814661238
1563 564 179156076
374 1975 973066795
2225 366 922413528
1540 2863 551056211
1796 656 478805634
2543 347 746212409
1445 870 132093928
1604 2742 242647148
30 177 120999087
1790 2455 685720330
2457 2433 19048575
2351 901 876910913
1823 1234 456950828
2828 1268 748553491
1075 2999 930852373
2349 389 487607384
2317 513 380066513
1583 490 594313737
327 1129 732985351
1156 1196 570711994
1856 2067 722608540
100 61 78764904
2802 663 278737172
92 2029 545088373
77 2623 403771697
2144 1336 571418351
725 1474 316952544
167 2085 4453912
78 166 493304917
1231 1882 996806946
1894 2220 782996852
1956 2295 224819514
737 535 817244274
2843 1008 814473671
2683 2054 402990524
246 756 342146035
1488 2548 350512151
1271 2833 514252393
2263 1982 621084168
2114 2233 229339488
2015 427 990660981
2252 84 750051544
1660 654 566503820
2276 2216 607624996
1579 943 255796451
1461 2549 258856359
1681 576 419088351
2807 1797 301045730
1519 1845 330845018
2328 2866 209895597
2558 1097 174294400
445 2939 332972996
1394 885 961683705
2293 2147 676323205
2465 2972 934928972
1117 1194 399453943
1719 2250 660693890
1643 1334 637238798
493 568 998395913
1654 2919 653678636
1636 655 711857371
1974 268 849439467
1578 1230 775474911
310 1257 652308761
1436 2117 867464591
2306 1301 181586435
267 2534 658962394
886 2227 456622838
1261 2633 426914635
1480 1953 827270914
2458 951 84714857
1582 493 114635009
2659 523 831269217
738 1560 915303895
2367 2050 529549282
565 1274 171641082
1337 1249 385393480
1968 646 259212084
2179 929 786206716
851 1173 141129127
2124 2167 791328025
375 1633 134750482
1193 2745 124976467
235 2559 777480529
2921 1449 16018964
58 1780 544767274
1348 1746 617037543
1116 646 985370694
23 833 328532761
1310 1424 795797884
907 80 604492189
2219 1117 195925333
1663 1120 622861616
136 1671 59136204
2212 2992 657294013
1516 223 970592853
2439 1633 319812097
1341 2747 451133728
1351 2297 176331378
2052 2361 337890974
1739 2033 41689181
263 2949 675408451
1467 360 485946445
1908 2147 711698830
957 1472 546039987
2126 1293 641547334
2649 76 991198147
1994 2385 889669893
2881 67 173959579
2523 2078 203423737
1501 1065 278788266
1362 116 386462697
1672 2241 209830991
64 1712 933866870
2115 67 438801856
222 676 245959843
1400 746 296701229
2809 2745 180616343
2990 899 73612068
989 1929 264466848
1978 1975 298373174
662 1126 902420347
929 1712 922482395
459 246 686007762
556 2697 704245138
1058 2110 566498053
977 231 456505676
450 148 216597293
484 2187 727336458
520 1254 967672669
2396 1429 490346436
260 677 90695978
1779 1198 159445389
2860 1375 735427693
2955 1566 308146419
772 2043 635426631
607 2187 97691051
2433 2693 119282788
975 2313 357280110
86 2361 496086404
615 1401 292755485
2335 2581 201210935
2926 2688 206527019
2166 934 203376359
2348 1117 671242555
1050 2743 955133467
2038 1671 591705863
588 221 83748345
2741 66 548539524
2539 534 148222989
1429 1912 413046083
2876 427 933231432
922 30 328315674
2365 503 605929546
2122 1788 661292547
20 2949 163088867
7 789 460528195
2745 2348 41072599
1163 1318 184508110
1820 2066 364466145
2835 1984 188440041
2103 1877 79345914
1762 2812 247053841
603 2128 447144154
2925 868 687979803
1350 2598 849398718
1188 1445 16504220
1914 2899 18141804
1199 1870 945174154
2108 2568 151004276
1748 2756 888995619
1399 225 727202487
1837 2537 799664397
1510 2918 76971565
342 1677 788789438
653 1110 40530658
454 2573 365456413
1873 568 26580288
27 1166 929099625
1875 1106 113037204
2884 868 544517210
293 2295 175372234
2961 1223 378344837
1256 1658 916799867
1355 684 243234308
2825 2250 736544297
2599 2496 473853269
2111 2854 519610824
69 325 123368322
2044 177 663977344
1384 631 100336514
1065 684 356628657
2801 1449 317125599
601 2264 440873527
1821 2477 145849752
823 1301 135256046
1738 2282 13194056
2937 609 836628088
1898 1344 37078151
1674 1362 80336701
2549 2742 229122959
1033 534 691098291
2861 2287 565701410
2127 2735 364794079
1349 2700 235492011
409 2642 407455258
990 1650 874912419
1167 1645 441084440
1066 2203 747898166
2186 929 680289574
2031 1682 5065509
238 2125 41960882
2786 453 111362797
794 1975 245868048
2847 1940 390190121
889 2578 744009851
709 1187 640116020
2782 1057 366557017
778 2841 66785042
2322 811 367212482
2526 2677 207499664
2368 1375 134693955
2411 181 74988457
633 568 517198814
1944 295 484110378
1181 2653 20690261
1386 551 481005209
1275 2108 150497447
2112 2702 920864851
1021 1709 721678554
2087 1572 272437235
1292 1564 473961979
462 1081 249255674
1462 1673 482146659
941 1349 337560492
1624 826 263059003
2799 802 149913912
194 1009 155396673
2354 1023 24858651
196 913 602690763
2875 1398 723534021
2644 155 495923724
1170 700 899576955
2310 1851 983027861
2610 252 228042367
2546 2384 479999262
2859 1410 739748207
1512 2950 475353223
1137 2617 462619882
1153 235 658003993
1449 1940 903649657
2723 2673 938798096
635 2924 829831851
744 76 827605597
2820 187 435104641
1439 1797 982563239
938 165 331819276
357 1550 918556819
214 677 484627284
300 2752 694685508
2461 123 517526652
915 2893 322127141
1265 805 625453603
1705 1007 100552421
1145 682 194568460
1804 359 773188803
71 2910 417975040
764 2745 372562187
1845 1474 78777586
1210 2394 722251999
1912 642 709488996
2675 1081 389115706
439 965 391307018
2204 123 215563314
2118 292 273270700
783 692 282819708
1358 1048 942257488
2469 1432 481423157
2370 934 259945879
1548 549 267557855
1132 1990 32128871
2 1712 754018473
1496 484 615627978
359 1751 995124978
2292 1657 681479957
699 1002 400157199
1791 822 563515724
1638 2637 975581772
1885 1124 500879556
1589 1682 192208945
1536 572 912485898
51 642 257106437
2444 91 295959555
448 737 910751127
362 2618 490843476
2468 1365 924214843
1744 2241 635801091
1257 2043 703852819
596 684 776976734
1316 798 918442895
171 2981 730780699
2084 831 193474102
931 103 872079552
2924 2306 161100709
852 2989 828624453
1118 2541 64640472
1945 822 29341943
996 1131 713822120
2036 2064 343295390
135 470 933208212
828 2899 675552994
1771 1048 957751491
2266 1619 201699562
1967 696 560223561
118 427 998232389
1571 152 647038121
1882 2552 331800333
1523 1597 373633946
689 2419 326832457
1047 2400 780920846
839 763 835083667
125 2116 325774447
758 735 132677882
470 1779 457905451
1824 1009 417316649
2209 2336 193769586
987 281 328667592
944 1881 278766142
546 378 825983009
1152 789 936139411
754 2326 393876742
2450 488 268591623
2247 1274 433584370
2965 1449 118257285
1129 917 981863534
265 2314 76923469
1286 1482 670987958
1950 682 453698878
760 787 318608540
323 1624 665368663
1333 1160 552954795
2521 1074 135131003
2086 2336 605577102
1365 2533 357177204
2116 869 646817203
1288 2653 177199161
775 951 667243819
2750 2348 157503859
1150 2873 809937107
2363 2081 196576061
547 1663 271952312
2703 1937 718261547
215 1280 383269303
2357 1451 340845454
2581 1191 21484132
1758 366 994524405
1403 2268 85754925
2528 1508 608153077
1941 1716 380043198
1043 118 366171949
837 1448 7004581
227 1117 802331524
1714 1009 363804217
1926 2464 255575220
2467 1995 56269240
314 2426 101613068
1503 1269 451830447
2092 1504 348388721
1690 2777 851291806
939 963 314390181
200 281 780796635
1867 3 695829195
847 1054 610411446
2297 2203 208348202
1451 1129 598796765
2226 1372 755523121
266 899 19964418
1489 2792 636685754
2428 2348 241318586
1264 1171 113038738
1502 833 128510120
345 2426 875265337
1969 440 897881306
2617 1271 239643621
2653 1682 632902002
264 2955 860855244
833 572 601298056
2964 2318 16280483
1700 70 20975951
137 1343 374293089
788 2750 721506166
1946 2081 489256776
1406 2851 926183632
1306 2522 604153381
1431 2789 587535158
2356 2846 71927253
943 2552 244834476
2570 2723 234920715
1809 655 553068994
526 777 517288273
2619 856 964319804
2296 2057 769601612
573 2916 560148980
1756 1308 892878659
1539 1216 576735743
1545 23 583872737
2029 9 809556495
465 741 815116602
1657 2724 987079191
2025 2874 297900043
2923 1738 842157108
952 2495 525848389
1388 572 636471499
1844 2833 842207692
904 1262 687434478
1279 2205 780662907
1373 1988 448690435
1034 2565 45293931
286 1542 387218343
1606 1347 539615093
19 2560 203139279
1730 1440 363664372
928 723 696299824
1619 943 364248271
2079 1323 837325281
1513 2385 579304630
2678 2372 517673533
272 849 291080619
453 1293 615520269
727 1323 850683843
15 1498 655709671
411 2533 910842925
2997 1433 255821776
2237 951 201598579
1892 2857 117063208
776 572 184945152
2846 1617 589083335
2664 2274 332888033
2518 875 830217314
1379 1009 304831183
1772 868 325771315
1434 2209 495754092
189 2348 112304601
16 327 375538893
1002 2674 417151356
2907 373 922257208
2565 944 569471028
2009 2185 423649070
151 1477 275423915
1716 221 275652267
1507 1280 94886400
821 942 636778155
2665 386 954032366
18 2282 77066480
552 123 347170093
619 525 223326210
1784 2180 681650967
1916 2993 96065399
1572 2471 226913167
1083 2602 42562164
1506 892 984281630
1079 756 89886323
2406 1910 598522206
2974 1530 723230278
443 559 283484059
2568 2433 480454491
134 1152 532642230
2681 2688 582480704
701 1198 231560268
2460 1378 187919209
676 1787 215702296
283 2642 298904881
2501 2768 591497877
1673 789 165860894
2908 1787 495667687
1664 802 871542888
745 2468 275350779
1062 939 579531708
2437 1194 614957292
1564 1293 849785405
893 1641 385730728
205 2347 894705098
425 1197 401044435
2515 2187 732966278
354 1209 948331499
2265 1747 181167508
909 1667 482778028
2008 2108 978929954
1147 2329 705906357
441 2471 229346985
2561 1395 160244074
1919 2011 577670770
1430 430 630907164
2000 2203 706456923
1320 1879 666523239
2931 757 200160218
1617 1117 28635611
1209 366 42737474
1907 467 860559070
384 719 330009413
2696 572 873836752
2045 584 934905785
649 1073 466309232
2171 2311 511325855
1278 2947 807220606
1865 1325 427363424
2060 80 34775712
1737 2967 919515736
65 2203 316763017
1274 1271 320715672
651 2471 394647895
2603 166 615434727
2493 1974 699963708
2128 1232 511009546
2316 2991 937921376
1741 386 814588997
199 1818 844923398
2151 1882 352065569
766 246 747743981
1260 2764 474544238
870 777 650821880
1263 1252 790490763
1982 80 179113488
755 559 70757860
597 372 392925513
1154 2949 949174460
2813 2947 924422467
838 568 311843628
1976 2602 734075090
2767 700 275708522
421 366 587375585
2341 1133 816279630
2639 2025 232425619
221 1244 649506066
2199 1712 572725418
1453 371 715190105
509 1029 259742508
1983 2574 149194354
2814 267 375912003
1537 2846 292764381
1347 528 553620837
1437 118 970595597
2318 749 365118388
306 2161 730345071
692 777 657031846
2950 1779 115115178
639 2951 728078568
1114 948 280190248
1024 1057 227369855
250 1099 488245461
2978 1980 346778416
2562 1779 74135078
518 642 15507490
328 1529 968708957
1599 1213 257279937
1160 118 883912970
2413 2807 855296228
2713 567 56102100
2679 1194 628396593
1991 2182 482313337
1442 1480 120330944
1749 78 149791506
655 1293 799400190
862 25 240931483
2500 2515 313406419
2564 1446 412756915
1272 965 697847815
195 2966 715842463
1187 1206 782312417
1797 2552 641978004
1242 488 632652560
1064 2107 540341301
1656 1198 724858063
419 181 64818778
795 1110 801317955
2387 423 504328210
2180 1712 394643239
97 101 712168171
1742 2279 753667242
1112 701 825127536
527 816 749848727
898 2426 626442738
287 2565 919793846
1595 1252 623993483
1401 1740 616195698
249 405 620586847
982 605 295397051
2392 2328 763246629
364 2562 524150317
486 882 112391653
1632 2623 1233265
1886 832 701078018
2684 2127 542556643
769 1249 318348155
59 223 37121653
1949 2130 330604141
1012 2270 514817746
1366 2947 843851740
1367 282 577192646
1688 116 631035314
2606 1874 322271708
429 2107 479474439
2066 917 465425224
288 846 117803170
1213 460 612814855
2497 80 122416063
424 655 792118596
1304 414 819953938
971 470 626161917
1413 2174 294403595
690 985 276795110
819 572 196977243
721 2367 759437709
1648 1129 706877367
629 965 387158974
1313 2219 921048028
1975 568 554162728
1849 889 836208338
1766 1362 506837312
2157 1589 439213428
932 2510 440722276
233 1895 603463726
656 1127 82790212
2422 1141 548916744
2472 130 58553981
1356 1203 440117732
900 1475 97190534
2919 642 541310979
1679 965 123164623
1090 1050 510288845
1287 2238 631250215
606 1117 614291409
1245 1065 224277853
110 2280 811161097
1859 2792 964630314
1810 2899 284760675
545 1104 686542670
2005 1545 161190268
956 299 83995896
985 787 413394862
2345 2893 844951658
1425 1659 693401676
93 826 237333468
2462 2057 254057771
1126 1194 679783073
1836 2097 268578405
2794 576 464453256
392 1702 915448921
1652 2187 851912068
2214 1088 944234997
2004 1553 782427535
24 1320 42546999
2123 19 451494090
2175 2514 513552368
193 2202 305688040
188 1484 563829962
1218 258 964101325
131 2473 59339917
733 1881 877196145
1201 105 452466077
1317 2051 31971594
2915 715 185264070
960 83 205607274
1369 1396 539102780
2232 882 737079973
638 1508 357520860
500 1617 745262838
1289 470 156690360
1411 2730 964142306
1268 842 411936722
1726 2143 306155422
1897 1347 853659686
531 1693 801711533
1767 297 547442157
829 1529 99953613
2669 940 323438880
2629 1707 719861779
399 2323 858779194
1732 241 607756116
770 1127 519036994
1793 1299 48687815
2547 2049 153346824
1099 575 436629992
584 2607 484930990
2057 1760 230686366
2780 2155 13565289
1336 700 6500255
114 1411 606990473
2218 1302 966418195
2976 1524 592556982
120 1032 293365111
2647 2426 295859067
2615 1631 382895300
2554 959 832690696
95 174 52697039
2419 1685 433351475
1124 1179 491674611
2295 427 728648896
2756 1232 955675372
2885 2167 301491937
1074 181 396365573
2654 1375 173988095
1352 166 658445174
2687 245 137987258
499 698 753121543
1332 1788 714188078
673 802 592090360
2578 684 917183096
2551 343 72643108
2388 1853 909617528
1607 1906 667600483
2960 972 481328087
1372 442 812557360
1055 1702 20726347
1655 1740 946192011
289 2633 283493145
2656 1510 526301472
1708 1097 604817627
1819 1302 494977193
874 1204 589051779
671 1191 455271312
52 155 633865119
2516 913 444406487
2563 580 813973982
1773 252 333098300
1888 2505 100813522
902 1508 317624471
1695 2730 37866231
475 2693 77990279
355 396 823580915
2133 148 947071821
992 1787 711466015
808 1408 598792183
2130 350 142583109
1998 1199 821932736
1472 2643 75120043
2574 1127 604427958
2037 796 326912080
1760 2552 574192029
1890 1443 395866485
2694 985 993245971
2188 386 610935902
505 1358 725189108
2614 2863 370319705
178 578 131884543
1178 1362 894935551
1931 1378 502282169
2253 2489 643496377
2488 2708 967481489
2832 1212 897889414
1052 1071 721004356
1989 473 454653434
1817 2226 765311106
2655 565 102003849
376 1774 23628753
2552 572 379517701
2423 460 98895538
2682 1557 511198820
2787 1595 299820545
2327 1822 815714759
2676 1849 88876961
2143 1023 894602935
2382 2266 306371160
1238 1682 765634993
245 944 191129590
1450 1838 445786852
2104 1396 477492669
2944 236 882204472
2283 2384 164114172
1828 2393 913719186
645 1456 874087420
220 552 921041494
2470 983 717696288
973 968 443193645
2735 1652 966000199
385 272 972132615
1494 1579 895779956
2056 2899 749276259
285 2043 408983473
498 1994 272288717
2819 2366 640782639
2956 2097 234208424
2770 885 688501682
284 1664 196165165
2369 28 427595819
2738 607 975254707
2131 1374 424039078
1038 2565 378283312
539 589 410972518
2793 971 852313343
2624 2 453930574
1768 686 751500771
2424 1881 596755585
660 2859 42095691
179 1622 31282765
1680 1612 340919767
2758 1720 287762244
2012 2591 632590362
663 1682 710802091
1068 2097 151973793
2342 833 749891096
1815 533 562846004
237 2471 736626262
2027 2161 356485467
2028 184 705890443
861 2395 740236835
1686 2590 446094749
1318 1129 616492833
2495 2291 686052816
587 1048 529150903
141 2663 360044211
834 1924 785581462
177 2603 481442620
317 1538 880998275
2830 1657 627963442
1221 2900 516111452
2792 493 942028491
1783 2326 739523165
2183 2426 80551317
1417 899 643227807
513 2286 328454552
1078 532 78684898
244 2485 995700156
2920 2297 560107403
1709 1550 751390824
830 2962 667202543
997 260 633966444
993 1906 314687185
2314 1238 548109344
2267 582 997885737
108 2894 665608141
2234 192 699426599
1704 940 244804170
2929 2147 497138038
647 917 18403562
926 2505 487898309
2845 2745 356382613
622 1382 626250626
1603 1702 655691828
1200 1252 697496552
1363 885 624008786
2446 1617 850742843
1000 2893 732817151
2137 439 492779346
1072 1188 980703480
2715 822 188568918
751 1440 720387844
1985 239 176553160
1755 2723 108715168
1236 1773 206703048
2346 2451 888747230
150 1681 364005267
129 943 264477577
2154 631 660179533
2643 2385 908888717
1230 1070 325707008
734 1078 677150101
2971 1202 257741284
2542 19 609568758
741 145 836213984
2916 2993 883194571
143 1712 192132688
815 2859 193982816
1884 1394 300319752
1162 2556 172035027
593 1069 818739353
1041 2067 562972152
1469 700 3097810
106 1934 778411645
2023 2229 29264777
1562 655 385510990
919 1293 962940827
2046 23 165414458
2142 1237 123318832
320 2184 379629782
643 1385 638452547
2764 2347 287249569
1868 1747 219431009
414 2348 673857128
846 2263 757028272
361 1655 511459820
2702 2336 588844338
1550 2899 322913473
1177 2596 164318795
2216 826 105768824
2389 2556 800230272
2632 707 831059712
460 1127 976852097
2042 420 81320521
884 70 356378729
903 1181 596235305
350 2962 523722819
116 642 893474691
1659 2899 485462479
2670 1369 520134565
580 2866 91630214
873 1682 491305202
2047 1140 794627804
2826 1508 893617088
2256 2034 76593604
163 1131 277111171
1670 20 188458617
2074 1126 665148970
1427 2260 400852090
1921 2854 688479177
127 66 332262357
207 2318 82010743
1094 190 426281896
13 2939 648182905
2597 2443 805551332
1662 2663 663487647
2896 175 587842900
1740 130 82331374
2259 389 305973469
563 1865 635150718
436 943 262119175
2319 1033 557285797
2222 175 119864507
2067 295 618796373
1671 1519 813399630
1053 1106 871463618
1580 299 635484606
786 1358 893355079
2995 1108 516194106
2002 2286 397046410
732 1713 412608487
2943 70 500179677
2951 2708 110596833
881 634 594730983
1113 487 671213695
1240 632 650326659
10 1896 485349850
693 278 299380455
791 1008 281702032
859 2897 664686089
168 2259 713823941
1724 1644 798919997
60 158 572947818
1390 2901 361642018
802 1203 137013953
804 1834 12411071
75 1329 42787104
224 796 247279080
458 2205 684868596
218 2838 856025062
2748 1597 635132680
1627 78 692619094
1100 2691 91702279
1003 2560 921640529
2169 1092 232658495
1294 130 841502157
2941 235 918337191
2173 1753 877324098
2158 578 375406627
678 130 949678736
184 1806 410698757
924 787 88014367
2445 2495 342521559
1270 490 505605959
1483 1027 775016279
2355 2018 986622706
2286 869 378359234
2482 958 297629824
2155 430 942693717
1085 2768 211049194
2900 1293 818381328
2775 1176 302831657
1013 1361 725571261
2686 1320 536497880
1237 1709 237814064
2862 1952 910484504
816 1293 202114255
144 463 559607219
1925 1106 153209172
2598 1402 496477827
1904 969 70304209
1036 684 644389652
1706 1079 780028916
76 567 722280072
2287 1011 444325772
1669 632 714604987
1005 1398 106683979
103 166 208923814
2282 2156 769060301
2094 555 213887496
1148 347 165410264
126 437 685124418
1490 1157 552825061
1454 2417 438612098
1623 2275 182046431
261 1803 168424740
318 822 812768298
2751 1361 70850644
2221 2926 545553638
517 2174 315420663
1176 2433 664813684
1549 369 232204235
2880 262 227157304
2604 869 248565452
2290 2864 83957920
369 83 112742617
533 1509 578858341
1479 1720 126344855
133 2338 90019857
386 777 779940757
294 1378 528800704
548 1940 631521969
1869 750 264269098
187 116 415987385
2607 651 122058208
2548 1532 252695892
281 655 515434965
2981 2565 114304035
90 1216 790712095
853 503 531369507
431 1508 193944063
1789 228 150019412
1084 1033 965863198
2555 1940 136170655
2959 2417 526288409
2177 1308 487731188
2455 449 27496511
675 2237 685244082
1360 526 881310617
1782 777 479324748
1720 1712 895902250
208 1735 862493992
1284 1018 583544695
566 1397 217366986
1460 1473 678438473
512 2743 744416305
2827 2401 669057200
1262 578 125020545
600 1658 702790219
504 665 871107041
1927 1910 602457287
2866 1372 333268646
2911 2896 104768164
2887 1144 996636337
2395 1508 975847487
583 595 96263444
2435 1302 256815884
2969 440 804544507
1302 44 624669986
2663 856 206438345
2909 1375 940966140
276 1002 552159361
2251 2384 929393533
1979 1011 564026727
1364 1545 879084084
2254 105 168145638
1735 826 856436193
404 1122 497782964
1835 61 756244792
2077 2499 821236787
422 1293 336916964
40 2176 219717914
2721 1920 346654670
174 826 691984468
1248 1773 649531550
226 175 878255912
702 2318 742048129
1733 1605 778315929
62 581 926784301
535 123 99327246
1650 2060 56085025
2872 897 189799990
117 2598 613964593
2163 2471 341873957
73 746 798242369
818 2442 226966210
2024 1979 387699024
1800 944 865146469
2091 2238 260183992
80 1203 925809852
2332 2496 863570355
735 515 298797294
2364 2213 797103649
2557 2966 496271873
1765 2220 515544199
777 449 887612032
2132 2153 837612890
2596 2743 336640599
2833 944 365177470
1577 1502 634154754
2708 2314 684323849
2930 490 669468134
1667 1166 206378827
2442 856 274812158
1133 1408 37430290
157 118 140614586
394 822 978736681
715 2743 733288995
1943 347 515208994
2380 943 766791234
2504 1953 924749909
1896 1106 141534146
1063 2348 810621224
1712 1194 871771604
2877 1519 413398415
507 1268 306896722
1464 2011 140405462
2936 1656 567847719
2511 1209 664221342
1299 12 258210541
1457 680 924292644
740 2314 819032023
2374 882 920136137
1223 2688 186063824
2620 2966 873775310
1227 1601 325529316
1964 2247 653861214
920 105 57978591
2566 1717 253936337
291 1351 453068595
984 1129 700643886
1040 1788 516630302
1612 2329 227925746
111 1283 181533708
1229 2424 198490127
632 1117 14444089
1096 140 782953271
841 479 128486810
824 1117 25442393
1030 2168 255031037
1319 411 214820203
2300 1898 135377262
176 457 396950634
2766 2484 688670173
2869 873 914567582
1689 1289 573796605
1194 944 534453282
2041 2940 663918
2202 473 751343267
1 1925 925337117
1872 825 735097959
1202 9 80436459
2726 820 468936849
2274 2778 545822604
1847 1266 711469475
1173 1712 449264305
1769 1440 502440771
1212 2633 415279977
1851 1293 527968321
2246 1525 366268612
2249 1237 624405208
2882 795 348168121
2811 2161 340799795
217 1402 93778249
753 410 816186419
132 2306 589124323
451 2747 61713519
879 1659 394442506
2484 2298 629454203
2622 237 983525428
1887 2748 120129389
2637 1792 604562933
234 2320 84902557
2595 291 149427293
2055 1977 720675755
2975 696 974273949
636 2119 797088709
1776 118 668686320
1551 2348 985083177
206 1564 296641975
1031 463 666660841
2530 2840 378019814
452 216 528075501
933 2067 711343775
1759 946 451825470
746 1550 788794907
1157 1779 394230145
779 2589 201435089
934 1088 957093824
1109 825 790001616
1903 2533 775282544
1378 2431 998096496
1630 388 143695791
1625 1432 381209641
2773 169 748301772
1546 1917 98856386
999 2574 917561868
324 2470 431207597
1323 684 657423531
2778 634 254982065
2645 2900 697888545
81 421 456331721
503 1682 891369893
1929 1293 618641740
2487 1974 545671414
332 2027 103155021
2666 1160 784341080
2790 427 596793668
1098 1966 659972572
1314 1925 336764141
2608 2057 250358501
2280 559 63273071
1277 1011 357080294
1149 629 256159425
2776 2544 133957232
2742 634 483044425
763 2187 191055979
578 2515 181721541
1397 1953 457050531
1353 1450 726341486
2040 163 981015174
1026 1760 344729178
544 322 664125227
661 2549 638853153
2966 1301 638958486
2078 2338 518048451
2957 2934 560003130
1556 2661 985071305
1711 189 677227198
146 118 506781609
1542 1122 915038980
1267 841 928079982
981 2645 21129830
1405 96 794403992
642 943 538245954
2711 210 690800448
1993 2673 758700216
1677 781 264036480
569 1074 230743218
57 1617 633619729
2922 2653 501404196
694 1171 604888628
2096 256 335993236
42 470 98481622
1745 1524 861011420
2330 2688 707733742
1185 1681 738387758
2394 2939 931147817
2284 2837 164375641
326 595 685500105
1049 2894 489363530
789 2552 414557642
1902 419 948648916
1734 974 501267782
1493 2326 289527731
1228 1879 9101337
1179 1925 379211470
858 169 716814280
2344 130 911138491
1528 2623 166349470
1234 118 513805448
1492 491 34611224
180 100 525945784
2492 651 726363010
2586 1117 380275595
299 1982 212247265
696 2328 163370627
2785 2356 21842963
700 1271 832345634
1541 1524 734633524
712 2160 309830391
831 1148 19071300
1491 865 123170011
1123 2939 717833222
1224 1649 580788600
2129 30 988246570
273 796 138899722
461 2533 184636590
1792 268 576232297
2772 869 183358592
1915 23 532578630
418 175 594723687
2945 2354 741122484
2668 2921 870996772
2397 2790 210979818
1842 1797 884874964
2979 985 800050503
1879 2565 668443800
972 1332 883847061
12 1329 829994871
2260 1773 579639185
1111 1347 471735170
1328 2442 591960491
2105 2693 491502648
1798 74 529234185
412 535 736458540
406 1775 53855953
620 1065 540464868
1543 1509 25724327
2197 9 635623940
2200 905 577324404
2648 1252 450335404
1022 2765 215347561
974 449 809678365
571 2833 130330691
2886 2808 242699426
1175 2659 959863504
1951 559 306568109
148 787 354033841
1014 2067 387146815
519 1397 774489440
1954 2617 789772173
46 568 53386612
1963 457 352331744
2420 2314 505664548
718 2001 757600188
2509 2495 88084745
567 1953 419158852
708 1456 590576167
756 96 847392220
1906 2792 673279533
2824 2743 825319440
2372 2636 25894652
2985 535 717280179
258 2216 468833893
2304 605 684055115
1254 944 281006902
2906 632 120979884
252 1375 148557943
2449 2141 791384290
416 2426 1711857
1860 2873 661176148
716 2636 710632175
757 166 646179877
25 295 279888968
2657 51 286782941
2934 1293 236405403
1082 274 444196424
953 493 833833436
152 943 468902046
568 1293 459483408
2483 192 940543459
901 186 236761428
2258 2770 395895696
2689 1772 889269027
1283 1709 831565939
1305 1918 83470807
2747 80 420893139
2839 2032 734535536
2762 46 93757655
1190 1984 246211731
2714 2510 425079335
1871 958 546262742
2062 2236 78325715
1631 1127 856135994
1960 2745 820285300
1018 576 521448696
61 2471 735172240
34 2 624025728
650 1191 799212866
1246 1153 807320254
1668 2720 456829210
185 803 124547230
2213 1023 962525761
2189 297 847341778
2088 664 630423777
1326 2084 305518034
1980 1274 736440515
2377 2428 999709732
489 111 115794232
2312 2916 75184349
1718 842 741713213
2061 2745 377984102
2536 427 29544409
1198 655 39950211
963 572 989034186
1874 1682 852442257
669 163 636001632
2901 1940 867049743
232 889 967882663
1219 1020 791794015
482 2099 254170059
529 2250 291877580
502 1580 407414712
2891 1710 46114766
396 1117 916830465
1468 2099 833577613
2993 2274 840001282
598 1801 753433507
1371 1572 785531207
1165 2534 431891238
707 833 901856815
2321 1794 11881444
139 44 45125580
330 1211 95018736
255 752 195761421
1683 2522 79323485
2977 1003 680124191
1473 870 548205641
2110 2263 106691855
2502 1024 792902429
1957 1527 393688499
122 2367 482701330
2371 1928 311043018
2729 2445 617495286
626 2466 825143394
510 430 559468079
2527 2485 180828025
1051 814 411253760
1435 669 596636903
1380 1473 162485770
2752 268 899638650
1312 1780 358168854
109 1194 59404386
1586 974 971403537
85 421 843925711
1184 450 163163991
868 943 34619864
805 1937 365901620
1880 906 542605982
1447 567 532456614
181 1238 965918385
1838 2604 125490023
1108 2290 298068146
2779 1127 964718635
949 2021 748268856
297 1122 400264230
2071 1550 274043383
1713 2324 41471184
1761 2673 650790175
813 875 109321196
2426 1953 963433729
1634 1876 704129477
2626 585 548170744
2076 2475 369741243
1101 289 602980486
1521 552 743039741
978 2477 813537213
550 2107 492019607
980 106 558193119
1866 430 31584687
2020 2643 916155720
2575 557 126085898
2427 354 488184204
2572 1237 852712149
1840 671 496423644
970 250 496055202
2968 2424 145626029
2172 1751 345719216
1785 316 41945242
2065 167 620953455
391 89 348514441
1616 2130 642209346
551 2311 18864397
22 43 939663750
2710 1136 604871947
703 621 765953490
1076 1650 58764191
897 345 715463296
1249 70 94441280
301 2745 210518380
1984 2512 711676705
1831 1439 559713531
2006 167 991922394
2580 1396 842208351
1091 769 8207431
2753 1048 461029400
102 2643 340798384
1746 1664 196231357
2642 1751 903894570
581 1763 958217723
1808 1975 381948988
236 2389 433012190
2636 2391 481009860
1476 2752 50220623
1282 1260 113603099
912 749 543478493
56 2567 113180023
2021 2901 34244287
959 1176 383302289
521 111 217578777
2337 2850 916871047
1901 1349 900634494
2090 2568 294752002
2870 526 159039158
1345 1449 815725211
2503 1658 166396352
1141 1788 553918330
1311 1243 701900058
2524 1027 972501312
3 1984 947297343
2379 440 538650918
2436 518 827546480
1645 1779 320312678
558 2089 576461239
223 2619 203309785
946 1131 457424168
784 81 676467425
2101 2594 102499177
1588 2950 166416776
1396 2677 687280757
1046 2354 961253353
2927 225 667577244
358 15 991985870
2854 2507 304126157
2359 2011 66553242
2408 684 284907543
549 789 356506985
723 2899 801905005
2229 677 462707317
2838 309 860019881
1008 2051 758138299
762 736 348260307
2810 978 761865949
860 2123 490250146
1807 2371 338102858
1878 1760 694346306
36 2442 767702939
84 2205 581770327
613 2490 827050048
1001 869 561613377
575 292 304602203
1252 1166 130060193
865 2693 159161835
213 2949 815355164
562 1196 887885869
1642 1786 256923230
948 868 211088702
1934 655 971328610
381 1560 195528708
1574 2574 82773487
48 1057 662275151
1750 795 704492645
1855 2255 9805626
528 2966 301035193
2962 2050 610446807
2003 2696 809356989
1576 2227 518962698
2695 396 623687332
198 978 760271285
1130 450 376773317
1826 876 846699541
1936 1161 622683039
1905 1853 517049707
337 485 347436573
1023 2329 705886430
2262 2919 277661722
2150 158 798344863
2733 595 546602278
1168 2238 793662542
383 2 227255178
2326 1053 280847260
2032 2433 359603593
623 2342 522900784
1089 725 859601640
2412 490 644266446
2479 1734 950748848
1526 1655 3549110
1534 1909 989585202
1354 1644 286379594
2910 1953 108080204
2403 28 517202930
44 157 827941353
1997 302 572387395
871 1779 567002317
1691 823 190923358
682 2901 268891538
1647 669 162985366
2537 1238 480261613
2938 1834 134216277
2414 551 719625781
2948 1451 383275839
1138 9 462695206
333 1853 189250711
1440 1474 475696097
382 23 2698722
667 2777 458308663
1432 951 634741705
1241 46 903627046
1568 1641 295634499
2080 1920 308622755
1948 684 5650675
377 734 563403673
2376 1712 399243214
1060 1262 722293553
433 651 688989184
2822 1344 610047572
2746 208 676565264
1164 568 43735661
1448 2863 379709505
1391 2224 89303667
2070 1293 140844603
2174 1409 529240870
2510 299 828585707
1891 1477 38032280
1056 686 40234406
1195 2980 162962926
914 1160 870927252
1939 169 380765287
686 2168 576366155
1324 2928 375550621
736 1953 191333562
340 1269 813471499
1214 2323 926017096
1514 1033 74996942
2759 297 880468540
1255 1738 815108527
158 1560 908097886
706 116 202193505
2808 1080 503861727
104 274 370408198
2584 908 414281077
2904 978 928588791
602 1329 102728138
2991 2433 565689540
2398 130 742240022
1839 1070 592038265
2178 1937 961466122
1805 449 786297891
961 366 750801903
1661 1751 292695698
2534 2051 672294415
240 1229 598243423
543 2280 26276179
1393 873 484254512
2298 2064 466056493
731 2947 921575738
388 869 233859256
910 1191 162569223
536 2570 724754716
787 1209 387514745
1300 631 519888439
1775 1232 388464910
2658 568 591057273
1359 2239 136988516
53 1126 328537871
1763 118 726834175
1812 1720 435081027
1731 1697 84879178
523 621 662262305
89 1065 403669723
688 1948 818883934
428 1484 220731899
1171 1712 779330677
1702 44 763536484
1504 1751 315304723
1693 2391 222879052
1697 1074 443713461
1611 23 512660130
1598 526 316443790
242 187 426711191
2176 2522 487622829
1325 2457 24894815
2987 1212 240146271
1992 574 774391096
1067 258 148115921
2224 1677 32165547
303 488 851873018
2627 634 167713041
2739 1960 93860279
842 1194 202461528
147 389 93506871
2491 2457 910896903
2196 1407 162760088
37 2919 177225598
964 2354 23330002
256 2833 526634882
2812 111 348275156
2815 1350 545260281
1721 2603 876276716
1455 1925 619856113
155 183 170194027
1829 1294 787850726
119 2760 477484680
1159 1148 703193156
2730 1779 345538948
1071 1122 215249706
1590 2885 339198223
2983 699 852520816
514 678 204874218
541 1658 58083051
2550 1929 356307660
1780 1129 446015983
899 2989 372465545
1463 621 331557140
2856 1814 750155377
935 1122 969933117
560 1747 524302838
1343 1448 699629014
2789 1023 798654609
1335 417 55114588
2289 440 508637925
2390 2187 207822370
586 393 797250083
2848 917 640812369
1752 1381 230070448
1803 2505 450703407
2855 1641 17547525
1520 2952 273111972
677 1881 386179799
316 2087 433721850
1281 1133 639570551
2727 1466 715321060
864 2926 537803386
2302 2556 421621185
2973 2372 605804444
427 1293 196474913
1701 2655 194938081
2556 1117 563210375
2765 1874 30191101
2734 1619 370627440
395 686 247327221
2231 459 739434644
892 1779 70893573
2982 314 536559211
1273 2565 848778948
1196 2296 502867442
1558 571 327138181
876 1881 332777134
1651 2266 403930112
1006 2939 704135409
464 2960 144984114
1827 596 79416411
270 45 832810625
724 223 566236323
1309 650 704064546
251 925 920289431
476 1770 286834111
2857 1740 715986785
1135 1482 177819219
2340 160 674171915
346 155 374594648
1527 1879 386690884
1048 1289 15389988
2821 2238 411223395
1618 1234 857082512
1764 589 81332908
695 226 29996762
1923 1252 32469970
2206 1787 660116172
257 2060 60264637
1511 1099 138638365
1999 2222 271527821
67 1712 996502550
2471 1194 256823773
1044 236 430227064
516 2298 507620939
940 707 221717660
849 189 148424248
1981 257 673589468
1444 2949 105539532
2147 1773 936567345
1010 789 327597628
1298 2147 515145757
2059 1117 962102351
2011 1515 372491979
2749 1910 75872541
515 2533 407278452
128 1532 352175386
1035 776 527616259
2652 1889 57582418
2850 440 905115387
1443 1232 179753205
1259 2344 754623640
2269 2489 287283990
680 2590 19802164
1375 1232 465321135
1011 2328 620996332
2473 822 693422312
1215 33 137641603
844 420 292908440
1883 1717 980459909
564 997 156943883
1854 2160 88377263
2440 1661 776425477
437 2900 464362126
614 1489 677309191
958 116 640118885
1499 281 551539152
2531 2188 181009747
962 2593 1637414
2410 2592 875772597
1830 2730 713031381
1119 958 55209673
916 2331 402910712
277 772 260238483
2646 1398 147779446
2706 1778 47424515
1559 1496 369122767
2660 2385 473323095
339 677 718870808
2716 357 639966910
2996 1366 435135044
138 458 947076925
2701 1372 63786148
554 2230 643914198
2113 157 748564400
2918 770 451135462
98 2617 853879047
2001 2398 848812494
1307 83 887113396
878 370 269460182
2285 2833 891295666
2018 547 767715661
2576 2508 175634098
2519 2604 345571572
2867 1505 109724442
704 529 383566236
1777 1560 436898897
322 1806 877115916
782 501 316676921
2903 1197 740802345
308 2833 926589436
1633 856 676227408
2223 2033 239608843
801 2022 796405766
906 651 873433188
2273 857 797304275
1692 2376 618127891
483 1580 852156010
891 1709 559791354
2707 713 856333
988 350 920139475
887 2280 595552559
434 1821 818466422
1913 1551 374459738
799 1161 519620439
1402 958 552197714
811 2900 559841619
796 2919 839653499
212 776 379046059
2980 1955 451284343
390 1203 745065552
1344 1271 245090835
739 1582 714215008
1497 1881 801431139
2089 1760 990151408
1736 2846 934286378
305 466 482781452
2888 1211 259061632
1928 2060 358231547
2182 2899 632081326
2093 2398 359441606
182 2597 136443484
2010 2367 870669819
1216 2833 446791918
1601 1788 227717038
74 2522 873176618
371 642 794166208
145 44 910798877
1059 1846 289141347
298 2097 148778047
26 1429 733010652
209 2356 442601941
672 2899 702429323
750 1140 913111702
2883 1295 69204520
496 301 816395153
1235 1429 893145423
1525 2833 340582989
440 61 567756349
17 2617 91098673
1142 2634 629326811
1069 1767 460534822
295 2199 776686076
1922 111 851207290
628 411 969613283
1986 587 134159111
2591 473 471221511
2275 560 564592020
2119 2057 223501337
2257 297 303684218
826 1682 782736965
659 271 746137994
401 898 833412792
1144 2596 770352942
2914 2991 697592418
311 1939 165523917
1972 1725 845210108
2013 2323 348856692
2190 1519 517320780
497 743 701236658
408 1054 130588327
1080 1960 497497538
1028 419 76924343
2030 2031 449783535
2490 1106 360460926
2324 2064 614392628
812 1070 817006490
2476 1445 657373730
173 2251 631487178
2630 2199 567701510
2145 1697 898409136
2970 2825 635817290
192 2295 862344408
955 480 240358427
140 2634 252687353
848 1312 860825676
1155 244 586919545
1092 2693 256294265
1895 2335 839455542
1961 2921 107468655
2594 1194 941464707
1456 2085 393343691
1937 1166 607899504
793 943 508989408
1093 1648 889528142
2432 2118 167549917
444 559 599803249
927 2294 199309359
389 1293 588378935
506 1129 446234148
557 1980 97537097
2153 2834 597719248
2149 2612 312587040
2058 963 379022644
855 2156 832376267
1788 2899 33233051
2984 2994 463535854
1832 67 621788999
2851 236 979943181
781 1806 556928845
1037 1135 1509386
1016 2484 452013501
1321 1641 567578860
2777 1221 151249925
1621 1448 215090145
407 2777 875505046
1658 534 924102277
2146 396 831453127
348 721 610519652
1020 1375 232909306
1269 585 151499709
162 1983 284225021
1410 1940 787684489
630 470 303618737
538 1283 549579707
307 2643 508968688
2858 1703 905437896
866 2616 132138156
2635 716 66177896
2156 1129 786365523
166 1274 839754654
1220 1871 826389626
809 398 466907638
1045 2874 775391673
1952 671 24961549
2375 65 955225299
2688 2693 465263958
172 1474 888686362
1567 1657 820460058
1508 2745 314756369
485 44 566294208
360 189 250730834
1685 460 419956046
1532 822 304431538
2605 1496 763722543
2498 342 747207842
648 2926 247417142
68 1889 973422808
752 1521 157390306
1297 2962 40929069
1635 2471 140101603
8 944 947538633
1004 2255 543050973
1753 457 875055484
393 591 698680427
248 2117 184967279
2691 677 519434086
2338 1760 933823227
1570 1397 301781350
438 997 593760728
2545 958 10006152
2722 2543 933328506
1843 2164 410849137
1243 495 387292343
201 1834 286413203
473 2939 408711340
2007 1035 304748462
1747 1194 557431009
2989 2873 315234970
1933 951 98118315
1433 951 476718659
2448 1504 62127825
2205 673 85859571
1593 2533 42538098
965 2900 290063062
967 811 830783014
577 993 418410939
691 313 237627746
743 2457 756400408
1917 713 851965472
2871 1375 506722384
1770 1909 894203070
186 2507 294482743
1029 2573 938909222
1418 48 679742677
2434 943 414484014
2761 1866 316966505
624 2199 702918210
911 1020 623014577
1226 576 927851584
456 175 906221416
1637 1162 651999651
1857 2677 995505424
2164 783 108370658
1870 559 589858033
1942 1585 818024218
230 204 370724192
2148 2697 928616938
2443 842 374691396
1250 156 651051422
1802 1734 13299670
525 1191 43466638
2475 1140 729107367
1331 1078 544434376
2109 2099 554837479
2800 1550 133467372
2064 1617 962305763
574 856 267960151
2992 2634 162728655
2621 557 481616516
726 1975 404183493
2897 2222 397487534
426 272 205812749
2650 986 464173752
1573 1349 471023262
2732 84 940310609
50 2457 40830437
1296 2840 829568595
2998 1916 925095108
1990 1747 70077548
1852 661 480836061
1795 1611 744451327
1465 156 118915343
278 655 64598604
697 2348 392918848
2121 1252 717678541
309 1879 925141597
2697 889 827023331
2181 2992 474246558
1675 987 915440049
1846 2335 750651918
986 78 274166088
1017 1934 431520074
1134 569 844632068
231 2384 663133832
1822 1418 290120501
1121 2596 908642266
175 1550 834040576
45 2873 666526644
1841 2070 97954183
2238 411 283674283
1239 1402 789886024
2291 2426 789648255
1811 2505 276652482
1290 2903 519664475
1110 565 559197533
405 1474 665291866
882 805 625328523
2816 2393 913935949
2806 1975 949450793
2481 654 175731131
47 2508 860607787
2582 1209 276183848
2788 2425 447931256
2048 1662 491682458
966 1950 486794771
1530 532 933134680
2602 2311 548792186
368 2275 971935221
2250 2693 856595282
1370 1234 530028684
2690 2124 121977923
96 700 270960972
1057 1937 457409569
423 2356 534788918
1376 1918 312985164
367 560 707875621
698 1030 67773528
2905 2874 650943758
2873 2919 899480303
1081 1975 936975241
6 1223 468428534
1938 1876 571487632
1584 2228 849707246
585 572 374241413
594 766 74432156
1438 84 290628217
1953 655 448934636
1899 664 960056490
908 673 764262930
446 1510 959524430
159 814 640991218
1105 281 921142158
2774 2617 971437762
1977 2494 97888468
202 2694 875645932
644 2168 454789705
2853 1734 693194040
2014 1806 197534617
2315 210 637566506
2699 1188 146626553
373 2688 441317800
2700 175 662990954
471 743 890949600
1813 2508 953164350
329 1788 857485416
468 1108 640548827
2477 2512 243523238
1825 447 262253502
1575 954 513336433
2049 552 477099459
2217 2929 111151864
537 2471 550461090
1395 1982 221302242
2513 493 599636924
1458 673 128332470
2211 1600 649160472
2583 1876 392323197
1042 1560 851462567
2353 2450 515767206
2579 1409 239952335
2019 118 617654824
1172 2759 36323366
1087 1382 115855341
5 2270 108078718
2844 2507 587991406
1422 713 772999969
1225 1891 85510810
668 913 429701725
2954 2701 758356988
820 560 344950850
2039 2437 995933723
1253 453 547893929
2308 1161 322073380
1565 700 72994168
1088 123 278103750
2207 2541 708824869
749 1834 657027677
83 1980 700218744
1151 240 288543058
1858 1120 455984788
1973 325 491592128
1707 410 853284919
197 1121 136403291
2512 2205 885116224
2230 96 293741197
2053 943 377213809
1665 2114 911541217
1381 701 952107382
1032 282 549167524
2425 1483 90531110
774 1228 431380937
353 239 511147528
1698 700 958024205
1653 1920 293976087
191 1356 931468891
2333 2280 147491017
1102 2455 980591472
1987 2760 186968141
1806 2693 607078850
2016 2586 31321876
1794 2349 858064542
1027 1170 109489555
2069 1219 793414031
474 2036 531079238
79 2439 734544902
2818 2222 51081719
335 1975 548621623
850 449 54424639
1996 2407 367439936
627 1142 649910349
1566 2549 700533392
2631 889 500471270
1485 1336 344055942
1127 634 159064236
1602 54 60299352
2288 1050 634377122
379 227 286968118
2185 1074 485202671
349 1459 602508462
589 493 962580449
2271 2625 355781714
1322 1150 884888373
1715 1106 523760023
2499 2603 644630932
553 1773 759870463
2241 558 209962081
1423 2568 804572538
1486 322 798865073
107 57 243004681
1610 2126 869551258
2958 2633 535342500
1620 2074 605870768
1684 972 965410654
2161 2348 272303564
1751 2433 795935942
2712 1362 719739663
2134 987 883605647
856 2328 260562982
2236 2336 272492402
2311 118 677043151
905 1293 764908114
561 2607 6403738
9 777 755112097
1877 814 199974388
2946 1127 159462658
880 459 101714273
954 1797 956519471
2967 1027 300427272
2120 447 387279389
652 1051 492654196
161 386 480446301
1478 338 720204440
239 2097 830840517
279 258 935899668
1158 512 123093839
869 655 552159926
501 1023 275637312
2994 42 906421570
2361 1550 71063436
2634 1007 405259381
937 2216 200930936
2139 1439 988396615
1115 901 425971841
243 2779 482835313
2152 1667 956692092
2336 2348 575950126
951 1325 682027006
190 682 979541828
1613 1194 836812541
717 2899 196459589
719 1532 498835383
1025 2195 665285138
352 252 537471186
1377 760 211838624
2589 189 914528196
2072 724 992472830
2947 2778 587492724
105 642 220039830
2731 908 267842337
524 2123 38340274
1136 571 983675779
1095 2644 748279362
228 1466 548736559
1881 572 199856604
2680 1418 170438463
2588 2778 106810883
1389 2455 118297905
1853 2060 179326379
1966 584 924277007
2573 965 197619964
1424 1323 104547536
2358 169 818311254
1128 1420 545550846
2673 963 629437845
579 1538 404179608
2535 1198 83199893
822 567 506952249
785 528 805680120
2899 568 731412345
2795 1150 529848614
2362 673 838508946
674 1057 566623893
2784 551 647305286
2107 1194 363900745
1900 943 496419328
2261 2342 701513886
2698 281 185208889
2868 1334 185452357
534 1652 64070173
101 551 382163595
1864 2174 396625773
835 1797 429426657
99 885 440642470
1073 1293 397101720
1204 1439 234826595
1120 252 964233195
378 1702 132854783
832 1975 533753666
3000 2859 254099838
1139 1475 620633269
1407 1023 689296045
968 2560 951961550
2381 1632 996720519
344 132 11706515
1628 221 240952281
1552 1063 737135810
1920 944 535414825
210 1498 416654686
609 2939 667694804
522 2408 722490474
2125 1238 600978806
282 1917 133633780
402 2989 372642957
1947 231 377271124
2953 1862 992444768
2865 1228 370617269
1106 396 178175517
2160 1965 622492884
1357 1881 205946433
2159 1194 831957255
917 2899 824539964
1787 2873 889820033
2402 651 557115219
372 713 340440020
883 2717 984520904
836 1741 905703862
705 2866 797551417
1308 951 104739079
983 1975 834271045
942 1834 978378258
2677 642 976502389
605 84 468399123
1876 2833 172125528
334 1198 953559544
1097 781 725254639
2313 2507 862467947
2520 1898 577843787
2360
252
535
286
568
349
320
597
620
34
505
319
107
2
559
572
647
146
605
377
53
452
395
641
90
374
291
71
175
340
433
376
670
297
384
93
259
556
418
48
680
78
49
35
33
21
686
301
317
451
112
691
643
360
416
548
322
222
51
541
626
12
284
154
333
256
706
394
622
455
474
407
712
227
558
457
276
187
683
675
532
238
722
521
82
725
646
727
555
358
278
707
397
52
512
623
507
161
631
138
97
120
593
189
573
127
746
366
335
582
67
411
26
364
610
462
690
581
461
759
36
678
171
763
432
470
766
752
650
459
121
753
640
274
42
167
702
434
578
774
739
601
79
651
145
785
542
591
305
204
790
791
485
195
794
435
716
797
250
188
800
10
139
638
804
399
229
277
23
809
810
255
347
776
400
486
816
817
562
506
337
29
822
751
734
825
826
287
327
343
830
342
456
279
834
231
772
793
261
692
497
324
57
132
482
405
184
659
336
849
325
851
845
314
509
604
664
682
545
30
744
861
862
863
248
543
83
867
408
869
735
871
122
873
54
16
115
3
519
846
880
87
484
561
429
110
575
885
193
186
875
498
476
549
894
331
648
569
164
70
644
844
695
903
4
653
194
907
223
1
510
425
144
157
914
719
401
917
918
104
920
921
915
787
272
853
835
8
792
63
529
150
385
933
627
935
710
185
938
939
940
477
942
600
584
304
100
947
202
81
148
479
62
528
954
323
73
708
705
373
328
574
838
758
964
799
966
309
537
315
129
149
369
926
439
975
464
662
978
428
980
632
18
515
984
985
812
91
988
989
58
265
992
993
946
375
996
943
170
341
219
218
1002
338
130
370
945
855
441
290
499
143
480
813
183
1015
443
1017
5
450
728
414
1022
820
1024
522
1026
1027
28
1029
1030
1031
22
47
1034
1035
431
438
249
660
642
1041
444
877
1044
176
310
896
262
850
1000
840
365
779
551
1038
1056
514
1058
55
1060
909
1062
1063
106
611
1066
488
1068
703
1070
901
955
1073
1074
13
856
363
698
1079
577
615
788
898
1084
288
827
215
268
318
453
1091
864
720
1094
1095
1096
1097
972
1099
211
807
356
1103
293
723
1106
1107
294
1109
1110
1010
949
1113
963
1115
1033
125
990
783
1120
1121
1043
694
1124
1125
1126
876
1128
1129
908
1131
1132
1133
1134
1135
1136
1137
387
1139
784
910
1142
1143
80
1145
1146
1147
1148
1149
567
824
1152
1153
118
1155
212
72
1158
1159
1160
1161
1162
136
1164
770
1166
153
1112
854
1170
1171
1082
1173
1021
1039
997
313
1178
1179
1180
1181
504
621
1184
948
1186
679
1188
334
32
7
729
1193
868
967
1196
1197
847
1199
163
350
1202
1203
821
884
1206
1207
1208
709
1210
616
357
1025
1214
1215
468
1217
1218
1163
754
1221
263
1223
421
1225
89
1087
517
270
1230
1071
957
198
117
1235
1236
481
696
1239
557
6
1242
467
1244
1245
745
1045
1248
381
1250
1105
1237
523
701
1255
1090
1061
887
1222
300
1261
1262
1263
1264
1265
1266
1267
1268
1078
645
478
778
740
629
730
1276
1216
1278
285
1177
302
1282
1283
500
693
1108
1012
1288
1289
1102
275
1292
1293
224
1295
1296
1297
1003
1299
843
983
960
86
391
1305
513
181
619
1189
979
761
1312
1212
1314
1054
904
1317
162
1310
924
563
1322
1323
1324
389
1326
1327
1328
906
1330
583
1195
1333
492
1335
1336
1224
94
1007
1340
1341
1150
769
1344
105
326
264
1348
1349
1350
1123
553
1353
649
1233
1356
1357
789
1359
1360
1361
1362
1363
1364
1365
1366
1367
1368
403
1370
944
1372
159
1374
1316
1331
618
870
1185
968
700
1175
1383
1384
998
959
1387
1388
1104
1390
1391
1392
836
1394
1395
1396
1397
1241
613
216
1053
206
1403
1404
1405
1406
501
1408
818
207
1118
1412
491
1414
1415
1416
1417
1418
14
1420
1421
463
1423
1424
1425
1426
1427
1428
1429
1430
536
550
1433
436
1435
75
795
1434
1439
1440
1080
1442
1443
1444
493
1446
1447
995
1449
1450
1451
773
1453
1345
1455
1456
1457
282
1459
116
1461
1122
1463
516
1465
1048
594
796
786
232
1471
1472
1473
172
808
974
1477
1338
1398
25
241
1226
1483
1484
180
1486
1144
1488
1489
1490
1491
1492
1493
1494
1067
755
1497
1343
1499
1500
1501
1088
1503
1284
1040
1506
419
1508
1509
1510
1511
88
1513
1371
1515
59
199
20
1519
1520
210
1522
1240
890
1525
1257
1389
1528
798
266
1498
1532
1231
253
1535
1536
1537
1538
495
1540
1541
1167
539
607
1081
1546
103
124
392
1550
1551
1552
1272
1554
895
928
991
1558
1559
1560
829
657
383
848
927
596
1452
1568
1569
1570
1321
1572
934
65
1575
1576
1577
135
1579
1580
1581
1582
987
881
1585
1586
958
1588
1589
1590
1591
1168
1593
1594
1545
1596
937
56
330
1600
1601
1602
866
1604
1605
922
743
565
1609
1610
1611
1612
283
749
1615
1616
1617
1618
1619
1480
1621
1622
1623
1624
771
1626
1627
1548
190
1630
1629
1632
589
1634
1635
66
1637
208
1639
1640
1641
1642
828
1286
1051
1646
1647
1648
84
1650
1651
1422
1653
1654
1655
1656
1657
1658
1659
1660
1661
1662
1663
1664
1665
1666
674
1116
1669
1670
1671
1672
1673
1674
1675
1676
1677
321
823
410
1681
1682
196
1684
534
1686
1687
1688
750
916
1479
1692
1693
1141
131
1696
1697
367
1699
1700
1028
1702
726
637
1534
1706
1318
1708
579
608
1711
1712
1018
483
1715
699
1717
1718
1719
1720
1721
874
412
668
929
688
1727
1728
1729
233
1114
1732
1733
371
986
1736
1737
1738
388
554
1741
1742
1743
951
1745
473
1747
614
1749
1750
1279
1744
839
1555
1755
1756
1757
1308
1759
1760
1761
1716
1763
1764
1765
1766
1767
174
1769
1770
1771
1772
1773
1774
240
1776
612
931
1476
1780
76
1782
1783
552
1785
1786
437
886
802
1790
1791
489
1793
630
296
1796
281
1302
1799
815
760
1802
782
1804
1805
1806
1807
1808
1533
1810
1811
969
1813
1814
1564
362
1817
1818
1819
1820
1821
1822
1046
1824
60
1826
1827
1828
1829
1190
1831
1832
1833
1834
1835
1836
1837
570
1839
179
1841
1723
1843
1844
1845
406
1847
1848
1849
1850
667
1852
780
1854
1855
1399
1857
1271
307
1020
1861
1862
348
1864
1865
1866
1867
1868
1869
1870
155
1872
1873
1380
1762
1876
1877
1878
1879
1880
1881
1882
1883
1884
230
1886
1887
1888
1889
1890
1891
1740
1893
1894
1895
1011
312
1898
731
1900
1901
1285
1903
1904
1905
1906
1907
1908
1909
257
1897
1912
1913
1436
1915
1378
1111
1918
1919
1920
1921
251
1072
1924
1925
1009
1047
1928
1929
1496
1931
1932
1933
1934
672
1683
1937
1938
1351
237
1941
1942
1943
1896
1945
1946
1947
1948
1949
1260
1951
1952
1953
1954
1955
1956
1957
1521
1959
31
1961
142
1963
1964
1530
1386
1967
1968
1969
1803
1971
402
1973
1974
1975
1976
1977
1077
1578
1980
1981
1982
1983
1495
1985
714
1987
1988
1989
1990
1991
1714
1993
1994
346
1996
1997
1998
1999
1587
1064
2002
2003
2004
1298
2006
2007
2008
1524
2010
2011
2012
2013
2014
1277
2016
544
1549
2019
2020
1603
2022
2023
2024
2025
2026
606
1860
2029
2030
260
2032
2033
2034
681
1916
2037
2038
833
2040
2041
2042
2043
1625
2045
2046
2047
1320
2049
11
2051
2052
503
2054
267
2056
1752
98
1795
2060
2061
891
2063
2064
2065
2066
2067
2068
2069
2070
2071
2072
1812
2074
133
2076
393
2078
2079
1633
2081
1758
2083
2084
2085
2086
767
2088
2089
2090
2091
2092
883
2094
2095
2096
205
1539
576
2100
2101
2102
1777
2104
2105
1753
2107
2108
2109
831
2111
2112
156
1734
2015
2116
2117
2118
837
2120
2121
2122
2123
2124
2125
1518
2127
2128
2129
2130
2131
1385
1960
2134
2135
2136
2137
2138
2139
2140
2141
2142
2143
2144
2145
2146
2147
2148
2149
2106
2151
329
2153
2154
2155
1815
2157
2158
2159
1065
2161
201
1556
2164
2165
2166
2167
2168
2169
609
2171
197
899
2174
2175
2176
2177
2178
628
1280
2181
2182
1597
1093
123
2186
1274
2188
2189
1566
2191
2192
2193
2194
1253
2196
1076
658
2199
2200
2201
2202
2203
1156
2205
742
2207
2208
2209
1259
1438
423
2213
2214
1315
2216
2217
2218
2219
2220
2221
2222
2223
2224
2225
1801
141
2228
781
2230
1256
2232
2233
2234
2235
2236
1182
1592
2239
1507
2241
2242
2243
2244
2245
2246
2247
2248
2249
2250
2251
2252
2253
1583
2255
2256
1514
2258
2259
460
2261
2262
1690
666
1512
2266
2267
2268
2269
2270
2271
2272
2273
74
2275
2276
2277
2278
2099
2280
2281
2282
2283
382
2285
2286
805
2288
2289
2290
2291
2292
2293
526
905
2296
2297
1187
2299
1401
2301
2302
415
2304
2305
2306
2307
2308
2309
2310
2311
2039
2313
1830
2315
2316
1393
2318
2319
2320
2321
2227
292
2183
1413
239
299
2328
2329
2330
2331
2332
2333
1595
2335
243
2337
2338
1468
280
1466
2342
2343
2344
1402
673
2347
2348
941
2350
1526
2352
379
2354
1607
2356
2357
2358
1213
1377
2361
1273
2363
2364
2365
2366
1269
2368
2369
2370
99
2372
2373
2374
2375
2376
2377
2378
140
2380
2381
2382
2383
2384
2385
2044
2387
2388
2389
214
2391
2263
2393
2394
2395
1036
2397
571
1863
2400
2401
2402
2403
624
2405
2406
2407
2408
2409
2410
2411
2412
2413
2414
2415
2416
2417
2418
126
2420
2421
2422
2423
2424
447
2426
1680
2428
9
2430
2073
2432
64
2434
2435
2436
2437
625
2439
2440
2441
2442
2443
2062
2445
2446
2447
2448
2449
2450
2451
2452
2453
2454
2455
2456
2457
2458
351
2460
2461
2462
1644
2464
2031
2466
1130
1037
2469
2470
2471
2472
2473
2474
2475
2476
2477
2459
2479
424
2115
2482
2483
1652
1369
2486
1557
2488
2489
2490
2491
2492
2493
2494
2495
2496
2497
1023
2499
2500
2501
2502
2503
2504
2279
2506
2507
2508
2509
2510
819
2512
2513
2514
2515
173
2517
2518
2519
2520
2521
2522
2523
2524
2525
2526
2527
2528
2529
2530
2172
2532
2533
2534
2535
2536
2537
2538
2539
2113
1270
2542
2543
2544
2545
2546
2547
2548
2549
2550
2551
2552
2553
151
2555
2556
2557
2558
2559
2560
2561
2562
2563
2564
2565
2566
2567
2568
2569
2570
2571
2572
2573
2574
359
2576
2577
2578
2579
2580
2581
2582
2583
2584
2585
2586
2587
2588
2589
566
2359
2592
487
2594
2595
841
2505
2598
2599
2600
2601
2602
1751
2604
1892
671
2607
2608
2609
1151
2554
2612
2613
2614
445
1516
2617
602
2619
2620
2621
2622
2623
114
2317
2626
2627
2628
2629
2630
2631
134
1645
1816
2635
2636
2637
2638
2639
2640
2641
2642
2643
2644
2425
936
2647
2648
2649
2650
1923
2652
2653
2654
2655
1840
2657
2658
2659
2660
2661
2662
2605
2664
2665
1858
295
2668
2669
2670
925
2672
2673
2674
2058
2298
2677
2678
2679
2680
2681
2682
2683
2684
2685
2686
592
2688
2689
2690
2691
1228
2693
1620
1227
1598
2697
2698
2699
2700
2701
2702
2703
2704
2705
1553
2707
2708
354
2710
2711
2712
2713
2714
1698
2716
2675
2718
502
108
2721
1709
2723
1198
2725
2726
2727
2126
2729
2730
2731
2732
2733
298
2735
19
1306
2738
852
1119
413
2742
27
2744
1204
396
2603
2748
2749
2327
2751
2752
2753
2754
2755
345
2757
2758
220
2760
2761
2762
538
2764
2765
2766
2767
2768
1636
2770
2771
2772
2773
2774
2775
2776
2777
2778
2779
2780
2781
2782
2783
2784
2785
2786
2787
2788
2789
2790
2791
2792
160
2794
1962
2796
378
2798
2799
2800
2717
2802
2803
2804
2805
2806
2807
2808
661
2810
2811
2812
1246
2814
2815
2816
2817
2818
1794
2820
2821
2822
2823
1032
2825
2826
2827
1910
2829
2830
2831
2832
2833
2834
2835
2836
2837
1917
1432
2840
2841
2842
1127
2844
2845
2351
2847
2848
2849
1050
2851
2852
2853
2854
2855
1561
2857
2858
113
2860
2861
2862
2863
2864
2865
2866
1748
2868
2869
2870
2871
2872
2873
2874
2875
2876
656
2878
2879
422
2881
2882
2883
2884
471
2886
2887
2888
2889
2890
2891
1778
2893
1995
2895
2896
2897
2087
2899
2900
2901
2902
2903
2904
2905
2906
2907
2908
2909
2910
2911
2912
2913
2914
2346
2916
2917
2918
2919
2156
2921
2922
2923
2924
2925
2926
2746
2928
2929
420
2931
2932
2933
2934
2935
2936
2937
1846
2939
2940
2941
1183
39
2944
2945
258
2947
2948
2949
2950
2951
878
2264
2954
2955
2956
2957
1703
2959
2960
2961
2962
2963
2964
2965
2966
2967
2968
2645
2970
2971
2972
2973
2974
1251
2976
2977
511
2979
2980
2981
2982
2983
2984
2985
2986
254
191
2989
2828
2991
1342
2993
2994
2995
2996
2997
2998
2999
2575
