2432 2527 610 489
2013 2330 388526345
228 1569 184335589
2188 2017 849054213
2060 1886 882358681
2198 1796 77614912
1997 2176 109155103
1180 456 499200477
1068 2280 523473468
1383 1154 499130722
959 1879 33841688
718 912 526450311
874 912 978881845
327 932 271742801
1077 1355 575609756
1077 688 646658655
1941 1365 896538712
1925 2264 941948804
1425 1483 404927528
1094 2169 45361045
1440 436 621443439
1420 576 848393603
48 1149 374691183
197 1211 358450859
1936 2376 530150582
874 2429 71156332
2356 686 294261463
310 993 20751610
87 1448 421875549
1068 1802 955925873
247 317 298636285
2359 521 873258797
1863 1347 327177738
2052 1649 398969432
1589 1944 150605101
1586 2128 432145859
1914 1507 913280852
2248 731 144924153
543 1207 812617194
508 963 657634705
2097 1221 616900681
218 1308 232357572
621 2201 177809772
734 1546 871817278
76 929 447569641
1053 1483 484498232
165 1137 544940829
2126 91 220505286
2163 322 156254888
381 551 33741421
2294 2111 76293915
132 1284 710238712
550 2405 90709232
672 422 899530379
1864 1522 94309562
135 1301 515950328
2326 1510 420034461
2357 807 680157009
156 226 746751743
2255 2003 451331517
2269 807 360696703
392 328 132526735
83 1990 960057125
1673 48 157841812
1367 1570 240953563
126 1781 457687212
2398 1186 161662748
153 225 142651291
722 407 91951082
737 2179 469775136
641 2421 621544965
161 1375 611720007
1552 214 986992473
796 708 792685307
927 85 982311095
213 947 744542943
2023 2260 113242312
1017 381 42518365
1061 1675 300528702
2386 1430 411791358
1392 1084 665918795
603 730 108249596
360 404 887031382
55 1675 723542549
413 1589 453119468
1538 1157 260442017
2289 465 765304820
833 2111 355148518
1872 438 963654182
383 990 323331243
344 1 730122686
2293 1328 428145418
1510 891 511683692
1101 1144 349360522
1029 844 510727821
2280 2222 242629228
2091 893 400281760
2358 823 506719557
1824 1173 880718322
564 1705 94352588
2115 492 677334172
599 1343 571220469
1640 333 257085615
395 1665 651996734
1910 706 709780653
2146 797 157829448
1455 74 614555962
733 2341 100254632
165 2222 385366546
1159 1656 436335871
510 131 380321341
1223 1599 832615751
1176 1277 661659521
1782 328 218863471
699 675 207153432
100 94 715079978
112 1534 948196259
1441 1063 307611652
495 1166 96704094
1575 171 268446134
1266 1985 373604244
61 1683 787704250
725 2359 347037780
285 1083 405789728
495 2051 446928228
1726 1178 6775202
2419 344 973415797
1257 1356 478502646
65 570 557482648
1676 365 756964707
160 1915 704314608
1859 706 877624471
1322 1987 77660841
404 1566 575874998
1771 1980 612608296
691 2382 987567542
1757 693 412183939
2404 1556 575384809
2069 313 305476659
785 181 58147291
942 1395 213275144
926 954 754708829
1737 996 256016476
1083 234 45342177
1952 359 890058891
2351 1722 917429769
269 1118 969460898
1771 1047 59245177
714 1719 792862037
1363 94 298470132
196 612 214033718
607 2276 593545382
323 1318 446328100
1121 295 372925374
1334 304 359717889
2371 853 635776064
2016 2430 369447335
1171 1404 890319896
2265 1533 54974235
1875 1893 477360753
1791 1145 738521091
75 1166 694313543
1891 873 958517077
2189 292 83439162
911 1013 195845969
1809 71 427610021
1080 1375 966053040
1332 1361 249491183
1984 100 391338781
408 2112 992648992
356 2341 723459812
2048 18 23140535
1597 1478 386463209
1601 1604 192980922
1484 201 643387354
1483 1528 552059661
874 187 93931944
1164 854 191849223
2355 2419 71961138
439 2158 861056834
1089 1616 829222467
2199 2114 743636914
1346 2280 520214462
1270 1604 331223800
1898 2063 211884568
2019 1027 573129208
1927 1410 645767173
430 714 118610088
452 401 123784309
18 1415 566885419
61 932 224831169
1994 1501 465702941
251 1849 826562593
2129 1233 799854384
467 1734 998081121
104 1888 387179767
2048 323 988533716
2413 2387 952023297
8 2229 68143752
1686 1666 873671978
1892 1115 64161467
848 655 234274093
1196 1393 53998732
802 966 347643260
267 985 305820917
632 2187 860927827
967 1844 712305144
2194 2402 622868490
399 245 625874968
1506 380 11684266
806 836 848689930
963 2226 305565891
2291 2054 315448236
304 57 826475388
582 1896 372336950
618 1525 485294059
798 1715 225482158
1820 422 810630055
1571 268 17368993
2376 2367 103009434
1305 803 800175887
1574 6 173102875
980 803 131241382
824 1139 10620731
1763 1238 365181491
609 1048 510818142
2294 36 874465621
2052 1289 348030477
722 2335 518054771
1684 448 942616331
91 1237 358637039
1227 858 494293413
2280 59 366583195
351 462 501999182
1552 1890 217657451
679 1210 394964842
1122 1463 794030188
516 1999 674956650
757 1938 77996533
1238 1226 398932504
571 677 384781595
475 292 815908147
1163 2094 183188585
1039 674 914759742
1453 136 807654096
1968 1396 580401556
1707 28 86274780
1746 2137 662267072
31 532 412177705
959 2344 252463115
1490 816 477660692
343 2368 338975061
2124 1575 589384884
835 532 174235176
1210 1989 127498507
1368 1223 973860106
1270 2278 327811448
2028 2277 541261842
1479 2212 914974576
466 295 631988925
2065 892 971244909
877 2211 887501569
2255 1116 244061221
2350 257 790999970
427 397 38306047
1603 2300 302523845
1209 2191 524594626
1358 793 733774786
1278 595 347659151
1277 1081 376566590
164 1362 655227665
1110 2015 782523511
1377 821 774066162
725 1850 769570529
480 82 558716304
1299 1021 605015282
429 11 575979248
135 876 678721850
2151 1840 229620722
1951 2168 175090357
1559 1600 198123462
1513 2072 298819684
1097 893 774469278
2360 264 575502873
1128 644 577280677
313 552 333063827
1278 2223 989179438
1593 69 227268810
900 239 491306288
2025 122 122918026
1450 1813 159068146
294 1394 377090118
1674 2331 80797442
492 1017 722954789
98 647 695410795
298 783 888355937
467 2283 690919462
360 2049 77401809
2196 1627 458361296
1488 988 358169539
722 1739 386243997
1442 1528 370321423
598 1518 415465612
305 1171 208954984
2074 667 638798812
1742 886 176231413
478 156 147626429
2057 1648 210350623
1743 1190 232169291
402 310 831593900
2378 1574 61353399
1288 220 632267020
1689 563 216066759
1813 1878 649366515
2138 737 427108992
2218 1277 110128679
537 931 409258528
129 2365 120473498
284 1091 950456913
416 753 326954427
2 264 844145820
1434 1930 790170632
1315 1834 678688283
42 2116 316383719
1170 98 919910770
559 860 284736950
516 13 380042239
900 1907 641712416
858 1395 189059664
1022 2133 150496434
2076 635 589240789
2003 688 592302765
158 272 300413398
531 1059 600985885
755 853 321958
297 728 222077226
48 269 898216473
1375 2384 198919085
1085 1347 881160754
1968 450 849908486
1015 1397 464724769
441 2165 586408492
1888 213 988692331
577 520 247689477
1765 1931 870763370
1605 904 507257847
292 1760 654031096
9 1013 506291902
1961 1352 950140007
2338 266 362258047
1755 1241 796145331
294 1658 674948381
495 622 881049850
1840 1825 831518667
2130 1389 110085932
302 2308 252230883
2171 195 137746430
1371 389 385233653
1821 924 299151395
1208 2372 157789473
31 1000 118047422
1936 303 633259689
1646 1328 719291153
1867 1503 189328833
941 983 750678394
1962 1691 12177833
768 2173 344034208
800 769 330564093
446 960 348177897
169 1995 133365067
768 781 947384879
106 1698 735631078
1180 18 886135218
2044 336 338785785
1019 1518 457500239
1016 2208 214625246
1393 1538 999288050
1693 1672 70583216
532 2390 936216392
290 2288 231752478
1849 785 394809017
242 221 655730306
1330 140 553338005
1832 1581 431091761
136 848 295607180
1799 594 414708500
1801 125 853023331
1606 2100 714989175
1107 1515 499779557
1211 465 726675744
2221 1510 234218518
1485 1092 920255907
1091 295 269601454
1361 2211 502348788
1591 670 844505797
2318 1805 716894782
1178 276 410045386
1820 566 668763890
1915 275 716556729
2241 1209 969372705
473 2065 68616333
1063 1266 3319822
2223 1252 772997874
122 824 405063423
927 635 979529278
408 905 48604243
2234 1601 343748002
73 1966 779329241
1200 1638 62533788
1036 2233 495639134
2314 283 579061423
1659 48 22241415
1583 2152 55260758
2110 1262 296432353
931 2157 727170869
412 321 821429814
1825 87 695499154
1434 2277 203003682
2140 1743 142827778
1550 1936 213138405
812 1292 668002407
2072 327 541987193
419 511 526697241
1496 765 954472935
2212 1065 414987618
419 1463 789328341
1066 136 105810992
694 353 200829283
1346 1218 687934469
1393 846 329990712
374 1768 732006705
1334 2195 605808343
1437 769 36468547
1464 1354 668981558
1293 1241 441433533
1010 1594 778806417
1334 1819 345430022
1555 1426 646886523
1463 115 54531236
1795 1862 777442101
1240 2157 649754026
354 1473 78346562
1895 109 475222126
1533 197 565066810
441 367 203383935
32 1048 864070366
489 1639 874349013
626 2228 980188780
1208 840 994136138
1747 578 960291637
469 2179 580712521
2299 880 600010860
25 1815 606594756
1749 124 868363071
1102 1833 942056555
154 580 774711083
1827 2059 70636570
843 2307 118060428
1939 2310 270364818
882 974 675440755
1702 2010 654167915
203 632 641789627
2294 1174 445982025
1959 2137 609986910
637 1930 347233101
1995 1873 992664580
849 1393 7294926
204 1382 318892252
1967 976 436903497
2043 1090 514719663
516 2111 609504917
1002 213 779905074
2294 1717 95190362
706 1203 453744027
882 2168 317305796
581 2426 271323510
1839 1501 842946674
1909 62 415572408
1131 1451 242950580
827 833 346155028
2383 420 281649398
2020 1050 396930701
533 249 59100022
2237 1088 295297356
2083 848 386228285
1582 1662 908213171
1758 1867 754981196
940 608 862555825
1447 1483 995907604
354 2217 600945751
1810 1673 363486507
1592 998 892596395
1106 437 145840445
457 387 420965820
1248 2089 503206208
1406 251 477504246
944 758 483224043
544 259 491973559
1107 2365 646601832
361 1636 280282401
830 513 78067783
2232 520 772030257
494 2285 830771894
1833 715 635383568
1537 1869 117294831
1023 2396 801505961
3 671 705390065
1217 2022 666038139
127 1405 396610418
472 1732 735385775
313 341 510759443
1501 2226 312732269
1488 2084 381333717
2340 2111 905017962
1563 1232 827650507
205 1965 521616325
1924 903 830477329
1399 2162 283158035
415 742 174728444
1107 1579 229047224
2285 2356 118993554
1254 2215 754746744
727 2366 499149628
1540 912 251340621
287 1437 842557113
118 1678 581155450
1424 18 167062614
52 2221 728518367
334 1988 931018843
1360 996 730530191
956 214 190877384
938 1634 350104735
1631 1296 418893633
1943 962 255441984
371 1675 510795845
1861 1701 732786448
1611 280 851448230
278 1570 984564652
1287 674 489876021
1749 1367 894031241
463 2257 228137660
1713 578 762630916
1916 1624 145164848
2425 108 316683959
1647 1321 640805159
787 918 375616525
155 845 10026119
1046 916 805924120
177 611 955246976
139 458 419073441
2166 501 869013691
2000 900 569498496
976 899 310069971
816 1225 476662830
2111 1627 932520964
608 2114 482873240
1272 51 238623521
4 1615 577302069
1128 2223 535023051
2080 991 785743450
627 1831 832664031
484 1373 630991052
936 690 366267440
1063 844 508668055
969 2155 443169397
156 98 107155997
354 2085 891231877
663 2154 696445297
1643 759 812769473
2296 1680 541620709
55 1047 393626576
418 348 645769953
569 2427 899758481
1259 1013 702199798
1443 916 386753357
547 2172 258613298
1182 2201 743628076
1697 165 787292853
2289 791 527707882
508 674 645731460
31 2106 244901322
1239 930 110116764
528 1413 224561098
1752 31 369493834
628 1260 407235095
424 235 892369849
817 2210 879909571
892 764 504852684
183 1813 311230900
1434 884 452737070
2118 2374 719431391
2373 2051 944328358
1686 1483 975530934
495 1055 965809327
1509 2084 678946783
1299 803 588865095
1168 1637 48943909
1381 2386 703987719
368 460 431318195
2066 49 924019059
2177 1204 349443454
841 408 464520339
1720 20 310517763
615 1462 734026434
1762 103 768806194
408 701 187687621
1866 722 624271529
56 804 289206814
728 992 288971301
961 1754 73052066
219 377 37369397
1833 72 320544073
1560 1816 436366896
772 511 289736005
1217 1848 146374504
2359 2267 564050517
1013 1729 873054623
214 722 634594138
1650 814 111532217
1122 1852 366077482
2122 2157 10278323
93 948 546991011
487 1805 692649683
1724 1160 914213123
1060 1833 237425953
1485 82 335502455
567 1823 823563541
1881 274 182376177
808 320 200652945
150 2387 984418622
1155 1370 796807184
1488 1374 172600407
632 1886 991494944
647 1865 775562486
626 688 6523917
590 1673 663004780
2099 1723 170655966
792 1464 190914737
1883 1706 837991301
1064 1189 721120188
292 556 860544849
868 1123 55675925
1129 1168 305429414
677 2289 239010983
1841 1946 510837744
100 965 174086618
2381 2206 957930709
1211 2152 960291297
879 1464 142582441
718 1469 877046351
782 1785 222198055
1250 1536 55600368
1269 1356 690336348
1403 2004 724249558
1503 1124 727545062
2410 1179 104556721
1191 2407 980486494
955 1532 733841764
354 1299 433965330
904 2306 448850388
1664 2015 250302455
1002 1908 963667714
1733 1069 567485917
1717 975 936333147
1211 904 232222436
1540 1284 100906062
1298 547 539392302
822 1964 505991967
1346 1001 445007829
1145 1923 370752763
1538 1699 959609631
1402 1799 517241931
2111 2362 139838448
2202 904 399011148
2157 167 575072895
1015 215 624722911
820 1510 462815821
1194 1000 343070877
1415 1824 445709649
1107 1375 886062382
1004 1935 388978295
1870 631 708511706
1900 267 257212747
2029 593 98215520
837 2144 735149297
1479 241 185718790
1312 586 598474328
1742 709 996768497
624 46 758119855
698 1011 827112630
914 600 626323735
427 1976 837102128
594 1153 899181721
2366 1601 315927699
1030 650 572907865
1686 2148 547137985
621 307 293062668
922 658 1730524
245 363 304403623
2159 2365 374449692
858 1930 513827672
1539 2387 607845089
151 1167 150807737
600 1122 42291979
1878 1663 160065347
176 2013 797604489
440 1108 745871360
1295 40 267400752
768 465 136047748
1384 207 718948557
1481 1627 119745053
933 1955 256767357
753 55 301175881
2402 2373 451206971
1592 267 390115943
1354 1485 593149881
374 2280 529825457
872 2082 637209972
465 966 695171178
240 46 294255874
1796 1724 442551635
607 2382 133339566
999 2192 500082275
2090 349 758724934
950 441 919455158
1399 1575 173859634
2350 568 368210885
1032 1913 777388232
521 2267 210535894
2085 2197 713336543
2199 631 858086838
932 1962 950989986
346 2369 213141670
306 1527 958430629
2170 545 327956882
901 440 830989629
2004 771 319365768
1964 1912 322993419
795 1726 350320487
1439 380 975485146
1648 2209 143814614
2183 2323 756449194
2423 1014 791736952
1612 404 994407948
476 1593 5268829
1332 867 344901040
2077 1363 657658299
1751 85 324169788
87 1142 685818077
2175 1170 713146718
852 62 610582619
1032 1524 764267044
1294 21 237276042
1266 1419 926744970
62 1682 896214070
104 18 255948372
1860 1961 741074062
1809 109 925962270
457 510 584911967
535 1497 510988209
2174 359 269991813
326 1035 251248279
421 524 820261789
193 768 687600625
753 1749 424760575
1673 1239 217684103
2351 573 865806059
462 2315 320070176
371 502 200584449
2415 2351 799235603
2205 1370 598780406
2231 2191 996206365
453 497 28455812
1651 1385 372562037
20 401 952206754
1380 2060 755148829
862 2210 831634677
957 1126 435624571
1415 561 657120901
1900 1082 133909800
432 2336 712123060
378 646 762704134
1598 2009 363829099
2250 1661 888701335
1681 1333 609672085
1435 524 932480909
1458 2309 217237968
1604 1401 348652188
1614 1440 876894817
1968 1122 206480023
844 1205 642946665
18 320 830542266
408 2227 543290454
1968 104 814676548
921 2103 982177179
2247 1291 529034057
999 1028 144739235
1328 2224 549952709
1992 105 957381634
478 2275 555581684
514 1669 864378349
1472 2305 429103840
1593 1842 221333228
320 1589 338012730
745 2062 673683661
1574 434 497005677
1390 2021 863229148
1782 2351 537884400
1386 1696 186612816
408 2054 954279131
1350 323 881771015
1073 639 283757501
2182 2321 156794229
333 2295 574808491
1427 569 797627610
1959 1602 195851420
133 408 58194611
1901 1843 630609140
1891 119 926660210
937 1274 127351646
428 1781 605994096
155 1805 537003998
850 323 240662818
964 1857 54196773
2240 492 227031947
1470 1438 429216039
1134 86 633681649
611 1038 206548971
1654 824 613594579
407 1779 507350945
1782 2102 72415769
291 815 990291705
2008 2226 962455181
2361 479 168109233
1617 900 57468809
1878 866 196665712
1296 1899 241442546
1421 1804 710063314
1071 899 874716004
733 1509 910740931
784 565 284364462
370 840 100792848
636 2007 988534144
1483 2428 698021179
209 64 1868387
2406 2127 828638862
1982 2141 692178920
2334 53 315253874
2416 489 615343140
836 1188 755900672
2130 882 763992923
235 1580 756423640
254 858 288826874
1695 643 207307058
439 590 231666122
790 1672 256975410
419 230 805436002
137 1699 288550015
222 1887 951266014
5 1256 545208597
1895 1112 360664269
2225 2187 64037466
565 1789 567024239
183 2407 906560879
1560 1947 327154719
1222 1937 872847049
2307 1706 737655054
37 2371 531965439
1782 536 466112817
455 1987 119652068
514 2114 313178236
620 2425 911598040
27 100 259290960
632 97 932830043
2169 775 498326065
694 2298 458494690
1911 1098 504775355
1793 1973 43685102
1463 951 182172630
958 1523 135587417
1803 1766 14374184
2383 403 562032882
1686 834 268296651
2349 2281 995852108
2108 982 249992767
1511 2012 871755731
1550 604 600194466
1510 538 377530143
410 308 574466078
978 834 377565580
528 1415 75456162
896 2197 173712905
1137 394 614228947
1159 2251 205162544
315 391 477772357
411 924 857911191
244 357 69624293
1183 2019 468924517
1032 299 878021306
847 2078 718904103
1684 1171 216568524
989 66 808744932
1010 1701 232175971
1558 1997 503280750
1268 820 836135284
250 1842 763982331
1855 479 382793048
1633 1421 314972659
1196 2392 564643263
1876 115 355961866
216 582 270195683
372 886 58974609
286 2328 972617984
1328 868 96330761
927 1620 973616898
45 1431 604862713
1902 2256 848134784
918 170 983928577
1031 2237 373227497
169 2186 96202286
320 1939 278039036
1411 104 325046158
2366 748 163217789
941 807 706054663
1316 382 135256613
882 607 865628772
1864 794 470621913
136 222 12065456
1426 1022 564402463
433 1549 203860679
1253 2352 772472781
448 1660 578758697
710 104 268230402
615 2285 907372305
1268 1335 636717914
1623 1386 224302790
835 1539 384541788
834 2337 53984560
1064 1482 839959095
578 589 533528493
2386 499 57239726
199 1908 556938533
227 2333 544729935
1431 354 289041243
479 1409 838165226
1712 493 778513286
1577 603 212430913
1013 688 553637919
2386 1126 649773052
2266 368 49240060
2391 1013 240022495
1881 1701 884533918
2033 918 428179262
1968 1611 340448710
465 1992 211052207
2383 1655 876480077
1009 1526 538652929
921 1027 165325365
1326 97 855536493
1998 391 338218490
1201 2216 51050763
1499 1398 940656430
1079 366 422567815
2061 2295 241745988
1764 2277 737975060
1959 1416 430527403
2178 1069 303620511
1338 731 774219806
1662 1736 258039112
872 2024 215465018
939 76 637832205
2050 408 771905872
1932 2200 896653000
2120 2357 965269372
1861 1446 388049243
186 1983 450094326
1483 664 68116008
1694 315 245787303
1583 705 471371463
1652 897 932533247
17 1455 798070771
1034 288 860107781
1972 240 440123076
2325 1677 954125231
1966 1880 511580963
864 2207 17775475
1089 1093 122464121
857 760 441240605
1279 970 860658089
2180 489 961924323
566 1966 665589568
2065 1449 649084086
174 1300 585598699
1407 1158 15691994
2175 2423 223607080
1149 2157 236861112
1404 2321 414490176
453 1916 934077170
1399 578 230965620
2024 1860 269370296
2092 74 423471478
871 32 690055769
151 2366 897583130
409 1995 788597789
1000 2388 990912845
61 1146 886333009
2399 449 158509381
1738 659 249982882
2127 540 300395002
300 15 912011950
623 779 769545172
496 397 547631576
870 2021 401801125
663 108 832042075
2073 133 817061337
1184 2055 397143201
2042 198 73540843
1610 1090 971358677
1381 1156 315036954
105 225 738682038
782 2197 215734620
2234 1709 250920878
719 379 930385811
1888 1453 974060579
669 1992 297500158
1793 130 807682315
932 1375 154798065
2369 790 90310342
2136 240 592704968
2106 2346 63725607
977 551 237920281
679 610 783039699
1076 55 660782632
152 855 974794958
32 2189 772789151
950 1258 923235666
2402 1184 883062142
2220 1325 833156835
593 1860 189956175
819 1042 784726687
28 1963 706358174
1086 2205 422309082
769 796 584608936
1222 2396 890830570
1540 529 730269266
253 491 524123710
823 1062 981751900
2292 455 103546549
1866 235 15517654
393 2210 850346540
1921 1159 619462866
354 1858 545807193
1587 862 749928794
654 1876 369235415
393 1836 521960356
426 667 270159233
883 500 33441668
2122 406 709166338
634 800 296019233
1867 1041 584674732
2309 1183 175455467
678 616 645090953
1498 2226 134290124
1578 31 616264367
1252 1379 75842717
1044 1135 153491672
1895 2129 648703451
111 2259 649900081
2131 724 901709978
1405 2041 906122354
513 201 208111545
342 2130 741603630
1178 1562 598315606
12 2195 906716267
1530 728 49712772
2044 822 780586101
694 1770 101216571
2045 1556 26926831
327 2239 226995087
1089 1954 852773674
1034 373 284062501
104 1854 379415481
1925 958 200280034
1054 1846 577493828
1128 807 300771044
1925 786 119868572
1125 276 741862069
2123 1381 386610704
1241 1199 67159741
734 364 436646398
351 2373 922468345
2035 1736 727625388
371 379 317501674
1020 253 943726936
1229 1533 865971919
858 656 993763981
502 2258 707285013
742 1615 237677495
2108 1414 670249486
1757 1267 328376314
19 121 222712801
1821 1133 614368318
596 12 584278721
1359 2192 287687822
1508 211 758037345
325 998 996112034
514 2285 501143207
435 565 800810938
1211 1532 295394719
841 1884 315177900
1903 617 164201138
2031 1124 300876608
2350 1235 867385879
795 1228 972847547
1969 223 500091784
1906 1408 160175545
409 603 206919481
737 127 59856191
1833 2386 747330565
821 1996 64735504
828 101 951738090
1473 1408 752299327
1348 165 971718583
375 224 521187589
2057 494 657353987
864 1779 189366228
2407 726 809261921
1667 2187 747823532
589 390 998662609
498 1987 528646316
25 1429 917189496
366 1960 896664043
34 1687 923324051
2411 1496 279596936
2091 1034 513113257
801 85 313607167
2215 404 736639488
1236 524 950226622
547 1216 955170385
212 1711 672877047
181 1800 630364350
346 1054 847180215
259 809 544502531
526 856 536501303
1468 725 490313196
1260 2324 730940786
491 1329 200974086
1246 422 699427319
2149 1483 683637145
2340 2227 651150592
1674 1350 913321172
1506 168 737744322
1378 465 659072330
688 35 703319558
1499 1215 452916125
1188 113 325458424
2111 1489 195386488
1751 2147 560556350
1235 695 406207938
1825 1502 451404620
1005 1663 758998287
148 2405 388053238
260 1925 956219738
651 523 957870406
684 2022 196012017
263 1275 868021135
1058 725 526031536
1263 900 977406145
566 1719 55054193
1224 738 77607423
915 1717 769283266
1835 1751 778867310
1901 120 385613273
2204 1453 448661584
1997 1501 839125956
1797 225 52958544
1007 1558 480690660
1573 2038 423481887
1427 1402 383827867
427 1550 138513215
680 2349 810798404
1913 1861 73120029
334 2068 499422307
2076 955 426054501
689 139 954318109
2207 306 68244881
679 1593 749030122
1254 1317 557961923
2274 1588 411184264
498 1177 355189973
1269 1060 808111922
687 1005 96002221
1274 1819 610840337
1570 829 478831061
605 1965 466874611
1592 106 132563274
2333 1173 716271418
707 394 609303955
882 327 693082646
2290 1349 818142229
2387 583 254137590
367 1990 604813733
697 972 415510331
2060 1737 283799647
1041 443 79437870
1340 451 659408053
18 19 36403764
818 2237 830874058
1401 1162 564375872
684 1375 321350400
1463 232 548532360
1285 1360 632067279
748 1181 118980475
2393 1494 452376792
994 2339 686168049
98 1453 466294073
1832 1517 752882596
229 798 247992610
854 1212 780791006
674 1426 606631080
206 2065 772261491
167 2270 354461145
2120 1561 7425778
601 2236 248856848
1290 380 71935767
1694 412 498131593
1889 2046 188624259
2011 2215 430087479
561 1716 286088622
793 526 283760340
1442 68 577167388
2377 1178 794167098
1808 1739 268983758
1018 2094 961702129
164 1455 575821051
2002 416 609170696
1882 690 25109759
175 1432 258879528
118 210 877470611
294 247 993584869
1417 623 636127551
1185 400 700016983
1003 63 868813580
1712 2224 763900905
1377 1681 648266108
558 1873 822007152
918 1397 756574910
981 769 362316415
2428 863 820584989
466 1571 761006073
2202 1050 280320698
599 932 325192934
2408 1615 576023418
76 2139 653239178
1657 1979 60644417
1694 1950 543410611
1816 971 177130079
1629 2251 271511634
2325 4 685977674
1922 1425 77260877
1806 30 307194509
1837 1296 635201171
1690 257 925809664
2036 2266 316888944
600 1482 574548793
2127 1126 174278434
993 295 925990722
173 1986 668771755
1845 1208 493278092
684 1128 978607080
780 824 11506978
2131 625 929572322
80 127 244565793
312 126 856154723
531 465 98805863
2230 1207 116129740
1428 815 669015177
2245 1114 850336805
1351 1732 578671114
1888 240 319272054
88 785 966729162
2370 1086 8648532
1535 1017 483247036
1572 528 436050110
2219 943 268071132
1849 1451 778765609
2111 794 804110943
851 854 583728600
869 1114 408791083
2348 1789 966735985
2290 1314 446829705
485 2097 3282381
1151 283 750242072
1495 615 688880143
1827 1485 380116228
1878 1557 885013495
711 1692 635279992
2079 28 921293176
2238 296 955616592
1202 1049 519089031
1357 1990 137975059
173 458 30821173
1109 1480 258549280
403 2259 684523519
368 117 78638630
1132 393 391485285
99 480 835451865
1878 1268 681025976
340 120 405029858
1974 1071 250009144
2052 728 601138966
1985 522 758985822
332 2094 383019498
1645 2122 686883957
997 2296 212807974
2040 286 639701358
701 525 363997657
2035 607 26609653
1303 1607 958798988
2380 1924 705821375
1700 303 571499450
470 1023 476905509
636 258 381216639
973 840 653364982
320 1214 677767310
1486 31 205008008
1987 2365 1741928
2048 2119 817313808
17 773 535233226
1807 1138 595974963
1630 393 116858982
1515 770 319734236
1107 1554 837824726
2106 846 146561360
1719 125 518586829
1830 1501 732444798
2048 1825 467645327
2153 1908 73621915
2189 943 537149602
1340 1539 941133038
2104 1193 919132357
243 2181 488056040
2190 1614 825743649
1393 984 963988855
1552 2431 552210366
192 2308 216033435
417 2405 662963256
1618 1296 198111288
1140 688 674301873
1268 1471 329586990
826 1386 519518217
1250 2016 473507238
1490 1441 490769996
745 401 549907118
1610 1195 515623020
1712 1579 765598472
774 1195 856641071
1026 2393 764996927
2040 239 671819114
1956 1434 81803514
438 648 622634351
1712 1219 638011284
1966 1424 680608707
2284 797 12464619
566 2424 3050516
1187 2410 645418359
2058 1609 79561065
1111 1112 518085279
195 701 2383003
753 811 924983367
1011 171 515286019
1312 1180 346507949
11 2107 167448692
96 92 577928053
189 2047 753267563
637 2037 63832321
1705 527 456860805
1242 123 287136006
789 2311 151380016
1271 1382 529511515
135 144 849257893
2242 320 88133652
1512 2118 750623765
1366 1419 557845455
1302 578 137520418
2009 1339 652403533
612 1464 386295952
2357 1382 512688452
2201 2316 958330172
1780 1499 871261554
102 2239 453116748
1344 1549 154148853
166 1658 265638823
2059 907 256012761
996 1711 98236071
2058 316 897774323
2327 200 312130061
2419 77 587235564
742 2111 11843125
1772 1504 338010528
2423 732 434691210
1155 720 184559272
606 1776 87564091
700 139 163133493
739 900 540311086
2022 1818 876043551
2108 1094 806674740
456 653 169018941
603 507 767888254
326 1098 866576630
2269 198 268308048
1909 796 71674648
1339 50 879214324
1237 16 899138536
1837 1034 380289520
684 1945 533991033
1314 864 332817786
2232 380 427389249
774 1501 73708332
881 785 378854120
90 1210 980935923
1176 935 308848739
1248 1197 223065933
1788 151 61975105
414 845 781316275
1531 1361 543473477
998 1070 294049875
503 1743 974645300
657 2006 572585985
1607 274 642399982
1812 1006 674796911
1550 585 722738883
615 14 629717148
1339 1034 176284671
152 817 315239306
1794 676 16437958
563 1743 659232051
688 1214 799391015
972 2252 40823741
749 180 60843114
380 486 124119532
2266 2001 813243308
1101 189 918507479
1533 1782 451586990
864 749 640969950
60 1167 636982761
1088 1603 359996123
1603 1753 45051108
1195 916 161289366
2156 2373 755237834
2125 861 701314430
624 273 307592502
490 2241 413303958
279 2276 453727569
1421 2392 532462765
640 1108 481893663
1393 742 351697362
1533 1105 882167061
1792 1881 837520389
379 697 490025198
912 321 378693937
1453 371 878667454
1837 2241 433337433
2231 1032 374167367
742 293 309691922
836 218 110518154
2137 11 555968049
712 1354 124784545
1730 1323 214280388
2034 492 479866571
820 1930 160704581
1828 465 416319688
273 1444 14445836
683 1969 777713767
1995 874 201382917
2222 864 928112988
1281 1805 136244387
1148 84 321571159
1464 1410 94955540
1933 2184 284390481
1269 25 91959734
1684 329 154905640
1428 479 308838600
2393 1981 713256302
2167 559 142443364
817 220 614837117
1492 2284 527435949
799 1632 20029902
2300 1949 492984900
1743 1560 821885578
1703 1391 119133951
454 2345 399701601
789 450 931603164
51 1100 766133659
1168 2213 483562035
1560 1822 235552364
1841 2065 260492843
1908 979 472441995
2294 802 61845102
91 314 987596293
1951 1169 142500896
1914 1733 713578829
2109 1665 887363596
890 266 744170648
1172 933 897973792
516 751 574153319
1350 325 747259419
32 251 238080869
1799 197 278794116
2274 1010 409985906
2161 46 384087261
1843 1384 939835903
1178 939 181047320
993 1117 769663900
1040 1952 421827146
1451 78 652918990
80 1243 3601054
1850 1307 18789413
1569 931 122698891
1568 195 24627086
247 696 175570761
1869 630 699856101
1917 737 544323200
824 1742 804188110
1721 847 942303810
182 1088 354542789
2361 2393 528638523
1644 1113 400315762
763 1849 577369639
1982 218 179378753
38 2282 270423427
456 25 343460146
2087 18 947658375
2245 667 369927149
1727 1126 295208530
2021 710 372645145
1180 506 156976743
2152 366 710106349
2191 741 402584408
191 2424 392660230
2187 163 442913472
1423 1313 449384827
267 723 533838453
1787 1901 609704238
320 1938 57234174
2285 2205 684836708
987 1958 785738050
346 1339 839458968
713 1823 6749058
2417 1299 667787
141 2223 630056329
1757 1782 719843743
1353 1684 614440481
606 548 230650213
1619 2176 58515913
2400 1381 122162804
1025 2329 501455524
1595 848 742550908
543 899 20527027
1869 868 537864090
1145 1674 770584390
567 1767 108390381
37 930 894776495
1301 77 478931560
1716 1245 854556473
330 2422 620810729
645 2173 72492120
1690 662 831722890
2115 1900 991100193
1968 2284 802695991
752 646 781336828
1695 1757 853678977
953 2245 936001431
1442 1857 503335088
1171 1739 399082525
252 2227 368573726
744 2403 780674471
1485 918 732157634
950 382 53603570
1199 531 627530251
400 1782 426885458
885 251 363531247
1775 1809 635182823
412 1127 353995074
146 1532 358445069
762 826 449187659
2137 1417 835483672
1062 916 352510355
143 709 398445377
939 118 115835648
1260 1063 859968986
1083 2095 729473059
481 570 514593993
899 993 307821773
1447 2118 34029875
62 1516 821762280
1826 386 249905014
1838 2034 659737219
882 1765 74637661
2262 2036 740899118
515 575 130460046
615 1546 474179207
1551 1328 209932359
1452 668 700283413
1541 2214 490710345
1843 2004 340419156
484 1993 707553555
1195 244 262258960
611 1485 847846227
2130 501 113019126
39 51 621042329
1543 1751 226097767
1016 331 785262413
699 318 369761679
485 565 632154595
519 1347 829894070
2040 578 616413260
1124 1386 576918485
2033 754 453196463
2147 1096 292949612
1429 630 874612057
2119 661 470656658
825 389 383911921
2377 670 882056269
101 2253 10999791
589 1750 47050787
1628 594 377015374
2405 639 358777841
742 251 895384703
1679 2034 5459706
1753 2260 719402657
1433 88 590909250
1112 910 530396911
1025 795 137541660
2184 1105 638989945
415 1805 935416322
1845 246 908963095
1055 474 299253668
1995 2401 483696793
1525 767 218257475
646 1661 714922307
262 2356 213373246
1756 143 689961336
485 1897 950755564
1552 486 180427444
1128 1812 465444525
322 2077 334394303
1830 1432 890750523
1585 531 980659743
359 1049 525254213
1292 1099 92271821
2165 2204 51853886
1037 2361 183044140
174 143 402187121
378 271 285150518
1404 1706 263057240
716 1273 171896312
1472 1446 496843054
51 369 249537856
727 2208 419518659
1436 892 583647635
1754 2112 1433230
1487 1372 525141348
788 1445 201866504
2256 2039 193647235
1324 599 206602039
492 1995 282725587
482 2253 752512136
366 1113 608328768
879 434 98662370
2202 1138 135375343
1688 1988 687455223
1232 1564 257876662
579 2152 156184796
1547 1268 966762701
1159 862 959919323
2276 81 844323014
717 2395 411802248
2204 1128 139877818
421 527 936406545
1830 266 893183684
999 425 940112858
518 53 676565427
702 1547 841750089
1970 2074 937764090
673 1501 773847261
492 959 85132011
1889 2345 228767365
2185 2401 737561636
1738 956 153016111
1056 2122 607415113
158 529 334857886
393 2373 981986803
483 939 240575104
122 1315 525550311
345 204 489923519
2291 156 640926602
1784 2009 763496215
1084 2088 751258260
820 2282 191169256
848 579 755939332
524 2062 367057484
337 2343 487237203
386 1156 642557804
1033 1169 271754476
922 1087 730811151
927 238 317486554
1313 568 718646131
189 437 677297858
2233 1485 309680224
396 1934 346562836
107 2414 385204857
1271 1148 280305021
1339 1893 6342612
490 1729 210819231
703 2135 835814349
1174 34 936861444
60 86 568900631
1971 1114 457637455
2253 2031 4477203
767 1532 204621748
2340 1072 838874980
1607 1813 38555561
481 688 95000259
1275 1751 717983965
205 1147 182832143
103 935 758222953
1262 2332 560533671
446 1864 102496069
986 341 412055804
1228 257 315202300
941 1438 54650977
211 385 695867299
509 465 706909733
1421 960 831270663
2064 1881 401171426
969 1589 100103461
1667 557 441999127
64 168 365095390
1573 894 703194612
972 1918 164563947
521 1534 930431349
638 910 153303309
673 1759 318773938
346 1109 436459913
1936 944 802297204
2115 2409 942959315
107 225 397662731
1505 1474 112155529
767 2113 971359326
1715 1192 792584354
514 1702 722824770
1147 1104 784340967
1607 2188 157496079
1774 361 360995745
270 1457 997555824
517 1888 822770579
1744 2233 911059579
1354 970 750191402
1233 453 104830209
2410 1548 59541746
2407 2183 760285222
2421 509 827359052
219 159 555013683
927 10 406629470
334 1286 735117482
864 2297 55687498
1874 2054 643816090
1078 328 273442977
602 2296 868912181
962 419 454647321
1341 2221 311061407
1337 27 357424510
633 574 750946056
2349 1586 309444326
2428 1953 904767484
1535 1459 591940648
1734 359 384163833
32 113 560419726
546 1630 946265665
2345 248 508096969
368 19 172391154
995 340 484443941
683 1268 774299475
697 1778 695662589
1018 1244 4263279
1857 1565 15461488
2293 704 456788200
526 560 567784788
1193 25 993847556
1889 54 825105514
1200 1160 243109387
376 969 334818771
1841 1485 894419925
1633 44 796895939
2071 2199 776240542
1006 1103 849617779
1460 997 692222236
2136 2012 651176540
1608 1547 871242963
1084 1261 700010145
1260 1653 157331367
2192 2094 701316044
1533 1453 375127987
600 2142 959056061
838 1380 419216984
129 324 540864990
796 1920 531549079
423 1268 679199387
2203 1563 795863203
1434 1465 7765009
1052 1367 131511729
904 1871 596306693
2168 778 650675987
864 1761 305630487
1155 2392 835046276
997 121 817987894
1580 270 615111621
685 2002 392538966
1655 2299 970756456
1084 1325 221694304
2403 1525 859954411
197 1964 449575786
197 2389 231239943
1684 249 4313383
116 1651 876466506
487 1835 167320225
223 388 213928419
1635 745 535675941
1540 938 287845564
2381 2342 768990589
362 2300 664075214
765 488 293684836
301 1410 256052911
1671 170 565080630
19 313 273148271
1136 531 679650535
890 606 479338661
970 23 945276213
600 1315 630452932
1409 546 181379617
436 1544 361866418
641 1235 43371418
1655 1976 764512155
410 793 723288699
788 561 963749889
583 1626 935658936
584 1532 967591447
554 2409 790171859
1120 2172 957940047
988 1474 296032148
286 682 145696561
936 1112 12795640
1468 1740 892835694
2093 2383 375546217
1352 572 853410613
2417 149 53720623
792 1685 708160452
140 2345 325268006
377 188 633423937
671 848 549943217
377 1212 73683145
471 40 357361134
1084 343 103974089
24 1958 769733418
2346 601 77970573
781 128 293747863
1932 2377 563018774
1500 9 388474684
1713 2312 287807791
441 2074 82626092
43 1407 51208898
924 917 809747962
282 2002 518732135
2255 541 176047467
1655 237 671971133
1464 1863 315896173
1539 1101 13298429
189 419 798826568
438 396 718555723
4 1868 681996819
848 63 201464655
689 2229 420495976
750 2361 708352388
1766 1499 991378267
2268 904 239243727
72 2385 450929575
2317 1662 984821715
5 1749 668539434
1424 270 933060227
2056 1081 157494931
137 1856 894820856
1499 553 116924761
2161 1455 21087876
572 1213 290381550
2287 354 107707654
2086 235 667736116
945 67 456568959
1449 1251 447933999
1321 1167 491787493
491 197 718790396
913 1498 732497719
1665 2034 530684930
1930 1509 268042449
410 2091 769822566
729 2299 708402177
289 544 898128068
450 2026 448127449
1750 1141 424560411
26 314 547558726
516 510 488816647
1236 883 734886753
2157 951 309188662
955 921 770993924
1410 217 437667092
1764 2131 250452896
1933 580 181649865
1549 320 98688846
684 2231 777043300
1730 142 973888547
2038 2308 67406936
22 389 140731592
1597 1824 780648230
513 924 265463368
530 795 696131675
2356 2040 92627755
484 1208 173303229
1125 805 825103300
133 2416 12650689
1387 631 532064199
1327 1613 663155263
516 333 424828702
1345 1043 504337256
1421 1247 274600956
1877 1123 170382839
1135 712 691834929
1948 1747 970880934
1777 734 182625216
151 309 436200675
186 1972 12651182
1377 2222 362923203
565 245 446194716
1299 47 120999478
809 954 525934744
1959 398 919953532
716 1105 443367855
1757 1708 6073047
447 2015 490821318
638 1704 873747842
2222 1506 222008617
1399 231 875083233
326 394 109416804
1063 735 795206137
1520 212 54222289
246 256 963133729
543 123 695679090
1827 627 527569401
1090 70 369820672
906 555 306612635
945 1726 466647619
669 2304 656807953
815 993 752199076
1247 1904 360704006
2201 1466 111717888
371 1738 540021183
952 2269 456989374
1401 1383 520855371
1083 882 284782627
2143 1198 6777849
1485 1226 47501796
2379 1987 999262474
1136 74 78162172
127 1424 680713127
2052 321 71449792
1613 1849 327388692
1311 2417 889271600
1204 1758 619066918
2375 1966 426834062
891 24 721895666
1363 1627 919817268
147 1862 295690182
1735 2202 441569442
342 692 333459037
549 2096 773228758
891 2032 262939213
202 2397 288543456
221 297 985049028
2005 1909 591055797
2111 2150 780717427
1404 1954 395115074
110 254 267156425
1765 1614 417015748
798 48 326940004
1264 1795 849824598
1881 281 930348740
615 1266 609824971
1811 951 413399361
898 1175 681934525
1057 55 210675518
1957 2420 947872230
1268 572 864390559
264 432 198069166
1521 472 989219959
2075 366 398096388
2271 533 369211654
1975 338 999238768
531 44 949098722
1211 2347 679679081
1843 1604 60435571
1567 634 786218211
1837 783 887839908
1274 1453 336831276
1361 2349 842122198
239 625 783871224
2003 66 677794328
1781 928 397238202
1806 69 30291093
831 1684 973851956
165 145 348992589
1304 669 342471505
2410 1992 337126407
895 80 584047922
2186 1255 805941126
1581 310 77734278
2320 1753 395823098
2048 1496 307987486
638 1835 644293049
1025 1670 258234560
1651 811 29147438
752 1637 239493434
1211 1354 2869009
2426 1178 346154170
528 2279 680265688
33 2366 677395548
1295 1200 780234861
1862 339 164315397
2222 1339 734094368
1936 1972 30144110
582 1132 695663582
918 412 82831235
487 1282 565675171
1597 642 628241389
1758 1004 64475949
1376 456 159089389
2052 1847 838770929
1748 2376 155517291
1940 172 164992594
833 1728 246681422
2370 1542 365084688
463 710 478667790
2034 1354 940989438
717 380 839555206
539 110 642924279
939 1609 193311246
1291 432 790502930
760 1415 885194441
1602 2261 794625812
415 1891 706906939
94 405 901634086
1818 699 994835229
1115 2244 706891975
2277 355 933979508
2165 939 294766083
1377 1645 29870559
1336 2148 369230309
721 1748 766933297
1399 126 838226473
1485 2016 205264703
637 1276 705451061
780 157 260664314
1237 1303 852557386
515 2256 129985471
886 910 16123382
280 306 340796141
323 2081 784881101
1881 156 589752504
2363 421 427403864
1099 1573 5083452
1632 2050 762310220
373 477 96400596
2303 1780 646967806
1235 320 487423661
1701 2359 636746262
743 1434 810303637
809 2366 621574530
902 2328 556053528
2027 926 882167982
576 1137 624251597
468 201 984003057
53 599 879919085
516 1898 196548426
1628 1152 517640484
459 1782 695133515
1407 542 49083563
29 91 140004180
246 2319 611935382
397 1461 485592836
1942 1601 988887402
1188 43 754514669
1130 882 492656114
389 1987 836269190
613 1966 818824786
1819 1885 536472933
872 1541 72587356
298 946 912671661
920 1975 578812706
2283 783 754662340
33 526 501592523
2341 1905 870509897
1970 1894 844281770
163 1456 401195845
2373 2147 503974284
2339 821 510777759
1165 1743 789959760
2412 594 806365141
1706 1923 128446653
1412 944 912346857
746 2206 491644047
2302 1354 792971416
541 1737 94918867
508 559 645904849
323 2420 389727604
1741 1936 257309285
134 2405 552170004
255 145 399240186
2369 337 182833696
2204 404 302163013
814 2 506729502
2237 538 816490103
135 735 258327112
1030 1453 336702456
216 203 260679262
1171 531 376232530
1015 79 9854136
547 459 362172015
1560 1610 765913242
31 2243 142136071
1249 796 168784843
2204 516 42053715
2066 1309 564421480
1714 1334 870424326
2108 1970 685658613
1175 1220 103093885
804 132 556797108
832 453 295417396
1930 1161 793239610
1398 2432 670820476
2096 2257 529990718
1978 1501 427236970
1369 582 905850548
1925 1878 704101650
2244 989 987281434
1452 2401 762236917
668 1301 490303248
311 1818 636039351
1488 1067 228791086
2337 2132 650111508
378 944 223260433
658 201 116480021
2235 2426 408573367
1306 1301 778795902
89 113 430299916
1697 1886 277442698
2071 2070 61948356
1171 2238 831519449
1457 2125 118072427
955 2313 247028393
1643 1514 273252281
1400 1166 761703748
1758 1074 934348843
1606 2143 58286777
2386 1124 690082510
486 7 25259214
1820 417 787929437
1257 431 56427316
510 842 599577486
761 604 367707900
1778 1977 235529640
393 142 142310217
1206 1479 589465689
2418 271 689472327
1108 2425 469344709
238 813 76602715
273 95 67328482
1541 343 623612316
777 87 772459522
2134 1169 260806017
1005 644 9943473
395 283 917108954
921 1769 393970880
59 1095 874604036
888 1415 251061409
940 1946 522568535
1248 1346 35852533
505 1132 888594915
1360 967 606809443
1979 1230 113029468
1373 1320 212411051
868 614 29057362
1026 1331 481251578
2288 2017 955717028
162 297 230526847
629 1606 912494134
94 2098 248750909
2332 2339 932007905
1731 900 108739875
1288 1909 646885035
640 847 201956697
636 2263 356131639
1992 1497 209102812
1928 2195 100898686
1519 2226 375597132
1997 897 80401599
21 763 718942468
1386 445 905012404
2399 1533 567374187
1477 1019 168953350
264 492 875086729
1580 41 501716993
2364 697 886105309
115 2117 552618891
2422 2325 574489196
184 1169 675766610
489 1467 909705757
2332 1769 972120900
889 2372 275361604
1089 925 391558980
1230 1447 504737916
484 1782 30791450
2121 1464 857303737
2266 1703 816204202
1310 1889 582974876
1048 233 560416616
587 699 729522953
1759 2429 572568075
2210 2067 108997622
1220 1252 47402880
819 155 99708549
1368 2005 496747041
140 747 435270997
2366 1968 498785830
138 1952 13617173
1019 1235 853422171
644 39 984349017
371 993 283441683
1845 1264 70859696
2051 312 683832923
1427 179 296574453
890 335 846006387
1779 1147 808027877
2144 1845 382859129
968 1446 254197234
1364 2346 178827111
1547 2398 485029718
2286 2410 360800063
1409 1783 286912874
2068 435 209372292
1951 2404 418917175
2097 937 521270764
1869 2053 123227725
1881 2126 3504978
2080 596 488559059
2349 1265 908997873
2394 1101 12315871
198 922 369919951
1925 70 85127687
1299 1732 198356854
1032 649 74629688
178 655 1634537
261 921 920573125
739 678 79081174
2249 273 260780227
2348 1939 518893319
2318 1 688919955
1773 1208 411638046
1065 752 594117311
875 1236 690367105
2077 1545 801716490
2136 1342 830494098
2145 1951 81055937
68 588 118143523
681 919 755816279
1107 971 232303401
909 1248 914097200
1356 1798 647858607
129 365 397320892
1319 1234 364815116
1732 1814 919111112
1659 887 426046552
2130 605 819235344
1871 1975 630641435
461 354 194508824
33 1795 816283463
359 1739 189641531
319 725 174827624
893 619 449207812
740 2051 846858777
359 562 604035004
1112 117 939772345
293 2066 380008259
1850 681 183823711
572 377 622591267
1970 2124 631426058
2308 1200 381301473
865 759 741053724
1231 278 759353238
1231 2244 350651657
444 1323 432938943
202 2204 621086027
1919 1570 742724688
1991 2417 632242073
409 1407 375495438
1758 1491 196841559
722 933 706062878
1959 2181 635227727
127 859 535472856
1747 442 353236897
665 661 360048608
1563 1092 679838712
2272 660 901440119
444 535 6918654
57 831 493417230
160 2207 565419537
600 640 518668060
1794 904 485963830
1941 1980 587569712
839 101 330954061
2164 38 778137673
2135 239 532911494
1382 361 799048549
1708 208 298606099
201 621 850616407
1388 2349 476349983
416 2330 868268253
815 691 720279806
1203 277 63603953
1980 1725 237620645
171 2134 94664031
790 1710 546838875
680 597 549262231
156 1765 569642416
2036 1621 984419524
1745 1334 658558382
1668 747 232312349
1330 1476 208327246
1359 1813 369798266
239 1902 183957037
2081 591 510578473
174 677 440689279
348 993 899136002
2377 1817 392942403
1551 1823 60712120
711 169 595604664
1275 1926 244934513
811 1075 703240207
350 2034 721616025
533 1493 734426465
1453 886 24199667
532 1576 679143138
1415 236 202428656
897 383 304186199
118 247 360503876
731 2119 761830853
104 2014 119360181
1940 1641 719200874
2207 194 975558965
1940 1575 199972081
1819 756 427221555
2162 107 519824352
2005 1853 265951789
1011 1642 311658324
352 1709 798737801
2000 1508 452611824
1254 92 5900709
531 2337 538723603
2255 1475 863540012
1405 1297 784731976
1138 1397 253064107
592 1006 160219650
1299 1034 675384419
2384 694 668870536
1891 2099 262768736
864 2354 654905390
683 1150 454972874
2353 486 323651525
1283 232 85101178
878 47 778779220
2426 2246 247150032
1417 37 518267399
1124 1533 1387459
1244 562 247352935
1553 1658 538391864
2090 953 57138379
1511 114 10467224
685 1622 618671118
229 160 592204188
300 495 40259969
993 1539 555636074
1485 1851 78145315
1199 224 239734245
1170 1909 83670287
690 1998 661762880
1069 48 678838325
197 948 180822740
1384 949 411899468
26 809 201201204
59 1454 488715527
1023 513 419604861
18 820 877023878
434 1786 27990769
464 468 180633359
622 1024 502530503
533 1088 395109885
1590 1665 37321788
447 528 511803895
539 812 945984237
736 1563 777179237
512 1048 250505064
615 2353 767033888
1499 974 240563199
1895 265 291503976
2301 844 243199712
144 2123 405369626
2101 1211 895442530
2136 2308 193531170
1418 58 699216033
2352 2115 23552046
1176 479 589157452
77 1596 949373603
212 1372 894854844
978 1529 853059796
1724 1280 665354057
1363 1772 872371825
2193 2315 812405721
19 2216 988924733
1051 562 485415097
1135 2260 898329859
1354 334 506578351
2384 591 98429642
1932 1890 916961359
525 2160 890907975
1027 1357 999391117
1478 347 419188370
926 1143 922490515
1656 2327 827505436
2255 1929 617443029
384 879 593769952
615 923 479133025
283 574 450141657
1526 1145 314449275
396 1386 564759219
244 1008 265322088
2018 2065 686496453
695 1959 694859402
360 1328 461748797
1659 441 639133101
1514 412 277733276
17 2322 217810079
255 1559 229260645
2424 1793 274644997
534 472 13314320
2060 1043 660305004
1014 42 543881029
2122 2341 907450782
636 882 760490310
689 1506 976981814
2254 1495 191530924
1337 2216 308264566
210 190 657326677
660 580 702711640
1363 1718 744985500
1716 504 971682018
2273 1164 254499019
1070 1012 755742398
1829 257 502511565
28 1220 527069705
766 277 508721191
380 2105 700856683
197 248 507895593
725 2143 755948647
934 2091 494948192
1872 2282 219446771
2361 1741 338041166
564 425 501225035
448 1422 376245084
1953 1805 876911105
2285 1415 748262671
2315 2226 116458584
1910 310 844379002
2351 1887 870914771
1063 651 212715763
1602 328 633687560
1422 925 250840073
1477 738 791876025
1534 1315 29491125
1045 535 780281380
2349 2040 642453710
959 666 603268249
2375 983 389215426
810 270 458991949
1560 872 44204930
1547 1319 787696750
2206 1895 323594942
409 513 601450103
1266 555 389415506
50 104 826193348
908 1811 517216255
1625 91 559894377
211 2380 723849821
2030 109 695182142
2006 1108 516447504
272 944 63276350
2062 1424 972641850
1172 776 813790225
545 1673 522800944
1593 2212 222464742
185 1918 19533935
2350 1790 882660486
1360 1584 598287056
652 1741 159116198
1903 1850 327419899
1252 58 249659516
2258 1119 605630489
977 358 83205012
266 1128 220735693
2108 104 599179747
2212 1533 213456228
1888 2051 246961692
2122
273
247
286
39
261
211
226
216
105
40
153
207
81
215
113
1
315
57
232
296
238
332
96
89
250
38
219
144
146
102
313
213
333
172
345
346
210
43
298
112
48
41
173
170
297
181
191
198
271
360
95
362
183
281
164
356
291
368
154
370
33
372
373
37
289
104
377
262
55
254
143
141
233
225
204
386
263
310
343
67
391
217
240
394
15
344
353
251
330
400
29
402
248
109
339
369
188
243
131
274
411
357
13
65
19
272
162
397
130
283
421
348
423
328
347
284
427
428
412
287
70
432
433
44
137
73
437
45
132
358
151
74
197
351
445
147
174
54
449
450
420
182
80
435
338
150
457
425
459
460
2
376
430
114
58
304
159
468
447
381
136
128
473
279
186
476
175
168
479
480
280
482
336
484
62
300
308
475
329
490
303
492
441
494
236
115
306
498
169
500
501
502
363
401
138
506
237
301
509
436
511
361
117
12
202
516
517
493
135
440
521
455
523
524
8
526
220
140
156
530
258
532
267
534
535
536
537
276
223
540
541
542
194
21
35
108
384
548
382
481
551
552
422
554
555
556
364
465
388
560
122
320
563
98
193
566
567
337
569
415
434
63
573
574
293
504
299
578
579
438
581
582
203
527
585
486
100
588
507
179
591
592
431
594
51
522
597
598
11
503
601
602
603
365
605
23
177
608
83
610
561
612
613
614
68
616
442
618
619
620
621
622
623
97
625
125
627
628
629
630
406
461
633
56
383
539
637
288
456
485
92
642
559
644
246
27
647
648
302
650
651
121
305
259
30
86
657
157
565
660
341
662
663
467
665
656
667
76
669
120
671
672
673
375
675
676
518
466
575
680
681
682
17
684
685
451
687
688
689
690
691
692
352
694
695
655
697
34
277
331
701
702
703
704
705
205
707
708
709
710
218
396
713
334
268
253
50
718
635
359
721
366
723
724
725
726
727
728
729
730
405
732
545
161
735
166
737
483
26
740
77
590
722
744
745
742
229
244
439
750
751
752
753
355
755
756
546
349
759
686
761
762
234
764
765
766
767
768
769
770
520
772
7
774
775
776
777
778
78
780
781
782
783
784
785
786
787
788
4
417
791
792
793
794
795
471
190
32
799
538
24
314
803
110
805
806
807
512
126
810
811
812
813
741
815
816
817
818
819
231
84
822
604
824
124
826
827
828
829
214
636
832
833
834
309
836
252
838
606
749
841
842
843
844
845
249
42
463
849
850
809
852
93
666
855
643
111
584
846
860
576
862
851
864
865
830
867
868
869
641
871
872
873
874
875
876
877
870
879
880
881
882
883
884
885
886
887
395
184
426
891
335
893
307
589
896
897
898
899
900
901
902
903
904
905
906
907
908
909
910
706
631
913
282
915
488
747
918
919
920
698
798
923
802
925
926
927
928
149
285
325
932
390
934
99
760
626
938
939
940
941
859
943
944
945
946
947
448
949
196
385
16
661
954
955
208
957
958
959
374
489
950
963
820
965
966
967
968
754
970
964
972
973
974
975
976
228
978
979
980
18
982
491
984
275
986
260
988
989
990
101
519
180
994
719
996
997
235
646
1000
789
1002
1003
327
1005
912
1007
1008
354
1010
123
1012
1013
797
49
1016
1017
960
1019
409
1021
1022
514
528
1025
1026
1027
1028
1029
890
241
292
1033
987
311
931
1037
1038
1039
1040
888
1042
1043
892
1036
1046
1047
607
1049
1050
894
1052
1053
1054
779
1056
1057
1058
1059
1060
1061
1062
1063
1064
1065
1066
1067
1068
1069
1070
47
513
222
367
1075
1076
624
1078
678
1080
1081
1082
82
508
1085
1086
1087
1088
1089
758
1091
568
1093
1094
1095
547
715
1098
1099
165
790
1102
1103
1104
861
1106
1107
1108
1109
1110
1111
1112
1113
1114
1115
6
414
853
1119
1120
1121
1122
1123
1124
295
1126
1127
1128
1129
733
1131
1132
1133
1134
393
1136
999
1138
148
1140
1141
1142
1143
1144
1145
1055
1147
1004
1149
1150
1151
1116
1153
1154
1155
599
1157
340
1159
1160
1161
1162
1163
1164
1165
1166
1167
1168
1169
1170
731
1172
464
1174
1175
1176
200
1178
1179
1180
763
1182
558
1184
1185
1186
312
525
1189
1190
495
1192
1193
1194
1195
1020
1197
1198
617
1032
1201
1202
1203
1204
1205
1206
1207
1208
1209
1210
1211
1212
1213
270
1215
1216
711
1218
1219
187
71
971
1223
1224
1225
1226
981
1228
1229
1230
1231
1232
1233
1234
1235
1236
127
1238
1239
1240
1241
1242
1243
1244
1245
1246
1173
889
1249
1250
1251
1252
1253
1254
1255
796
1257
1258
1259
1260
1261
1196
1263
239
118
1266
653
1268
1269
640
1271
1272
922
1274
1006
1276
1277
1278
1262
28
1281
1282
1283
1284
1285
1286
1287
1288
1289
119
1291
1181
1293
808
1295
1270
1297
1298
1299
1300
1301
1302
1011
1304
1305
1306
1307
392
1309
1310
1311
1312
1313
1314
1315
1316
847
712
1319
1320
1321
1322
1323
1324
1325
1326
9
1328
1329
1330
1331
1279
1015
1334
1335
1336
1337
496
163
1340
1341
419
1343
1344
1345
1346
1347
1348
1349
1350
1125
1352
734
195
1355
1356
1357
1358
1359
1360
1361
1339
1363
1362
1365
1366
1367
1368
1369
1370
1371
1372
1373
1374
1375
1376
1377
1378
1379
1380
1381
1382
1383
1384
1385
1048
1387
1388
1389
1390
1391
1392
837
1394
1395
59
1397
1398
1399
1400
1401
1402
178
1404
1405
1406
134
1408
1409
1410
1411
998
1413
1318
1415
322
1417
1418
1419
94
1421
379
1423
88
1425
835
221
1428
1429
1430
1431
1432
227
1434
1435
1436
1437
1438
1439
487
1441
1146
863
1444
1445
1446
1447
1105
580
103
1451
1452
858
1454
1455
1456
917
1458
1459
1460
1461
1462
1463
1464
1465
1466
825
1468
1469
1135
1471
1077
1473
1474
1475
1476
743
1478
1479
1480
1481
1386
1317
1353
645
1396
1487
1488
1489
14
1482
632
1493
1494
1495
1308
1497
1498
821
1500
1501
1338
1503
1504
1505
1506
1507
1508
1509
1510
1511
1332
1513
1514
1515
1516
1517
1496
1519
1520
418
1522
1523
1524
549
371
1527
1528
1529
1530
1531
1532
1533
1534
1535
1536
1537
1538
321
1540
1541
1433
1543
985
924
1546
1547
1548
1549
1550
593
1552
1553
1554
1555
1556
1557
1558
1559
1560
1561
1562
1563
1564
1565
1566
1567
1568
1569
1570
1571
1572
1573
1574
1575
1576
1577
1578
1579
510
1351
1582
1583
1584
1585
1586
1587
1485
1589
1590
1591
61
1593
1594
1545
1596
1597
1090
1333
1600
1601
1602
1603
1074
1605
1606
1607
1608
1001
801
1611
1612
1096
1614
748
1616
1617
1618
1619
1490
1621
1622
1623
1624
1625
1424
1627
399
1629
1630
1631
25
1633
1634
1635
1217
1637
611
1639
1640
1641
595
155
1644
1645
1646
1342
1648
1649
323
1651
1652
1653
444
1655
1656
1657
1658
1659
848
1661
1662
1663
1427
1665
531
1667
1668
1669
1670
1671
1672
1673
1148
1675
1191
1677
1678
1679
201
1681
1682
1683
1684
1685
1686
1687
1688
1689
1690
1691
533
1693
1694
1695
1696
1697
1698
1699
1700
1701
1702
1703
1237
1705
936
1707
1708
1709
1710
1711
1712
1713
1199
1484
1716
171
1718
587
1720
469
1722
977
1724
1725
1726
693
557
1729
1730
1731
1732
1733
1734
1735
1736
1483
1738
1739
1740
1741
1742
1743
265
1745
1746
1747
1748
1200
1750
1222
664
1753
1754
1755
316
1757
1758
1759
1760
1761
1762
1763
1764
1765
1766
1767
1768
1769
1770
10
1772
937
1774
736
1776
1777
1778
1779
1780
1781
1782
1783
1784
1785
1786
1787
1443
1789
1790
1791
1792
1793
1794
139
106
1797
1798
1799
1800
1801
1521
1803
1804
1805
1806
1807
1808
1809
1810
1811
1812
424
696
1815
1816
1817
1818
1819
1820
1821
1822
1823
1824
1825
1826
1827
1828
1829
1830
1831
1832
1833
1834
387
1836
1837
1838
1839
1840
1841
1842
1843
831
116
1846
1847
1848
133
1292
1851
1852
1853
1854
1855
1856
577
1858
1859
1448
1861
1862
1863
1864
1865
1866
176
477
1869
1870
1871
1872
773
1874
1875
1876
266
1878
1879
1880
1881
1882
1883
1884
1885
1802
1887
1888
1889
1890
1891
1018
1893
1595
1895
1896
1897
1898
1899
1900
1901
878
1903
1904
1905
1906
1907
1908
1909
1910
1911
1912
609
1727
256
1916
1917
1918
1364
1920
1921
1922
158
1924
1925
1845
1927
1928
1929
1930
1931
1932
1933
1934
1935
1936
1937
1938
1939
1940
1941
1942
1943
1944
1945
1946
1947
1948
1949
1950
1951
1952
1953
1954
1955
1956
1957
1958
1959
1960
1961
1962
1963
1964
1965
1966
1967
1968
1969
1970
1971
1972
1045
1974
1975
1976
1977
543
1979
1980
1981
1982
1983
564
1985
1986
1987
1988
1989
1990
1991
1992
1993
1994
1995
1996
1997
1664
192
2000
2001
2002
2003
2004
2005
1256
2007
2008
378
2010
2011
2012
2013
2014
2015
2016
2017
2018
2019
2020
2021
2022
2023
2024
2025
2026
2027
2028
2029
2030
2031
2032
1666
2034
2035
2036
2037
2038
2039
2040
410
2042
2043
1267
2045
2046
2047
2048
2049
2050
2051
2052
2053
2054
2055
2056
60
2058
2059
2060
2061
1100
2063
2064
1926
2066
85
2068
2069
2070
2071
2072
2073
1647
2075
2076
404
2078
2079
2080
2081
1072
2083
2084
2085
2086
2087
2088
2089
2090
2091
2092
2093
2094
2095
2096
2097
2098
2099
1721
2101
452
2103
2104
2105
956
2107
2108
2109
942
2111
2112
2113
403
2115
2116
458
2118
2119
1084
2121
2122
2123
2124
2125
2126
2127
2110
2129
2130
2131
2132
2100
75
2135
2136
2137
2138
2139
1264
2141
2142
2143
2144
2145
2146
2147
2148
2149
544
2151
1642
2153
2154
2155
2156
1973
2158
717
2160
2161
2162
2163
2077
2165
2166
2167
2168
2169
804
2171
2172
2173
2174
2175
2176
2177
2178
2179
2180
2181
2182
2183
2184
2185
2186
1526
2188
2189
2190
2191
2192
2193
2194
2195
2196
2197
2198
2199
2150
2201
583
2203
2204
2205
2206
2207
2208
2209
2210
2211
2212
2213
1183
2215
189
2217
2218
2219
2220
2221
2222
1773
2224
2225
1999
2227
2228
2229
2230
2231
2232
2233
2234
2235
2236
2237
2238
2239
2240
2241
2242
2243
2244
407
2246
2247
2041
2248
2250
2251
2252
2253
2254
2255
2256
2257
2258
2259
2260
2261
2262
2263
2264
2265
2266
2267
2268
2269
2270
31
2272
2273
2274
2275
1728
2277
2278
2279
2280
2281
2282
2283
2284
2285
2286
2287
2288
2289
2290
2291
2292
2293
2294
2295
2296
2297
1717
2299
2300
2301
269
2303
2304
2305
324
2307
2308
2309
2310
2311
2312
2313
2314
2315
2316
2317
2318
2319
2320
2321
2322
2323
572
2325
2326
1844
2328
2329
2330
2331
2332
2333
2334
72
652
2337
2338
2339
2340
2341
342
2343
2344
2345
2346
1014
2348
2349
2350
2351
2352
2353
2354
2355
255
2357
2358
2359
2360
2361
2362
1137
2364
2067
2366
145
2368
2369
2370
2216
2372
2373
2374
2375
2376
2377
2378
2379
2380
2381
2382
2383
2384
2385
2386
2387
2388
2389
2390
2391
2392
2393
2394
2395
2396
1886
2398
2399
2400
2401
2402
2403
2404
2405
2406
2407
2408
2409
2410
2411
2412
2413
2414
2415
2223
2417
2418
2419
2420
2421
2422
2423
2424
2425
2426
2427
2428
2429
2430
2431
2432
