1000
755 797
170 915
538 309
407 765
835 854
183 689
867 218
467 767
206 100
510 632
522 446
642 218
391 817
641 163
24 181
540 775
400 210
993 445
780 511
107 869
9 877
783 760
361 561
374 581
685 68
138 362
838 347
597 952
808 623
314 258
677 413
979 858
611 683
1 205
595 791
582 195
901 534
305 76
600 71
766 75
634 491
321 895
327 362
298 210
252 208
369 311
27 598
58 587
514 632
432 641
103 458
48 854
270 877
509 889
795 877
485 887
319 637
157 877
277 539
851 345
702 480
21 347
144 87
153 799
764 630
775 598
404 845
491 866
254 96
787 186
537 353
122 36
186 708
964 17
730 417
12 143
577 891
453 312
342 332
29 973
844 498
576 343
902 360
829 374
283 716
424 742
974 188
759 565
151 420
344 803
472 803
85 465
827 335
62 291
208 808
124 368
990 88
986 800
814 223
630 882
136 207
84 10
786 563
297 379
438 321
81 908
56 948
563 75
872 594
492 944
900 486
579 389
591 650
770 800
268 188
632 603
349 632
737 247
928 499
3 788
935 734
433 196
833 430
830 136
411 561
405 379
1000 486
980 854
850 68
810 72
959 260
586 312
518 469
714 166
487 572
76 168
647 157
692 662
49 507
381 819
813 389
994 426
69 126
683 637
40 948
448 186
723 815
724 418
836 948
488 60
362 546
23 367
57 218
988 494
612 206
700 237
661 280
323 270
444 462
849 223
978 288
109 60
110 908
919 625
819 556
427 858
604 492
726 660
777 805
238 799
451 690
177 803
258 662
972 608
262 818
536 50
561 995
544 117
870 332
767 805
173 717
226 769
987 760
35 856
324 379
209 799
790 181
826 47
961 549
688 599
203 735
471 870
207 274
464 330
386 791
754 206
992 142
903 124
889 897
891 874
599 100
546 68
742 71
949 15
127 143
617 481
952 741
498 166
831 513
573 775
854 598
235 75
454 225
460 218
731 53
662 274
237 192
551 207
697 272
418 745
302 232
395 267
557 623
875 343
482 842
356 60
36 815
440 874
668 803
817 608
470 507
359 760
757 370
134 688
120 834
378 734
752 690
616 769
184 446
968 692
421 25
605 612
191 799
393 672
882 803
308 887
722 760
352 242
843 635
310 862
154 906
150 994
117 242
243 356
686 568
507 297
744 896
476 800
210 24
769 68
584 765
732 486
547 924
477 296
982 217
689 214
932 855
504 948
628 238
927 565
501 840
601 242
533 353
486 370
373 484
966 889
879 599
222 192
87 882
194 603
204 799
745 791
625 370
709 697
886 682
229 338
936 27
639 690
406 891
142 608
590 245
17 200
946 126
834 445
365 629
250 837
289 699
403 27
963 83
912 100
478 417
116 845
55 719
66 153
202 49
825 862
839 799
888 196
94 152
529 242
466 904
832 729
33 987
309 484
890 660
818 801
571 786
337 206
626 730
301 179
419 628
434 345
913 79
225 717
28 756
266 317
446 682
758 838
31 205
249 907
147 418
307 632
667 486
703 996
287 564
585 349
357 258
364 726
643 237
609 437
273 954
782 139
503 815
929 965
941 229
104 954
105 348
459 217
402 430
425 960
78 119
701 760
303 185
778 238
392 246
200 80
458 546
704 822
721 799
684 623
166 662
706 27
108 729
179 642
474 908
10 288
72 944
269 357
679 209
246 719
847 445
228 338
169 135
280 132
696 379
385 413
575 835
528 753
100 274
883 242
190 229
192 806
213 577
807 195
506 461
6 858
606 181
953 628
860 581
394 307
159 599
762 932
326 813
281 632
257 348
244 135
276 511
799 274
461 325
300 283
372 599
921 791
82 194
885 612
259 36
894 132
938 797
633 972
793 896
637 327
602 229
687 282
161 343
857 677
796 105
631 753
214 874
657 568
524 534
205 360
75 186
853 806
68 806
60 530
156 854
878 889
174 623
781 868
322 235
736 806
578 480
46 127
549 465
409 637
30 7
898 140
215 481
167 459
320 337
681 823
555 716
223 546
152 660
823 855
502 695
957 280
34 238
899 423
983 663
542 454
991 51
389 944
566 568
88 1
193 580
718 445
862 650
801 238
397 504
198 155
473 672
717 312
63 411
678 105
644 946
19 441
848 717
325 717
989 163
918 444
162 739
354 691
450 371
914 220
858 143
664 683
942 210
753 274
494 662
887 12
909 469
593 237
165 195
412 273
908 35
880 817
128 998
447 481
559 588
568 332
705 232
791 874
8 598
272 632
232 486
146 534
442 360
923 510
52 480
415 217
622 324
426 530
241 895
594 389
962 218
218 297
521 265
292 270
845 166
125 205
221 891
527 901
646 143
384 246
304 961
716 381
999 103
933 209
139 136
54 775
67 608
382 427
449 82
877 708
176 612
481 717
587 313
539 719
80 722
7 143
233 837
264 718
727 302
133 499
96 856
735 985
123 516
315 117
247 808
765 243
479 447
355 80
523 83
960 68
50 882
452 734
347 632
588 297
334 229
106 218
930 845
414 960
496 214
114 251
420 273
388 813
649 142
92 243
532 906
185 110
338 817
290 515
794 518
945 818
22 672
708 729
530 143
841 806
383 889
756 557
291 342
130 716
86 427
653 983
282 297
804 902
812 467
868 730
896 877
255 164
864 954
516 823
436 348
468 603
408 960
924 642
129 332
580 348
629 685
47 806
740 264
398 653
79 307
669 368
728 873
859 143
44 625
698 913
445 948
581 296
627 85
603 153
348 188
181 238
311 510
279 83
211 106
508 230
265 357
751 282
288 717
922 347
809 418
803 806
739 146
371 444
43 803
499 891
874 238
656 809
720 672
172 858
548 440
614 616
984 370
915 723
955 245
267 836
658 769
682 722
906 927
37 989
663 650
895 650
350 87
380 364
768 856
231 949
366 386
699 336
776 254
175 625
341 898
560 608
910 749
934 266
651 459
624 925
351 368
312 598
738 803
861 368
101 28
761 393
45 599
564 327
828 89
648 470
554 662
505 462
816 96
195 760
2 599
970 844
652 192
950 559
251 789
199 691
475 858
956 80
89 654
336 632
746 546
926 395
772 717
811 126
335 899
227 641
456 697
985 67
119 715
743 632
623 944
437 188
463 82
71 47
871 430
111 276
339 529
640 598
234 987
328 71
41 951
917 682
429 486
619 898
299 440
465 205
102 278
763 650
489 865
774 50
954 238
525 916
824 479
676 121
112 218
401 75
863 877
245 729
16 238
873 598
64 920
484 565
846 274
570 142
253 274
749 971
155 381
91 343
645 306
240 82
25 142
188 608
428 672
553 954
164 72
925 153
965 34
967 837
141 246
26 629
729 370
550 663
939 153
565 799
621 720
552 225
673 693
360 127
995 650
500 312
493 642
248 71
842 815
148 960
377 223
135 242
670 208
897 682
916 610
332 347
748 972
788 482
655 715
346 681
239 769
512 889
439 662
638 769
608 153
815 787
674 690
511 214
800 238
443 795
695 412
490 769
907 140
943 396
556 510
284 336
98 292
607 406
83 598
905 381
707 117
733 311
865 750
469 321
217 445
734 307
944 556
306 997
969 870
747 48
219 808
410 983
317 362
224 100
196 708
189 19
329 135
216 337
457 572
937 632
99 530
671 898
5 948
285 662
14 337
822 457
363 471
713 804
375 626
313 122
396 176
996 347
719 852
802 72
416 650
725 966
665 96
11 274
230 24
654 720
441 140
115 80
256 530
38 333
613 34
242 845
785 325
693 616
368 168
455 347
495 153
53 496
70 660
95 430
423 904
852 729
163 882
526 546
13 797
636 629
805 692
866 127
390 57
615 997
77 459
691 510
137 195
18 153
821 331
387 555
182 618
65 778
358 806
997 379
160 163
260 799
884 991
15 855
596 391
367 124
497 210
132 787
435 146
126 791
715 70
911 602
220 800
771 120
572 446
353 510
417 1
121 258
981 662
51 258
331 96
422 933
837 201
750 368
340 534
330 556
562 587
893 904
931 658
620 510
592 895
840 127
93 12
376 708
431 423
789 820
797 80
180 181
4 557
197 889
519 347
574 242
659 105
711 650
42 116
286 785
618 891
293 682
149 800
876 934
462 362
558 769
773 194
820 420
520 572
856 799
316 228
61 244
975 389
143 379
583 297
920 800
680 81
779 484
430 530
318 297
712 309
513 896
598 650
140 663
399 936
236 581
690 556
741 225
261 523
569 317
39 729
212 337
534 296
760 806
296 760
345 157
998 904
379 370
694 176
610 88
543 902
977 632
515 297
710 350
589 803
881 725
171 273
131 721
201 484
672 972
113 634
32 171
798 507
971 658
973 9
295 823
545 403
940 891
59 818
97 791
675 730
958 389
483 50
370 632
187 725
413 882
855 208
567 379
275 218
480 302
20 884
73 270
158 347
650 274
666 898
976 966
343 157
263 393
145 767
892 691
792 739
784 47
271 309
951 866
904 126
635 633
869 989
806 598
178 731
278 374
948 608
333 338
947 423
531 717
74 336
660 24
535 188
118 685
294 628
541 1
90 565
168 660
517 468
500
921
238
253
431
918
227
121
889
686
558
756
418
507
935
394
649
259
155
81
442
384
859
94
314
257
759
906
386
867
691
909
539
223
64
362
561
519
872
152
816
37
773
49
813
333
33
335
517
532
10
772
920
902
58
427
638
275
137
662
370
116
242
928
832
196
533
942
115
700
125
358
298
250
855
233
36
219
697
294
771
931
464
63
476
530
975
910
799
280
911
320
323
406
405
437
690
269
411
328
266
726
728
534
995
864
318
763
644
874
208
414
217
769
55
737
396
95
222
896
789
632
25
444
808
140
755
971
41
752
760
882
496
160
778
194
758
329
112
878
581
618
986
287
779
200
134
689
311
106
973
97
948
228
775
553
262
234
837
21
440
887
862
613
462
543
827
545
278
537
735
235
119
452
730
107
547
77
672
403
620
538
184
92
685
660
907
297
460
126
501
385
586
851
3
994
605
564
54
504
380
392
765
563
981
66
256
377
834
281
439
459
658
514
643
651
299
167
857
232
73
717
939
788
669
450
490
646
559
885
347
101
258
145
521
716
597
141
659
99
682
313
11
166
674
732
741
734
336
866
805
350
950
395
562
93
393
725
692
214
430
285
324
912
639
738
229
550
488
724
515
869
987
80
482
225
989
877
189
525
598
246
945
271
354
740
390
98
255
853
291
344
327
352
378
573
916
933
308
263
114
972
570
410
610
970
168
860
696
609
747
247
751
544
901
267
505
343
819
102
466
675
128
796
43
122
594
693
340
703
982
60
484
149
2
583
478
633
617
526
497
489
977
136
822
748
596
205
432
904
743
65
863
372
850
268
69
914
367
706
91
951
642
14
551
245
664
886
388
512
817
1
908
292
749
451
151
18
556
61
787
243
468
744
508
158
776
35
591
652
804
303
473
361
382
780
806
171
356
70
148
254
897
852
846
284
103
495
494
458
420
688
500
426
793
626
457
193
237
23
839
161
433
163
474
663
5
387
276
836
835
870
576
924
84
552
667
218
190
273
762
453
983
795
445
930
76
415
965
175
792
572
831
604
279
7
210
67
487
777
925
934
239
709
523
408
441
349
680
157
580
59
941
424
348
513
302
183
13
636
814
486
628
615
154
891
173
100
212
800
198
365
135
801
274
812
331
283
74
509
231
