1000
381 945
739 706
201 950
118 344
757 703
602 677
451 191
229 68
356 617
328 1000
852 309
920 827
427 293
925 309
27 702
969 819
23 398
606 315
598 74
745 483
660 875
410 264
70 49
747 567
905 116
398 339
492 836
930 710
336 395
792 945
619 742
861 279
798 394
839 977
121 715
47 274
360 112
988 544
315 274
330 544
846 387
850 493
713 133
308 133
207 448
906 616
255 60
949 293
277 754
970 429
110 240
71 437
220 696
975 119
4 734
150 582
781 777
678 768
721 25
95 913
643 73
505 726
205 824
240 190
649 339
585 646
855 598
652 395
694 937
661 317
278 85
924 638
667 293
594 310
131 627
756 395
520 273
545 727
945 557
803 650
382 82
791 527
994 326
16 703
916 140
814 944
56 853
208 299
11 995
273 651
835 582
216 215
655 417
977 490
764 269
326 91
999 800
732 466
941 523
5 724
824 191
858 839
638 712
540 336
227 657
242 293
198 91
373 650
113 91
132 133
162 274
188 773
377 683
447 437
334 853
432 793
768 466
862 221
936 526
239 989
444 448
549 704
853 793
700 893
15 473
570 87
811 250
758 676
528 462
247 999
230 451
709 171
860 204
580 278
92 800
962 307
679 484
127 483
218 957
779 602
82 395
532 395
571 229
154 775
305 22
818 324
995 175
712 836
413 351
65 942
794 635
25 242
478 825
363 945
137 108
717 348
830 712
702 667
379 387
465 429
711 433
300 640
864 26
553 571
17 650
299 817
446 825
389 788
952 123
222 184
612 299
349 712
692 32
19 855
510 805
538 106
81 819
647 511
972 101
714 398
894 116
214 469
422 420
384 50
974 942
829 768
887 277
307 645
562 813
100 941
821 409
335 32
769 914
948 651
353 171
650 937
355 937
169 457
845 291
491 406
215 82
57 413
172 556
946 156
174 942
318 110
898 74
838 571
90 544
641 836
204 240
653 26
497 954
347 74
729 291
404 512
749 246
773 776
94 620
683 696
556 266
173 646
508 702
107 719
804 719
518 642
176 246
960 676
955 667
383 138
953 217
869 747
44 793
914 535
496 714
777 138
42 836
841 627
533 557
245 338
395 229
817 578
479 712
933 683
809 706
22 568
895 776
75 557
547 215
490 754
246 568
684 638
175 448
101 754
320 278
931 73
968 315
259 224
775 229
302 677
823 336
88 704
394 959
939 147
856 875
405 712
971 166
124 380
875 291
722 336
499 536
52 409
813 638
746 85
96 85
24 880
331 466
913 171
87 637
97 723
900 202
375 348
825 490
828 678
888 420
362 885
49 42
434 706
393 813
421 990
160 917
267 159
646 793
576 616
867 702
211 26
873 82
847 513
388 209
672 670
438 171
304 712
500 4
325 484
699 133
125 253
303 179
808 348
321 395
690 108
958 869
534 178
780 469
293 712
724 191
802 696
901 367
122 598
676 339
703 793
6 865
178 219
206 356
889 908
748 985
761 113
947 481
184 3
637 444
440 802
531 722
392 788
314 338
693 568
18 557
168 22
685 999
981 301
250 557
851 10
177 493
123 242
893 387
164 985
297 644
674 591
636 568
883 636
310 152
312 535
670 25
774 865
105 950
26 190
455 605
199 460
871 253
357 857
442 937
264 605
980 373
923 56
317 473
522 469
697 796
313 398
662 571
786 247
765 84
142 395
9 77
210 860
329 22
272 399
350 112
109 775
191 469
899 393
819 633
111 59
928 567
294 600
40 730
195 469
790 215
582 532
537 511
99 175
854 91
849 215
93 950
677 291
552 373
876 889
753 211
890 730
986 620
766 235
868 289
179 992
238 147
464 972
472 727
237 466
675 338
515 264
965 129
282 667
61 788
844 212
412 544
596 202
543 927
276 905
260 759
797 860
69 235
581 253
458 620
342 455
202 788
493 133
45 246
870 409
644 1
885 275
136 602
117 544
212 754
891 119
463 955
486 786
770 756
710 90
926 945
157 595
35 240
554 108
53 544
425 413
954 469
484 821
691 498
203 784
257 736
301 723
339 473
233 171
252 147
725 836
622 637
469 68
807 605
593 484
187 853
452 495
738 637
708 457
20 228
140 85
387 253
197 460
251 347
832 19
351 123
964 168
744 897
316 794
922 112
689 473
466 463
416 683
58 858
474 448
614 85
642 788
884 917
904 423
963 140
822 49
209 145
10 836
989 229
737 282
625 535
143 578
462 263
482 495
935 900
511 754
170 955
14 985
108 784
185 822
917 242
473 444
271 712
60 736
698 497
563 257
79 960
902 739
139 437
656 71
957 283
32 423
719 369
536 367
886 979
372 184
167 822
915 133
159 473
551 60
186 712
921 22
516 498
938 790
21 108
634 712
783 617
763 295
574 278
344 939
993 246
789 212
544 706
129 620
688 145
31 229
530 94
681 159
414 463
36 605
126 605
524 713
80 112
340 12
704 942
324 635
367 91
256 279
881 339
337 821
573 19
180 373
265 235
135 917
254 190
950 827
190 523
380 213
12 784
560 616
967 91
796 410
806 715
671 824
865 264
976 675
343 635
145 257
76 348
487 932
84 395
55 242
415 897
707 215
51 356
863 677
306 754
166 282
138 469
151 42
991 944
843 775
332 902
601 836
513 65
907 667
89 453
67 307
514 617
575 217
919 113
645 68
106 672
281 387
83 900
521 369
776 293
911 836
987 274
371 25
567 977
163 693
231 315
341 512
249 836
827 508
402 171
338 453
1 598
327 94
275 544
74 274
418 280
437 68
659 295
161 754
409 706
658 784
751 29
541 115
564 100
874 1000
912 565
937 293
182 706
519 307
200 275
755 809
639 544
778 409
566 712
736 68
880 437
771 723
529 307
927 937
8 670
488 21
512 508
33 253
286 377
459 900
54 166
183 739
572 745
104 944
181 819
866 25
291 955
718 449
848 739
48 766
50 21
831 519
624 101
225 495
632 777
615 723
772 605
578 508
64 700
261 935
648 428
280 190
896 617
66 224
728 221
292 720
226 934
903 190
787 460
3 999
290 117
366 821
171 269
599 316
996 821
224 113
579 523
760 876
857 46
408 387
762 190
156 484
588 133
833 490
983 152
243 369
610 572
436 409
740 452
820 293
627 26
400 880
38 469
597 224
323 793
502 119
590 676
882 277
133 712
555 702
429 278
665 616
618 315
810 684
406 4
470 56
706 712
298 469
527 409
604 605
119 638
134 336
283 821
448 821
364 966
788 490
584 85
834 582
607 616
103 650
467 563
274 836
309 967
144 676
112 85
358 91
526 989
506 347
548 459
130 667
682 636
359 25
984 473
441 240
557 640
525 451
663 144
620 917
269 788
128 897
715 571
609 754
468 315
621 348
460 294
795 84
449 138
399 291
587 644
605 409
288 275
635 71
189 395
85 293
591 989
217 885
630 82
285 289
631 420
696 424
289 724
262 955
723 879
501 277
680 308
509 457
43 147
72 776
102 42
943 395
234 943
431 672
407 529
155 703
244 425
475 638
742 955
929 990
507 895
603 293
800 436
221 347
897 617
59 19
840 620
517 523
979 869
417 191
456 809
956 347
450 802
443 775
934 330
805 585
148 293
153 897
68 937
793 293
194 56
228 713
859 533
879 175
213 484
258 280
951 902
623 784
626 964
235 360
892 794
428 457
559 700
268 571
617 466
586 168
270 145
279 635
361 672
657 211
411 720
419 548
743 417
196 957
826 523
565 224
720 140
223 317
63 788
345 972
158 336
147 229
385 932
378 466
73 897
918 756
816 268
666 653
34 497
471 788
932 825
616 754
7 855
46 897
550 179
236 794
908 274
481 426
782 926
29 605
263 134
734 524
114 800
767 754
985 444
420 348
495 184
98 742
483 308
978 519
248 307
477 640
374 941
86 654
368 828
401 800
476 954
730 523
561 112
461 929
284 730
654 74
801 417
752 3
120 341
454 959
799 74
390 25
91 937
77 999
13 339
600 508
376 221
296 190
346 724
669 415
146 927
997 279
910 29
485 291
966 246
433 959
354 420
396 317
397 670
837 77
664 756
944 356
253 836
726 383
640 91
165 480
784 229
430 426
651 775
424 444
973 915
961 825
232 701
37 337
750 677
982 636
30 22
592 792
735 82
695 942
815 493
322 87
426 147
583 835
577 567
812 618
352 294
489 426
192 253
348 242
608 893
568 91
942 190
589 393
439 736
435 490
287 315
78 6
219 45
990 568
759 499
686 925
705 591
403 437
365 749
558 908
842 269
877 13
149 986
785 653
152 174
754 640
115 544
503 336
539 616
731 91
241 693
998 282
546 175
628 788
333 528
611 211
370 49
319 649
959 209
569 315
28 87
504 523
311 747
1000 90
494 293
535 793
872 981
673 275
633 530
266 186
386 101
595 839
668 181
523 706
498 773
716 410
480 493
457 620
39 289
391 326
453 651
909 625
41 224
369 420
542 90
116 112
295 511
2 416
423 140
687 937
193 128
727 706
878 278
940 329
141 11
992 175
445 875
733 527
701 283
629 14
62 283
613 700
741 567
750
136
545
368
118
749
955
670
73
789
388
876
739
444
290
210
589
187
836
596
113
737
978
320
875
190
888
16
842
212
900
645
663
265
299
116
605
340
516
252
706
602
711
98
637
831
750
337
243
673
503
346
840
806
862
740
64
221
325
367
992
182
121
816
334
622
323
145
780
514
158
918
408
364
155
617
174
339
515
418
279
793
83
592
988
365
872
189
142
105
129
721
211
9
93
316
159
929
23
304
409
434
251
56
336
318
95
655
332
524
96
285
268
915
766
380
132
448
282
260
362
928
236
535
449
887
717
425
220
593
638
529
157
658
948
715
405
941
531
58
760
950
134
45
731
743
997
744
396
999
295
652
483
527
569
440
664
926
453
585
213
217
303
892
914
178
454
424
107
194
294
908
930
520
2
114
254
553
84
776
583
684
626
97
636
798
912
512
115
995
797
292
837
792
981
898
796
378
230
258
400
240
735
607
665
890
79
576
422
728
173
281
720
443
171
352
389
147
183
570
975
668
577
139
863
879
369
63
490
958
414
662
473
787
678
288
871
764
865
241
223
242
748
891
43
37
266
971
505
601
525
415
193
370
852
363
52
917
244
61
278
1000
14
135
511
960
964
430
75
820
700
133
677
233
810
71
160
866
943
498
15
343
931
987
827
53
923
805
627
979
203
613
237
925
651
849
845
625
255
214
391
29
476
554
755
261
13
321
813
455
546
765
373
169
245
566
606
301
342
437
718
733
945
685
406
804
701
92
445
558
802
275
629
641
108
101
59
395
151
345
305
907
788
906
642
421
734
47
751
985
742
67
269
835
276
640
901
669
610
385
192
90
830
671
984
122
966
650
277
889
26
36
267
683
633
228
306
371
499
10
5
504
202
614
357
591
138
646
297
773
452
314
968
3
828
488
30
919
253
249
521
497
894
508
291
653
17
441
730
459
861
594
463
624
274
913
822
848
937
392
539
117
956
333
176
427
574
680
397
262
543
62
464
222
347
552
817
519
586
534
387
150
778
763
899
77
675
209
517
55
885
102
484
726
263
359
880
485
229
815
423
196
559
686
962
877
821
541
722
935
689
628
472
844
330
44
772
855
961
360
137
429
632
457
128
478
208
510
904
65
563
998
746
533
198
124
936
491
873
867
856
902
986
949
286
634
469
494
328
384
6
860
467
688
154
878
12
146
507
575
769
785
781
324
401
869
528
540
656
584
732
31
68
947
156
366
532
996
965
39
94
851
329
51
794
130
643
88
659
738
704
839
191
938
218
181
619
289
119
909
598
994
24
420
66
200
99
447
170
184
501
597
413
884
774
140
315
162
300
703
398
922
969
537
144
666
468
647
693
361
72
644
394
356
578
331
801
639
489
940
412
317
825
509
777
807
376
581
273
204
681
477
57
186
382
859
954
944
630
736
544
556
561
725
270
462
767
741
712
335
417
34
989
832
991
354
547
175
1
709
502
974
702
846
967
779
20
386
239
85
435
180
595
100
690
571
564
103
393
667
310
234
106
895
775
870
341
682
470
205
557
8
818
933
727
27
493
560
729
841
349
833
973
41
620
753
264
416
942
446
311
326
206
28
814
271
500
224
747
555
431
148
48
76
327
687
225
215
426
716
238
858
216
847
896
42
49
761
438
784
38
165
4
25
903
824
719
616
474
197
381
759
404
450
599
853
886
631
188
724
612
355
433
353
758
970
513
567
762
857
33
