1000
183 488
187 163
848 886
186 173
533 57
104 164
223 517
324 290
265 133
973 583
782 882
495 620
945 975
129 507
976 269
989 482
942 860
663 771
360 448
994 8
881 116
910 547
20 178
949 11
978 426
19 855
524 676
951 363
500 461
538 710
624 797
107 874
136 472
868 907
192 429
386 229
602 116
347 558
800 436
631 748
78 250
478 797
505 120
715 354
342 746
648 57
746 379
108 966
771 496
261 662
846 303
492 417
570 762
962 128
944 131
75 593
225 702
203 797
901 192
807 647
316 818
142 287
625 113
598 363
344 200
71 179
697 302
755 959
397 514
448 710
74 676
152 589
27 780
611 43
58 746
805 11
859 580
956 930
633 175
643 784
667 952
517 187
827 602
738 760
564 552
113 261
831 401
221 256
126 820
613 367
885 434
209 519
789 98
518 14
649 438
849 377
328 482
274 867
131 116
703 889
733 720
665 11
991 615
760 401
193 580
987 449
39 116
692 920
435 365
15 605
580 797
577 229
878 774
810 953
119 100
260 448
352 260
632 570
685 361
461 118
116 348
233 390
418 260
205 676
132 920
603 445
537 59
566 757
899 798
509 308
889 558
597 290
496 366
358 292
966 426
785 282
382 444
817 384
297 650
545 824
353 113
60 888
684 131
37 454
162 404
55 692
286 327
560 889
282 889
895 916
409 462
928 74
572 448
596 402
438 68
264 443
396 21
740 445
579 877
823 946
851 725
239 842
907 348
217 27
818 797
722 74
531 489
583 570
399 949
873 889
693 525
501 757
92 429
913 166
891 261
950 727
666 498
321 395
791 652
242 264
767 739
451 740
147 24
653 223
458 112
446 298
507 859
256 634
292 388
816 618
253 359
125 445
51 102
436 462
124 350
552 96
908 620
11 116
72 41
719 403
413 850
23 324
536 541
743 815
349 394
309 558
444 443
428 203
961 929
926 664
219 596
847 757
585 682
772 913
854 30
808 961
869 868
36 482
322 773
954 524
364 188
554 203
303 28
698 128
313 383
141 716
900 308
957 985
515 333
876 43
884 784
197 602
718 848
691 100
103 163
600 889
391 260
425 407
212 815
997 676
528 777
986 551
670 508
863 916
892 491
423 652
673 612
213 743
757 908
361 882
157 351
660 17
664 363
311 194
54 541
315 287
338 360
822 224
405 195
417 377
133 524
42 71
935 437
929 815
799 599
644 365
775 458
470 876
469 636
546 913
557 961
73 426
491 111
639 598
968 445
575 37
833 488
431 588
934 360
90 990
1 402
84 790
839 20
308 461
85 363
145 358
476 828
983 79
568 106
280 86
830 869
89 519
794 326
48 955
234 454
49 829
595 780
752 706
59 378
925 3
798 461
516 875
301 881
813 798
852 727
569 548
737 398
587 281
655 982
635 868
26 194
586 735
144 753
472 74
151 46
22 226
764 891
498 594
843 8
980 432
567 466
348 177
371 507
679 397
378 662
811 133
641 158
122 743
571 886
177 797
305 560
809 889
948 512
416 184
307 905
287 601
165 913
493 73
780 824
479 290
345 797
768 332
623 950
734 628
801 869
525 809
18 11
368 902
226 856
419 222
858 597
490 46
17 43
842 882
56 617
374 828
403 438
549 462
739 355
857 291
202 201
30 290
534 810
127 433
310 595
636 491
637 902
143 162
333 432
340 461
562 821
578 29
281 660
974 13
249 697
844 647
730 797
672 779
343 185
590 471
674 934
946 580
453 425
887 118
582 397
875 815
262 594
903 177
690 328
896 153
370 462
407 716
375 926
787 70
960 660
283 85
970 197
765 696
802 44
475 675
608 532
232 802
819 185
779 642
634 48
415 966
447 321
803 8
149 930
258 594
354 41
996 449
894 725
158 862
363 482
220 316
128 383
990 10
110 598
804 849
289 398
123 646
530 111
465 202
707 1
776 384
257 699
224 378
723 11
362 662
437 118
355 580
654 377
284 833
102 434
432 225
558 580
337 919
150 322
463 817
610 890
474 70
508 302
721 3
626 578
488 109
824 617
483 747
394 379
111 702
135 481
837 640
174 937
535 525
874 889
230 511
369 654
729 851
406 965
984 966
319 234
372 85
914 8
615 18
686 516
199 296
471 118
482 815
306 981
864 471
98 402
245 882
931 324
227 203
434 177
749 417
389 589
13 70
263 98
584 659
35 247
45 89
395 290
169 954
668 753
402 116
172 383
619 466
356 472
840 927
486 28
544 473
886 867
784 595
66 990
460 281
971 385
422 947
12 231
466 665
332 558
912 789
294 910
503 177
953 955
456 462
855 229
32 122
101 814
112 797
267 65
652 126
677 965
947 470
46 961
331 546
155 334
758 733
628 148
106 716
175 813
921 650
9 111
862 797
161 980
191 535
865 495
724 598
762 363
184 10
606 748
806 821
3 559
662 70
607 985
710 402
214 187
669 107
593 426
94 663
904 563
430 864
404 357
656 449
270 212
920 402
526 79
747 336
385 23
726 68
731 4
244 89
497 727
278 312
290 200
732 867
329 687
255 146
489 620
379 514
50 590
601 377
985 891
185 482
965 752
288 466
380 722
680 111
786 431
117 690
832 612
211 274
927 171
773 882
80 960
335 157
176 116
759 712
750 945
180 11
541 482
231 916
440 649
841 617
751 816
252 981
835 212
166 558
4 819
464 290
484 978
651 797
815 348
742 952
713 134
706 907
879 612
70 482
381 336
504 496
937 878
646 118
44 725
699 118
473 203
373 954
812 708
519 665
790 178
616 415
520 314
21 482
25 455
964 549
248 1
872 54
774 570
441 649
398 663
388 558
179 388
744 205
414 461
829 402
392 796
963 960
588 461
327 936
120 549
170 383
424 617
207 585
76 192
924 992
766 836
293 665
47 537
91 533
138 352
871 546
938 781
565 275
576 691
650 383
83 708
993 886
599 345
622 867
604 445
581 263
609 525
67 100
542 203
156 940
915 597
140 960
527 100
318 662
916 321
188 414
814 824
825 953
745 797
64 819
272 450
661 936
52 39
153 28
778 180
728 429
514 797
304 417
40 393
77 59
241 903
160 895
57 598
620 348
467 771
41 699
208 514
574 928
676 203
936 23
178 177
890 436
866 802
204 516
788 997
992 308
539 106
159 270
532 203
717 512
69 157
551 11
939 875
888 764
756 126
254 885
236 639
770 369
2 670
777 258
426 118
377 482
154 851
291 762
972 63
522 913
591 61
700 736
408 797
109 203
761 254
547 831
836 402
266 230
216 327
164 554
548 617
711 282
647 676
867 797
521 707
167 650
351 482
139 842
795 671
553 815
330 580
860 961
296 921
614 539
981 203
449 597
826 481
657 824
285 959
701 406
979 744
561 308
390 10
115 194
592 335
932 852
33 313
455 694
893 92
906 956
999 355
529 805
820 163
251 26
870 264
678 431
853 29
420 935
271 738
53 764
34 301
725 344
443 177
299 53
683 610
494 841
100 946
450 961
704 692
295 639
82 324
918 240
173 370
909 615
134 370
919 951
118 203
38 272
168 850
998 506
365 432
850 889
137 939
279 959
429 949
930 859
336 334
326 823
457 482
259 916
62 708
559 594
856 580
229 184
933 272
943 348
65 31
314 261
198 127
28 263
511 68
276 716
24 976
320 401
480 56
540 945
268 269
97 874
240 676
462 348
754 739
982 52
325 203
383 200
845 11
182 370
99 992
190 100
694 70
642 820
969 272
923 814
6 164
312 397
708 132
618 676
702 868
387 759
222 934
645 865
523 640
243 981
735 4
911 402
218 652
629 929
29 282
481 29
695 159
427 581
897 194
228 452
323 704
689 213
640 59
671 920
79 562
955 580
210 27
753 167
781 962
275 166
130 653
696 443
421 950
334 617
384 598
605 403
81 788
627 707
682 647
63 738
834 671
215 369
400 891
250 186
988 815
393 773
350 675
105 955
87 394
769 911
922 120
439 915
196 560
346 926
1000 145
31 797
512 31
442 10
573 494
114 816
452 164
543 322
952 533
940 128
621 118
902 646
93 819
10 334
898 310
200 11
410 696
181 636
121 541
675 482
882 401
555 247
376 391
563 874
589 449
445 200
617 482
16 643
433 551
146 916
727 489
487 513
958 762
838 111
317 70
237 162
905 594
792 264
506 407
246 86
485 488
163 665
61 796
454 436
68 907
273 831
658 185
967 118
5 510
709 69
880 401
95 610
681 241
877 745
459 671
401 116
195 665
995 648
793 895
720 434
302 968
687 118
189 977
96 203
714 797
194 929
206 578
277 708
300 175
659 330
171 821
88 89
477 496
821 324
630 587
513 877
748 133
612 859
705 713
712 187
468 305
357 580
917 372
783 919
796 166
148 541
502 910
7 436
736 712
499 351
341 399
977 357
235 97
941 835
594 716
510 694
366 824
638 363
359 684
201 363
8 259
238 325
298 379
975 321
43 620
339 202
247 875
741 136
959 449
86 480
861 889
14 558
367 392
688 208
550 602
763 117
883 24
412 394
411 370
828 399
556 968
269 214
716 10
800
53
23
450
104
679
841
427
345
32
765
371
520
64
66
763
94
80
584
469
620
945
771
318
416
970
796
217
201
313
99
989
323
491
529
588
162
259
127
315
592
418
980
362
614
827
659
283
432
575
528
402
595
752
828
596
566
587
266
61
38
567
477
646
109
332
804
896
140
499
682
54
128
425
327
179
6
490
70
320
219
495
974
949
673
549
523
36
428
701
230
603
277
878
550
157
608
141
696
650
628
850
755
498
131
376
241
983
319
396
134
623
822
691
433
21
735
380
794
785
648
842
517
423
352
560
249
42
484
435
678
132
515
492
167
698
556
204
470
594
506
731
703
105
847
212
328
326
786
624
383
601
911
143
414
298
154
919
853
65
62
793
700
770
600
209
331
142
257
591
759
914
808
925
530
112
444
262
876
538
31
685
525
248
607
182
187
357
426
888
693
593
71
899
795
708
589
935
11
341
172
514
641
192
826
883
540
122
7
726
598
12
392
366
767
630
330
948
509
745
189
255
111
443
10
681
993
41
779
561
393
670
843
379
544
136
386
671
174
343
893
239
311
583
927
77
661
270
325
713
760
813
898
156
153
571
337
880
231
190
825
881
758
639
744
1000
372
442
183
168
756
133
716
563
723
833
89
508
873
487
733
462
51
40
576
382
296
885
75
496
164
747
728
451
263
887
203
739
626
13
373
494
848
176
606
776
69
265
612
687
953
809
824
101
634
253
196
996
215
389
301
365
533
908
388
769
458
170
106
834
990
100
5
86
147
955
931
22
861
901
689
118
857
150
175
410
87
20
449
522
816
791
569
684
238
58
233
720
801
223
604
666
368
124
734
854
536
897
559
746
991
186
49
597
904
879
353
463
415
572
486
712
483
197
669
599
411
169
831
409
823
350
672
220
762
718
205
358
436
288
221
618
697
545
565
749
45
108
184
68
348
869
832
947
532
862
481
787
543
573
52
14
384
792
921
258
431
439
214
381
207
981
360
757
729
355
511
206
617
768
640
200
683
123
797
8
613
292
936
732
963
775
658
289
148
780
145
526
374
555
609
705
281
652
271
237
139
675
4
835
48
706
638
849
699
518
369
27
874
644
361
922
232
558
16
917
766
686
902
363
997
865
130
194
950
940
635
309
117
297
710
269
137
637
541
783
761
570
912
370
333
647
668
971
242
986
398
359
375
889
46
856
115
76
778
478
960
957
113
103
632
992
884
158
956
195
941
551
390
988
401
807
303
144
403
505
400
321
93
334
422
905
552
958
928
354
300
216
272
476
918
814
627
17
724
915
895
421
171
340
202
329
633
218
251
954
715
860
419
811
387
73
125
916
839
719
610
81
247
129
30
773
802
531
740
851
987
280
582
178
622
260
524
286
512
456
933
503
602
317
845
877
736
534
312
261
507
837
984
690
482
79
339
83
229
645
743
890
412
864
978
26
405
306
838
84
727
493
227
527
290
858
324
471
657
982
872
314
574
695
391
642
998
859
923
308
965
437
126
367
805
961
562
844
448
322
564
871
546
942
385
155
74
430
351
441
453
772
302
475
461
973
654
855
820
404
246
643
240
677
846
774
349
782
704
725
547
9
891
653
92
741
180
621
346
751
110
817
222
959
120
702
977
146
455
378
784
185
985
934
836
557
926
975
667
489
660
649
663
119
886
459
753
56
181
33
979
235
254
299
96
114
932
788
692
305
60
748
107
539
342
364
29
999
50
709
937
291
97
245
968
629
920
304
457
338
434
943
900
466
406
95
502
408
818
907
188
310
243
159
278
510
586
656
664
226
605
173
316
377
47
199
995
516
165
619
738
930
497
397
863
