3000
2458 610
969 2652
1024 2504
1063 2850
1758 450
1579 157
2099 1141
2516 1716
2504 1583
1883 2893
2731 585
1573 2760
2205 1541
473 148
336 492
1456 1616
2428 2140
2750 893
1292 2510
451 1675
238 754
147 1025
444 400
2819 1002
1606 1380
674 1817
1356 403
2868 1847
360 1404
70 1188
1674 2602
2421 1605
2396 1561
1520 2581
457 486
2402 2571
1072 1140
2872 2406
938 1839
2669 751
2794 1199
609 2516
544 217
449 107
2941 2215
2561 2547
365 156
2467 2111
1920 723
296 1504
1396 2664
345 2148
2761 570
1965 2132
2686 2050
2885 997
952 890
1565 2069
1382 1047
2307 2499
2610 853
2120 114
1402 1516
109 2617
1114 608
1491 92
1446 2931
356 612
2011 890
2464 2288
1972 2134
1463 2409
390 2950
623 1171
2752 1124
2764 1579
1959 145
2997 836
1655 1465
1333 431
2213 335
2454 1583
2621 217
1992 1462
2533 1772
2012 68
1994 319
1053 689
2818 1267
1803 162
165 320
2847 1213
2191 1570
2291 1051
1493 2789
524 325
1109 1614
2250 796
2644 2943
366 719
2728 1715
2287 141
23 622
621 883
1656 2650
2712 1574
699 91
168 2644
2249 1306
1482 2746
1886 1441
1251 762
1957 2209
1056 262
1003 2494
89 849
2430 2589
1582 616
962 2063
1734 2699
1343 2016
1421 2927
2392 2581
1643 2907
818 244
2676 2807
223 2565
214 2213
1417 2383
93 2411
2437 2373
1369 2960
882 2840
382 997
1931 1709
953 1322
2440 2240
46 292
1183 2854
604 1186
2180 1693
851 1985
2853 292
2064 1961
1731 310
2136 991
2802 1959
278 424
685 2276
200 583
751 269
2547 2142
1005 114
577 858
2285 795
2432 741
1515 2604
2092 236
680 1728
848 2517
1911 2786
502 131
2397 456
2942 1864
1600 314
946 646
2184 1380
965 1070
2792 1106
2540 2755
1571 1695
137 2390
1289 1314
1967 2671
1267 647
1253 2171
1475 1845
2005 35
905 2072
1841 814
2522 374
822 682
2790 2546
1062 864
583 2360
1057 2665
2620 1016
2724 1772
1653 1582
2225 2562
2732 200
297 2301
1296 1377
44 2344
855 1676
901 2381
2297 1817
2451 2713
2318 1795
2743 90
1660 1433
553 2755
648 2454
1807 1893
1001 1012
2971 399
959 282
1247 1608
2591 473
939 233
2922 2148
166 1656
2990 2213
1345 1331
362 644
1471 514
2542 1772
1154 1463
630 1669
1563 2071
2132 16
259 1802
2500 1548
458 1774
2642 1617
1906 2106
1770 2773
352 2635
2553 1565
2707 1817
202 2135
1498 350
1025 1669
918 1297
1814 2062
317 2967
1065 1272
1550 2633
2398 2307
634 1993
1180 1995
2641 1022
2795 647
1762 2481
1769 85
1779 2658
1179 2694
1076 769
2692 846
562 2274
61 1639
2973 770
1569 1070
1833 92
781 2790
163 2268
1252 2001
1592 2085
2327 2868
1200 1022
826 1051
210 1693
2339 2016
28 1107
150 2204
1661 875
1245 2184
2900 724
1128 1966
2637 2928
1196 736
958 256
1862 148
2595 1963
1153 656
926 1145
681 2181
1908 749
1783 583
2776 464
1354 206
1490 1502
809 2786
820 2270
1932 1952
1719 1774
129 563
1319 751
2370 2300
120 2270
409 2228
1428 1319
549 91
663 2161
2855 309
2701 1333
1788 2730
2418 1464
2206 2765
2222 2668
529 2661
1588 2473
2647 1215
66 1826
2422 395
2661 2346
783 944
832 2137
1612 424
693 822
1226 1525
351 965
127 217
1701 1806
1173 2428
2068 1232
1293 2058
2674 2132
1336 877
1763 1435
1854 1720
2056 193
1344 1356
1820 2246
1260 2287
435 2193
2445 77
2689 793
1626 846
1017 450
1785 1500
968 2157
2002 1953
1148 2529
2194 78
1915 2411
1642 2363
2763 344
1853 1595
159 353
2501 1049
778 1693
780 1637
1938 162
1429 155
1709 1553
1754 2615
1730 195
76 597
2305 461
2062 823
2228 303
220 1808
1298 2373
594 724
868 1414
1979 1319
889 1971
2182 786
1348 2833
691 2268
2814 2834
2573 1757
2673 2893
2499 473
2496 2339
2269 1262
586 1262
1751 2244
2359 1569
380 562
1607 2611
1342 2621
1704 1974
2137 2513
1117 598
284 2190
2452 2706
1652 1979
1011 2871
2623 1432
1158 1837
241 1105
1130 1319
1235 1055
1937 1525
863 2123
731 1089
470 1152
1086 204
2721 2585
2934 925
647 77
2932 2402
2244 791
934 332
1095 1962
1822 1561
2578 158
130 696
2251 1186
2747 1892
2315 74
523 2296
675 593
745 2204
1876 2296
2243 332
428 2399
115 61
2301 1525
10 1826
2672 148
1449 72
2881 2456
1054 2852
1846 450
2493 1171
1604 1610
2203 2006
2179 2937
1572 44
67 1051
2268 1999
1890 1065
305 2776
782 2537
1207 2063
1983 620
1288 2920
1605 2313
1616 1703
2783 1789
974 49
415 649
1305 2102
399 280
858 1490
2629 2193
2779 1685
1140 2242
721 2498
2603 789
2604 1361
1815 2162
2409 1553
2348 557
697 781
2455 386
1510 1553
2459 2663
1552 1792
2938 227
2384 1301
1426 85
1129 186
1955 2479
1439 491
2036 278
15 725
2457 1875
1184 2111
1988 1928
2775 710
684 1322
2473 438
1167 826
1946 2494
2865 2487
353 842
2984 2828
772 857
2905 1248
2262 890
81 1167
2520 2448
2035 2859
173 1817
1274 1580
1271 199
2833 2106
1159 282
2506 844
1598 1711
354 384
997 2676
2807 1358
726 123
1360 1401
500 1271
1330 947
1739 264
2261 2650
949 317
1168 2352
2543 1397
2073 332
688 605
2514 621
2449 2400
908 2820
128 231
2507 2697
2631 699
1710 722
135 2936
193 883
1126 2270
694 2383
1031 2060
2306 2062
1029 359
2521 2279
2040 2516
2060 2156
1436 1525
1468 2693
970 310
569 841
62 1171
2015 944
250 890
2335 317
2529 1583
530 1532
123 2968
1567 2650
1312 1944
59 2100
2624 943
31 1737
1339 1156
1977 734
1185 2790
1625 263
847 1935
2634 435
1037 2908
1867 2961
2694 2651
3 1417
2671 682
1726 1166
2055 2643
509 2839
1405 785
2797 2266
2871 1651
2552 1703
2465 27
912 1103
2157 1162
2914 2878
2693 39
2160 2214
718 2847
1087 923
2718 2668
2515 816
2198 558
1452 1229
2785 2252
245 444
2722 2526
1590 570
2280 271
709 2454
481 991
1622 1732
1675 2903
2443 2605
799 2724
828 762
706 1840
2532 2287
1884 314
1237 2360
1838 384
269 687
2308 2666
1558 62
2650 890
1315 2025
1975 1301
2844 2633
1221 2132
1038 2746
1976 1687
724 1732
574 302
897 1152
1899 893
1521 345
821 2275
2498 1556
1837 2262
1909 309
301 1792
2149 1415
796 368
276 1435
2386 1960
397 78
1066 2765
1641 326
597 441
892 604
423 2743
2749 74
1694 2947
1637 2301
1270 57
2910 725
2788 1337
865 1660
2065 1284
2691 2899
748 160
1275 179
1657 427
187 1064
2961 1414
469 1397
239 587
2101 993
636 1609
1947 2643
1035 629
2140 2348
396 2022
520 2052
358 577
2985 309
2975 644
1797 2570
2665 386
508 2262
2237 402
142 1600
1195 717
363 2417
2751 2504
490 1170
254 383
2778 2149
1864 1589
2583 334
155 890
2391 1266
1211 843
1453 1412
1828 977
2365 1772
538 93
700 1071
2843 269
2590 1161
1691 2282
6 2359
2996 1609
1539 2546
118 2516
306 2454
1216 1516
1395 240
1383 1231
1023 2346
71 1939
1888 784
1810 2378
478 2880
1458 310
2611 2761
2190 2530
2789 1127
201 114
531 601
1537 2651
2901 2044
557 2454
1282 583
1223 1488
293 330
2117 944
430 2538
169 2704
2217 1982
2978 745
131 1196
1295 384
268 341
558 2254
2322 1428
2564 828
1191 1478
2967 1417
2147 2848
844 1672
551 2807
422 2268
1433 2658
1809 2771
330 2859
2401 2545
18 1817
4 1984
690 865
208 690
2128 656
2146 1318
1450 1221
2483 2815
2545 2267
436 1657
343 2089
2273 1206
696 978
1 78
2903 1953
2528 1359
1040 2650
532 2373
1026 748
2656 1095
417 2925
2303 2301
2208 1141
2739 2339
1411 446
2565 2204
2726 1619
652 1162
1665 2962
1644 2460
1438 2170
2734 1124
1234 1791
1199 2255
2014 1674
833 2650
1290 2765
819 1165
179 1143
2706 2903
22 1199
573 384
1454 2315
2309 2971
1904 1463
1083 2142
807 2360
1672 2643
1034 2946
19 73
1013 2454
846 90
1210 1100
1806 74
1193 2849
1100 640
452 1790
21 1817
1051 2125
1781 704
2735 2619
2753 612
963 1694
564 1706
1502 1985
2907 330
2866 770
1232 1280
711 160
2925 1966
1574 2685
1760 1953
2546 1525
1504 923
2037 145
628 2873
1372 2267
669 2062
105 280
1465 2627
2376 2697
881 1409
1176 1977
2563 1273
139 823
1747 2106
75 1390
2476 79
2745 1287
1682 890
922 2739
2851 2274
9 823
1877 427
911 2576
1279 1703
2106 2274
401 1160
170 344
2283 2883
1690 723
605 992
2253 1396
1131 2694
2581 2360
742 875
589 161
455 2601
292 1301
770 2658
1620 155
1276 1828
374 2829
769 373
1432 1407
8 157
1666 1789
17 923
2016 1089
51 2144
1695 68
613 1177
1623 2903
1069 923
2760 2774
1150 63
1435 269
1718 1799
2197 2424
450 16
2346 1358
2992 351
1350 1202
632 687
2892 709
2031 1396
730 1821
1000 2806
1963 2776
499 2548
2482 711
275 2462
1997 2099
227 1804
1124 2426
1408 991
1202 110
348 46
673 2044
2009 2389
638 2316
1896 2454
1768 2831
1984 1900
34 2097
581 1376
985 1485
755 1128
561 2615
2935 1875
1818 2364
550 1614
2254 155
194 2306
1523 2346
1250 2113
1019 2082
1793 2274
406 795
2316 2068
2600 813
1559 2085
708 938
1712 1055
996 875
2653 2755
1962 1264
2286 2493
1543 585
413 2397
2995 337
1055 85
2257 2174
1486 397
2654 1738
2977 2840
1307 2082
1393 205
395 532
1215 580
624 231
924 883
311 998
141 977
1982 1264
2572 650
2034 68
2423 1039
2116 505
1002 1521
1090 899
1835 2125
1714 1518
660 2550
252 963
2746 1139
126 2538
2562 1318
895 1839
1488 23
2730 224
2680 890
2393 1453
2070 712
2759 2303
1047 2262
645 269
955 474
571 851
777 2852
1014 1619
2368 1162
2919 1979
2987 402
2864 1703
2494 1165
1039 2703
2329 2424
850 1357
2817 2304
36 1940
68 1583
1437 2967
1028 827
2766 2834
1477 869
2389 923
1708 2400
1826 1380
880 313
1671 2210
835 382
12 1634
2242 2069
537 1542
2477 2406
2102 1684
989 836
838 82
432 2740
2895 1657
914 2505
213 2030
2442 740
2725 114
7 1831
2129 1377
1492 2889
226 907
2145 1013
2767 674
487 2467
80 2076
2945 1651
2150 614
1761 1345
2737 2170
1645 2148
1278 1700
1981 1099
1273 456
611 2433
55 401
5 2128
2666 134
2139 1336
1320 2801
1010 39
1182 650
988 877
2050 1750
1684 553
981 622
369 1512
2118 557
2596 1502
2290 889
2926 692
2614 1487
1512 2274
1122 2148
902 2041
1776 350
619 2025
1583 148
913 2755
1987 1322
2889 2650
542 196
1591 2335
2575 1612
2275 1123
1445 1868
1522 1489
2420 744
2846 1704
1667 2426
1958 2509
323 1610
2175 557
2095 170
2598 1563
1829 1675
2592 679
976 310
2549 2752
2986 938
2713 1809
290 134
1012 1903
692 471
720 2476
797 2321
1092 2928
1258 325
2555 2191
2538 456
2769 1384
472 1200
1119 582
1262 1672
2436 362
119 769
2167 2197
1940 1489
788 2178
2163 2414
1529 2749
2193 424
2839 1687
1693 944
2508 2697
186 2697
1723 612
657 1646
2417 760
371 1459
1765 1778
2441 2073
2697 1874
2519 37
2166 1999
446 740
1042 647
1404 2048
2940 1648
2952 2274
334 2241
2162 1626
1557 2940
2320 557
547 1382
326 382
164 1509
2239 2383
763 236
2337 1047
900 784
915 2752
2319 2789
233 335
149 61
1181 1795
1614 2656
1919 1487
462 1033
1508 2876
2780 696
1518 1095
476 2448
582 384
2202 465
643 56
1802 644
2874 1127
2330 2498
1787 630
1127 725
2980 2993
314 1617
2478 2331
2505 1259
649 662
1646 325
1142 938
327 74
2770 314
1074 1015
346 1076
1827 2755
2109 2621
2736 997
82 79
1790 1656
2554 2167
653 2355
1067 2606
234 2196
1190 742
419 2036
667 2016
2587 990
1097 1757
219 2080
566 1450
743 227
1214 2738
2982 2593
2018 1309
1359 751
640 1789
2211 682
1425 2955
2414 2197
1668 368
2434 872
2340 1479
1871 1055
2311 1669
398 580
2006 56
1306 1556
1136 787
77 1089
2981 762
1106 193
2165 2298
827 760
2912 1672
891 88
157 491
189 2044
2028 169
102 201
2230 622
1225 1866
2536 1561
1651 1987
2439 2042
1376 2010
2328 740
2989 254
831 540
587 234
1112 25
860 804
2758 101
2659 798
539 858
592 1791
2470 112
1077 785
2660 1322
221 1896
280 2499
1923 1242
2796 2306
2410 973
377 2411
2939 1138
1634 1583
2086 2545
1808 1301
2771 687
41 1368
1241 2
2896 2509
1852 2080
2019 296
144 2911
1748 2054
600 1487
940 2417
2151 57
2850 1224
615 2266
862 2151
459 2533
1639 1423
237 2399
2155 1368
899 2049
876 1905
2168 72
2114 1185
138 978
2858 17
63 2299
2897 202
2566 698
1368 674
1479 2
2772 394
443 2697
1889 2674
1551 1030
2627 765
666 1445
124 2370
2164 2938
2832 789
2908 102
384 964
447 2581
2265 1928
824 437
2381 1987
1397 747
1381 2643
2057 2938
199 837
331 1457
560 1703
2461 544
2852 1070
1689 1800
526 237
2400 1141
1427 401
2589 1504
479 1871
1110 148
2450 1224
2183 125
2468 135
633 37
1745 457
2798 2437
2568 1874
1914 1821
504 444
58 1422
2048 2572
495 1890
655 1886
1554 2193
2259 522
1629 1707
2087 293
1337 2215
929 2789
2823 2350
1893 996
2704 2400
1752 2977
309 548
486 2867
2836 676
2267 2651
2333 2929
2601 1704
1102 1077
548 2625
635 2001
1757 1681
746 170
1392 2523
1727 2529
2366 1500
2948 2581
1071 2359
843 850
1316 1519
761 2740
1858 2530
195 2947
1907 256
856 2954
2030 2936
2602 2651
1676 907
304 2371
1602 1695
2491 1705
344 852
565 2360
2270 1675
1116 323
836 373
2227 1464
1830 2724
2312 1476
1459 2125
2848 1583
2906 1359
2289 359
176 2141
948 856
998 977
1091 801
2580 1896
2126 148
2063 2190
2937 21
1728 2618
2485 2874
1169 787
1703 1070
1587 1361
1995 1308
1326 1438
1434 15
2557 2069
2626 2661
108 684
437 1002
1494 199
894 765
2041 175
713 1837
1419 650
411 936
2278 2332
1321 2877
1759 2871
1472 1539
1792 2193
324 1795
2187 982
1301 2454
271 2178
972 2007
747 2365
1464 2125
2170 1753
1516 1842
2619 1525
2046 473
1507 2706
300 2672
253 668
2886 2767
1448 2170
516 2006
2890 2157
2698 2250
242 2387
464 1160
2863 2118
98 2398
2741 757
2857 2360
2204 310
1750 964
2670 1587
2966 2831
295 2872
2733 532
2502 296
916 2710
2326 305
984 1979
1481 473
784 725
2159 2523
964 2193
1533 992
2960 474
190 1962
1133 1024
2134 1512
710 2061
1206 2413
2951 1070
391 1445
1303 450
2355 1741
1514 269
273 2899
603 1900
2723 1753
2240 2204
1756 2227
2444 2829
203 1123
898 1987
2266 1610
545 508
52 2680
2411 1786
679 1123
240 927
1016 722
2862 532
1141 2360
896 1142
29 914
1530 356
2119 2170
461 2278
2657 2570
2238 1459
1390 2217
2584 1521
1866 2262
2453 2964
294 1560
39 507
1638 494
980 2260
1755 2058
1649 172
2094 1693
1713 1283
2497 755
2755 1384
2356 1848
2812 278
2334 1553
622 758
1863 2820
394 2781
1327 2523
2072 2209
1049 141
1542 2156
575 2266
1823 2392
930 964
1476 1534
2687 375
1455 1055
1249 2807
517 2928
2156 2303
2088 2396
1513 612
1928 719
1264 2672
445 2293
2690 2144
177 255
1611 1165
99 1080
1998 1570
2097 300
2044 757
257 1850
2379 264
1323 155
629 1322
598 2099
854 2771
1812 1720
2188 816
798 1382
1213 1556
2486 1480
2744 1089
659 2313
2630 2570
1166 1542
232 1715
2336 1723
554 202
1581 1842
1474 266
197 1727
286 90
2793 1903
408 583
2403 2346
1732 2469
162 2454
1524 2925
2304 2967
576 1635
2756 612
966 751
522 1892
2663 2417
2826 2660
1777 978
1367 2265
1118 1418
1706 1244
2039 2529
513 1662
1721 779
2082 2749
279 762
1711 2297
2800 723
1577 1153
1101 2671
715 439
774 202
1544 2936
2416 2168
888 751
2947 2672
2649 155
2821 1937
1403 1419
1285 785
1332 736
1715 691
1044 2710
2256 2967
125 2519
886 438
2490 2549
2294 1101
2930 2977
960 1127
2125 923
853 2947
1137 1597
1526 2122
1716 1380
2264 1826
986 1987
954 1077
2380 1178
2804 2780
1451 1750
2061 964
1361 1999
1678 1070
1749 864
1585 2525
1989 2033
332 583
466 2151
2047 1569
2615 85
1099 2651
2894 2765
1084 779
1873 1516
1905 2274
1484 2344
1960 1523
256 2759
1540 135
2241 2833
335 2301
2003 2460
248 2359
303 2071
1441 1405
1511 2213
2124 8
2375 2106
2946 1073
1772 148
987 736
2152 1054
56 2888
2570 2831
1850 1516
372 402
475 2700
1145 877
2648 2388
1093 1516
229 1767
2323 2081
402 2575
2962 769
999 2509
302 2882
480 2385
2840 2211
2472 2379
1497 148
13 4
687 1141
2861 536
2209 17
2699 1851
2955 1359
626 234
1538 2313
244 1345
823 1750
1953 1693
2837 1031
1869 966
845 756
744 2339
705 1119
2260 2633
1352 328
756 262
2646 2829
1795 870
2503 2234
1705 1523
2107 2317
1242 2395
1746 1995
1287 2448
683 2732
1677 1435
1813 852
1647 1717
1440 2360
1921 774
1707 1581
2154 23
493 923
2084 720
47 74
803 2304
418 183
1870 351
2607 789
107 181
2811 2985
588 706
1415 2633
217 1018
767 2184
26 2929
1291 2917
1162 2581
2288 2061
2049 2917
2824 1406
1277 785
2742 231
1742 2330
928 540
1231 1050
1961 78
1015 1148
2171 263
552 2131
310 890
1386 2381
1365 85
2574 2815
132 486
641 38
1239 557
2098 450
471 2546
1374 1975
1925 1906
1594 1052
1664 548
2803 224
1547 2567
2425 45
54 256
676 1774
2524 2032
1007 2421
2081 665
161 2993
2185 1945
2993 964
2045 1686
2021 805
121 1271
707 1772
315 2466
1729 2211
2719 537
2913 2966
2957 901
937 1250
1560 2533
884 80
45 345
1738 1127
2133 890
514 1089
873 2124
249 1563
947 1542
1861 2613
2705 1903
2781 2599
420 27
1670 2092
2576 1891
734 769
2588 883
2300 37
196 847
2805 1701
2385 887
373 736
875 2460
591 2671
2282 584
1416 2789
764 2096
416 342
1466 2087
2252 1040
1561 2016
825 2834
2838 933
723 1051
1696 1914
1628 2495
2438 1474
661 2900
2927 1494
1068 2965
2484 2003
2635 1418
2475 283
766 2471
2888 844
670 2826
2077 447
1608 2197
808 559
2079 1492
339 1985
1467 2915
1954 1280
654 870
1580 2097
1351 2743
2469 2148
1658 1406
1673 275
1197 890
206 2880
779 310
1794 2022
1697 2339
2022 2454
1949 26
2703 2241
2968 1344
1006 2022
2192 670
456 2635
1175 2549
218 1383
2991 1907
2715 333
2998 2085
2548 1874
289 667
100 91
1300 1257
2928 2671
775 2492
1631 1962
943 278
1355 1962
1423 1837
904 2048
2678 1952
291 2807
2020 927
1413 183
2571 2342
1325 1433
2560 682
1104 424
2245 901
1443 2389
923 2581
877 2030
1843 1869
1740 1236
1859 1818
2130 373
672 2126
2831 758
1286 2743
2186 1157
982 2994
533 951
1985 2947
1506 227
2636 2314
1619 2035
1898 448
2640 1502
2668 620
1220 316
2226 2360
2684 921
650 1637
2310 1868
400 2332
642 2981
2523 2987
321 2832
468 2504
2232 1143
2246 2703
1317 1848
1753 2062
2513 1051
251 2782
1720 212
2029 1666
2677 758
2717 2931
849 1983
735 508
1328 787
1060 2113
1531 2659
2585 1525
188 1924
1545 989
512 481
11 2111
2220 492
927 224
606 1700
1887 1415
695 220
2066 260
2219 1675
1147 2774
1123 473
2277 526
467 2783
620 90
1170 224
389 1705
2474 348
2884 2602
2799 502
1945 2529
1942 1231
1268 2241
264 1487
840 1208
2827 861
2618 2390
1613 2973
1578 90
2714 1077
2113 662
483 2615
1599 2281
1978 2787
1575 2967
1370 533
879 921
2816 15
2510 2061
2662 1596
2809 2651
378 711
1741 424
2075 1800
212 2672
1951 2138
1201 1390
1194 2815
228 2456
1178 2911
1487 2022
1322 2651
599 2993
993 342
117 329
1420 1646
2716 2647
2471 234
2786 1060
2597 1805
1363 2228
719 447
525 332
1725 195
1589 968
1366 413
299 1260
1635 644
2110 1939
2448 2817
148 1380
1064 330
1875 448
243 1181
612 2602
2001 1731
2825 2210
1469 435
2371 2134
590 1220
2196 1418
793 1945
2325 2615
1789 107
627 224
1832 2254
1801 144
1973 1731
2446 844
1576 2814
1094 69
1470 1875
1831 1979
1688 1959
97 291
2176 1674
1969 2769
364 547
758 629
1033 1553
2357 583
2332 1418
2008 110
1115 2671
1845 2157
1212 2241
1939 544
2953 311
2216 1170
260 2840
2920 2658
1113 2925
753 1942
1248 953
385 201
2367 325
2224 2455
870 2388
2782 2006
2284 50
1082 335
2936 2454
983 865
2531 1753
1052 1489
2559 1569
2544 1703
2302 774
1256 665
48 450
2525 1716
1767 2610
2215 1709
2762 1322
1125 779
2281 643
931 1686
2599 816
1151 640
407 2626
2854 837
1796 708
1900 1637
2341 48
789 2517
2429 2486
1913 359
990 2327
872 21
2067 15
1633 1992
350 2135
1255 696
205 1202
1480 2043
1627 2028
338 21
534 965
1586 310
322 529
1791 2768
262 2052
453 1019
2058 374
2828 620
1990 2067
1422 2766
2904 2719
1568 237
2774 1380
494 2016
460 2826
2017 2149
646 2664
57 387
136 1668
1926 2342
2435 1774
2664 751
2052 316
757 1914
2834 687
484 332
839 1264
95 1858
359 803
328 941
2738 2228
2317 2274
1811 276
1297 1490
2708 365
1294 924
2218 1015
2344 200
281 2517
116 2761
386 792
74 944
2577 1651
878 580
1008 796
580 658
907 2081
1632 2350
610 2146
30 1573
1164 625
950 570
1280 1358
463 1023
682 1817
33 2096
2969 351
2007 2546
2078 327
424 1525
518 1166
1111 1209
247 2404
2331 1011
2177 2515
556 1948
1894 278
805 1932
2201 2865
2351 313
1485 507
2964 2460
2882 201
2880 2572
1266 1887
1857 1414
794 2145
1527 73
812 341
342 1941
2255 2262
2682 2672
733 580
1204 2729
1331 1826
1844 2026
1373 2849
2675 2413
403 793
347 1798
1105 2381
2235 184
2144 397
37 964
1601 1514
2272 1229
86 2426
337 1817
2089 2424
2918 2817
320 1826
1774 148
65 332
27 1862
1261 172
749 1017
1222 2193
991 1556
1621 977
1283 1919
236 2950
540 1160
267 2122
2810 965
1564 2533
890 492
43 2529
1764 941
2342 1886
2214 1123
2893 2301
1473 1494
1149 2505
151 438
536 2080
658 1371
1700 872
2875 643
2090 1348
2247 16
2258 2043
308 977
2748 1758
555 447
546 1657
1138 877
1462 2577
740 1322
1254 1840
2405 2080
1478 964
519 1010
1934 2452
2314 1319
1903 706
933 1541
101 456
2527 1108
507 579
222 2504
2338 2389
2169 60
154 300
1299 1853
25 674
1744 979
69 643
2808 1899
42 152
355 1208
414 2355
2010 2317
1717 90
1496 1690
368 1397
790 1772
1324 48
2870 497
313 1396
3000 1291
957 2174
1407 1280
2594 1500
503 223
1662 2966
1302 2471
172 2383
866 1948
1687 1022
1966 2454
1070 890
1380 2581
2142 1597
2822 1749
2933 965
255 2099
1160 2046
1743 2625
1177 1716
183 19
771 1716
1098 1926
113 2383
178 487
2729 536
2378 1709
1209 1521
665 2749
2377 2389
2292 377
1895 145
1766 155
1882 2021
689 2834
2829 1196
816 2529
578 332
2556 1874
2994 852
2878 2163
1146 456
1663 1511
1009 825
2867 1500
288 1383
2321 1293
1022 1945
2567 107
207 1525
2413 555
2517 650
1549 2479
738 310
1929 1301
1555 1048
2988 2509
842 624
474 113
2943 1516
1840 853
405 236
967 1988
936 2657
1079 2203
2111 674
722 2016
211 1646
379 2517
91 2859
298 1774
2148 2658
1430 2045
1532 73
917 1639
1229 793
2806 1140
2709 438
874 2940
2263 198
1782 1441
2112 5
817 234
1584 2747
477 2139
1192 1070
2463 82
498 116
2299 593
140 1487
1650 2780
265 2850
1108 1864
1318 2607
427 1962
2093 1303
2236 2589
869 1284
736 2672
2887 224
1724 1297
656 1397
1535 1505
1874 1772
2362 2936
1971 2908
910 332
1387 2443
2830 709
1865 961
2229 2073
567 1632
1156 1372
156 667
2141 1534
944 78
2891 2174
1358 923
1378 2343
2681 2588
2363 1976
2949 612
1968 1913
579 1380
1371 78
14 927
1401 1500
785 1774
1265 1482
739 21
1418 1070
1314 2203
1489 2301
64 2148
2924 2301
2466 2618
830 1468
1021 492
773 1399
1991 2590
2815 80
263 2848
1135 1002
94 1397
1308 1589
2899 332
728 964
1669 1987
2051 951
510 2615
2768 1464
760 789
2695 1128
2651 923
2813 2581
703 1157
2424 2771
2791 1614
787 792
714 964
1702 833
357 753
492 2360
754 2498
2569 1753
2518 50
815 1373
979 1166
2233 1660
270 884
1313 2119
2138 966
2 438
2856 2531
1943 847
1566 598
2645 1612
349 1758
2447 1833
2658 114
2394 282
1878 1114
111 1148
1431 1900
465 2844
2345 362
1334 2746
1020 465
412 792
2845 1312
2407 1380
134 195
1771 1934
919 1050
1956 145
1500 2383
625 1960
198 1741
2617 990
209 2581
1617 114
2959 448
2511 212
79 2301
1155 121
1338 1473
2879 85
2608 853
1541 2633
488 2693
750 387
491 2304
716 307
2369 1483
1157 1869
1089 424
852 21
1736 293
88 374
2849 2703
1257 868
506 1188
2963 1900
2349 2902
319 316
2801 2118
2481 1409
2004 2275
1519 1358
2027 37
951 2517
2104 1174
1950 1686
1922 116
2383 2454
1679 2736
2296 316
1357 674
283 2493
677 583
995 1036
2460 1612
887 1842
1737 1999
2103 1098
1798 2858
2433 33
2954 1135
2492 1900
2683 2390
2173 982
2696 2052
559 1851
204 747
1948 1896
1860 1853
1597 1414
1460 612
528 138
1233 1128
729 2286
765 2759
2983 1160
146 1553
2298 154
376 2460
961 2462
511 289
1048 1842
1786 1896
1414 944
1879 1317
370 1049
1362 2540
381 379
1230 2693
2916 997
2105 1903
261 2460
1078 2418
1447 1463
978 491
1495 2927
2053 2517
1553 785
1536 2585
759 1774
266 751
375 2385
2412 397
1309 1802
1246 1266
570 1660
1855 1180
1681 1896
1654 1797
431 2267
2143 2753
318 2972
174 1829
977 1433
387 740
1680 995
1924 1592
1085 397
2958 1945
515 1940
2902 15
224 113
1834 1721
1346 2303
2350 2925
2069 1920
50 2163
2207 1433
1061 2811
1733 1693
1043 563
1134 2549
2358 2006
1503 2242
2754 823
2038 893
596 155
1825 996
1624 990
1244 160
2541 460
535 2211
2638 374
1799 2157
2550 1651
2876 1196
1046 675
440 473
340 2214
282 224
909 2079
802 395
2212 2304
2115 708
2096 2462
1819 80
527 1634
732 1829
1836 1402
2773 2548
60 1208
2456 1384
1499 567
893 269
20 687
2655 875
1722 1191
2965 2903
1406 562
96 2010
814 308
2271 2979
2189 600
448 1992
1041 1764
841 1723
608 2424
741 1772
2612 766
1525 492
2100 1502
935 2473
2023 217
122 2774
2551 2008
801 2650
1272 1741
2123 2935
585 2765
2059 78
2633 2650
1517 1038
2083 1734
1784 792
1341 3
804 865
2033 1244
2956 1930
85 890
1347 767
2859 965
1848 74
2074 2316
2419 2718
110 805
2606 735
2652 2202
2127 536
185 2141
1603 713
1217 2224
1424 465
2835 2094
617 2873
2915 2464
2613 2383
2415 1728
2406 2247
2200 2360
2917 1500
2842 1984
671 268
421 1595
1399 1817
1188 1593
2579 183
1263 1563
737 567
92 2671
2877 1202
932 2229
1780 2943
2153 1974
1269 204
1281 1911
1457 2950
786 2859
1775 113
811 1575
2404 528
945 1612
106 2350
2158 736
1849 2798
637 996
1856 420
215 307
1593 68
1885 1555
1930 1727
2024 1306
2131 874
2605 1993
2361 1235
496 339
2700 1217
1842 2287
644 2080
1353 2200
454 2943
664 360
2883 134
1609 2140
410 1270
717 649
1902 2598
285 882
341 1162
1804 1703
903 1634
727 2174
426 1731
668 2550
1189 2444
2426 2651
1152 1384
1534 620
867 733
1080 2972
2026 1965
1107 450
114 890
1121 1753
651 155
225 72
1912 2395
433 2680
2210 2769
2539 2100
686 1259
1375 435
543 2906
2071 2469
2495 1441
1800 1993
1050 2578
1868 355
2408 358
698 2032
2276 1556
2372 1923
1892 2460
973 2878
392 2549
1384 1143
83 2553
1501 2160
1364 467
1891 1717
1986 129
2462 1141
1821 1070
864 1930
84 2694
2688 2506
1171 2193
614 2262
1910 2517
792 964
1993 1727
1120 2758
2373 45
489 1257
834 2073
2869 1860
1901 624
1088 962
616 1904
87 2383
1824 1105
2720 308
1461 1596
72 514
572 735
662 1704
152 1948
53 330
2489 839
631 307
1927 90
1036 2094
994 1235
2221 1213
1394 2624
1004 1423
1659 2145
1683 1062
1227 2081
153 2777
192 2576
2223 2055
2534 110
2923 1137
2777 2370
1548 184
2085 1583
1980 1914
1236 92
325 2107
2091 2689
73 1415
388 2389
38 108
216 2255
861 1842
1996 2671
1699 1385
2181 983
160 2184
2582 2329
1205 590
1778 60
2765 762
1839 2504
1999 1141
2343 2093
90 1013
1103 741
1636 1309
1400 316
184 2882
2234 1919
1228 2094
920 1983
307 1138
2685 1557
1442 1444
2512 212
1872 2197
2643 2672
316 1358
1562 2125
1075 2360
921 1657
2639 2867
2324 650
1030 658
883 2071
795 2546
49 212
272 1040
1686 2287
404 1063
2628 342
1640 1257
1161 1999
1349 2110
2364 658
1847 736
2820 795
2199 2565
2976 1928
1081 725
1610 2575
497 2860
1388 1792
1630 122
230 2433
2929 965
2374 2993
639 1731
2632 2969
2174 2651
1692 762
2122 2925
1385 114
231 2126
871 276
2944 37
287 1958
2727 536
541 1813
2108 79
329 234
1165 1750
1817 424
2667 832
145 2643
1546 2790
143 1172
434 2581
2480 1382
2625 598
584 53
367 310
438 492
393 1483
2537 1124
78 2650
2711 1127
2135 2301
2313 2939
2931 2928
1410 2581
1398 1275
829 2707
1505 2737
2352 1831
1918 1944
1483 868
1187 2668
1936 2360
1556 745
859 1286
2013 1148
1238 2172
1964 1002
1329 2899
563 2288
941 291
1172 1297
2950 462
2873 1813
1596 612
32 2526
2427 2807
595 2215
1310 991
1219 1883
1218 1541
800 2919
2702 841
2558 2860
1880 2390
181 2314
956 2497
2382 2615
1243 2891
925 1579
158 886
2032 2170
762 1774
1851 1962
2354 2450
1570 740
1970 56
2586 823
182 1171
2172 1356
441 1961
1528 1453
383 526
2076 1896
1059 2894
2121 2098
40 2961
1198 875
813 1371
1944 2809
112 1895
992 2507
975 2615
2974 2807
505 834
857 1727
712 329
1881 2400
171 1726
2911 1159
2535 381
1174 1356
1240 2087
568 805
482 2591
361 1658
1284 45
942 965
2841 1333
2274 1637
2616 1322
1132 779
1917 1842
103 449
2399 1826
1509 217
1379 2350
1340 2370
1259 2510
2488 2572
776 800
1409 2417
333 735
2178 997
24 2465
2757 457
2999 2706
1027 2805
1208 1525
1311 1993
752 2529
2679 616
104 673
1163 87
1916 1699
618 2859
1073 1897
1648 2633
1143 1070
2347 1162
191 2462
2526 2892
1224 1480
2479 1242
1935 292
2710 898
485 2749
1941 2073
2609 1329
1058 893
1335 2888
1412 2148
2979 2759
810 79
1389 2979
2487 2214
806 969
2860 173
2025 1553
602 2883
1805 499
2593 2694
971 2132
2921 2665
133 2317
2970 2907
2784 1191
2248 2106
521 234
2388 200
2195 1920
2054 1329
2431 2903
2395 816
837 1264
167 762
1096 2170
2295 1016
1186 526
258 1340
180 189
593 644
885 1261
2530 35
601 1733
2080 2157
725 687
1304 1823
607 1865
1045 1777
277 379
1816 1976
442 2071
425 341
768 1626
1391 1289
678 2642
246 276
1018 2468
1685 1682
2279 1737
274 2080
1615 868
791 2329
1974 85
2293 2704
2390 2643
35 923
1444 557
1139 1231
2622 57
2042 513
1032 890
1735 2553
235 1358
2000 1491
2353 492
1203 2069
501 1339
701 155
704 351
312 2154
2787 723
1952 758
1377 711
2509 1231
16 2694
2972 37
2909 1459
906 982
2898 979
2740 1023
1595 1753
1698 2375
439 14
429 2036
1144 2395
2161 2424
1773 1371
702 2581
1897 2964
2231 1501
2043 2940
2387 2703
1618 2523
175 237
1933 23
2700
2666
623
1457
710
2466
2108
1882
1491
1250
1730
883
1623
97
1126
2612
1496
2764
1369
59
1281
363
494
2385
947
2482
707
2199
213
1330
307
1659
2464
2410
2985
2293
2382
280
315
652
1603
2091
906
1246
2719
1677
1744
552
2740
1790
1293
1667
1462
138
2358
600
1608
2868
1588
3000
2527
237
1685
1449
617
529
794
442
1595
1100
1009
763
201
768
40
946
1094
67
1437
930
2095
223
1093
637
848
1092
1283
93
2064
1219
362
2243
2941
415
1610
2850
2326
1197
1244
2602
1432
469
759
620
2926
2526
2760
1351
501
1329
1215
1099
2580
2461
1288
2987
1275
2314
1956
2449
2931
606
2378
2476
1735
1850
1386
789
1423
731
1632
1459
110
1980
231
2054
1989
2595
2962
2377
1063
2946
1337
1023
199
1861
401
65
2901
1714
260
1158
2757
251
833
851
2433
2118
1067
2032
1404
2401
2489
1465
2139
551
1829
2309
1817
1354
272
71
967
2422
643
122
250
2729
830
573
2436
1943
70
2375
477
1919
1302
329
1750
388
1627
2879
383
2836
2347
220
1926
1815
1551
1599
506
690
817
2978
2011
528
2218
520
641
505
1631
257
2791
2531
2017
1867
1340
1472
2957
2221
2065
2186
2556
2389
1904
2710
1478
805
979
2517
1363
2101
1443
546
911
2540
283
1860
2642
651
1195
898
1296
1828
447
1746
349
2769
2796
1055
1673
2623
2000
2618
1124
1658
557
1964
1297
2639
1520
2561
371
2777
2334
863
2730
1417
2006
1427
1788
696
1713
1820
104
2756
1070
2570
39
1227
1490
264
578
1533
2990
2271
2817
668
2159
482
678
1844
2998
868
2748
114
2028
797
255
1069
2149
2396
1501
1606
2853
1159
305
2073
2262
1101
1166
2299
1473
1743
465
365
515
77
62
89
277
1058
2417
471
1446
42
426
2166
2453
559
1461
190
1948
912
43
1813
624
2237
1013
609
941
901
131
681
654
513
686
2351
2077
2989
632
945
149
2524
896
11
2780
2551
1336
1536
2607
2670
881
836
2427
2148
1525
1508
488
15
1534
2021
137
2082
2110
2733
2788
2194
547
1334
2233
1554
1463
1819
2758
2558
1510
169
187
903
26
156
781
416
1274
1950
1671
1021
184
2481
2310
409
2544
1930
1360
1365
1392
793
2212
1314
1960
842
1992
664
2825
790
207
518
115
2705
687
1852
1748
78
1804
8
770
144
1056
910
2386
2728
1403
2369
2333
132
1045
1913
2498
828
765
1503
2460
2354
1002
2713
1321
1270
1831
82
2261
2360
1871
20
1277
1121
717
2805
2959
972
2174
1183
472
2383
2155
2416
2252
778
2365
612
1939
2057
259
2268
83
1825
1475
1313
2281
644
543
2641
2915
1349
1768
2771
980
1044
813
688
2910
1001
74
2226
2654
976
359
253
1702
740
2954
1076
2726
727
964
1229
1010
719
1075
1987
1613
2115
44
378
319
1481
2873
535
1796
2117
834
1309
236
1830
413
2253
2147
1526
2986
1226
784
1755
1990
2827
2674
630
134
28
2499
1811
445
2282
949
1036
1683
1824
785
988
2964
328
1299
1020
1026
186
2727
478
2578
2376
2633
2575
1718
1422
1711
926
2213
880
2559
1742
999
353
1046
25
780
2239
159
2521
1695
1203
1108
2175
1493
2795
2882
2747
2781
2228
1134
891
155
841
2323
392
206
1842
879
448
2485
398
539
568
1326
837
301
2096
2315
2583
2704
2683
428
13
2605
193
2864
2225
2072
1505
737
2718
1479
1247
2601
1879
1385
2877
1295
1777
2695
1047
1624
2300
567
2920
424
517
981
1376
1580
1435
1346
2160
126
2079
2988
214
775
2938
306
2005
2444
1458
2184
402
1662
1799
1231
2530
2832
1752
239
2565
616
263
1234
1037
854
2763
1452
829
2198
1483
2173
2162
1294
188
2775
2673
1263
313
2876
2935
1130
342
2814
1331
998
55
1445
1970
917
1280
2454
361
1333
713
1509
1310
1240
180
1252
2224
1800
98
2644
2949
563
2793
1140
1409
1499
1772
2182
1639
1077
1421
2475
1172
2374
1862
2543
1646
479
700
133
1689
1999
2885
733
381
38
292
2956
1791
534
76
1757
809
2468
308
1953
2789
2672
1442
933
245
1754
1854
1418
30
2598
613
1805
278
1017
2596
183
1476
1587
1678
2678
674
1348
2809
822
1676
886
1798
792
1500
57
2736
2976
1123
2855
2783
2896
995
2515
2965
2785
1722
544
572
2532
684
350
1129
2406
453
1626
2743
1883
1994
421
958
317
558
1255
204
991
2552
1291
2440
174
628
677
1306
1638
1523
812
1264
2916
2414
2665
1136
1397
526
1179
2242
7
1043
1398
32
832
2100
1940
1814
542
268
798
2480
2548
332
2007
75
1763
1556
1347
858
849
1723
2241
565
1618
2773
2158
235
2706
685
2407
2392
1267
2790
364
2812
281
2390
1218
1506
2806
748
2828
224
2846
2542
2435
1308
2277
1859
756
1663
1303
595
2125
1896
2593
1042
2939
45
1133
1174
2603
198
181
160
636
873
495
2865
2508
2346
94
968
2798
1024
1504
989
1812
1057
1050
1664
773
2500
2294
2397
2890
2813
2587
2977
166
1764
666
1880
2534
79
311
1548
1519
625
2178
1954
866
2848
2448
764
2933
2940
1344
2193
823
540
323
2234
346
1596
1122
1482
1936
1515
2339
2797
1410
522
37
1399
50
1736
977
1031
2972
767
2202
650
2541
1991
1273
2585
1552
1839
267
2997
167
2490
286
840
665
2042
2624
870
2240
1436
2928
2070
440
1225
399
2620
2284
2111
99
1863
2887
189
309
1278
1157
2220
2238
1039
843
1657
553
454
1497
1932
2105
1692
275
1469
1530
2732
560
1088
2569
143
531
796
1668
1305
701
2084
1484
2625
1298
2664
1691
2274
1837
474
570
865
2227
265
290
2331
2288
2190
2044
1569
1061
726
1513
1028
1687
554
2127
58
944
2164
2759
164
538
1438
576
1012
1966
1164
2387
455
176
1983
562
2086
709
1034
2619
2702
2609
2439
2648
125
1078
1371
2535
1332
2046
970
1290
2361
2716
598
2708
1223
1084
2355
1642
2102
2636
2014
435
2900
2823
1782
714
2895
697
2635
165
2572
296
721
1033
1089
1390
1319
1988
1524
1653
1917
502
2659
1557
2819
611
760
638
1456
1985
150
2292
783
1539
807
2786
1522
1416
2680
937
1732
1644
408
330
1739
2610
2357
1301
1694
1372
351
1560
987
1574
1892
1487
2380
2663
1997
1601
965
288
1682
2138
2571
103
959
2537
2320
158
943
2677
2963
888
1666
2845
1562
2373
1286
205
244
1612
2880
463
1973
337
1082
1353
1401
1699
2533
1005
2341
322
739
2958
194
1146
1405
1049
1373
642
2857
2886
1946
1238
1906
1016
316
452
2286
191
860
2892
1451
806
2431
1761
2087
738
444
2043
2539
293
234
894
2123
1516
735
1384
2409
2165
2275
487
2838
52
2923
1795
635
2545
2902
2066
23
2446
2631
1104
2577
2447
1578
571
1211
2255
932
1729
2135
2905
1978
1769
2586
615
336
675
2689
396
2364
248
2834
1780
2384
2996
2236
1912
1593
2739
1032
2229
2955
913
2329
375
385
2452
2774
1038
466
593
1358
2803
2131
1512
2136
2442
500
121
1444
1887
1614
1845
1103
12
221
1629
1389
2023
2191
2860
35
2001
2658
2722
1269
1771
368
536
1899
2646
2703
818
699
229
2313
758
422
1900
1643
1318
1944
1204
1654
1428
1697
4
2502
2098
1716
1572
2214
209
915
2960
2491
1751
2501
2582
1679
633
715
1783
2557
177
1581
1065
1546
951
334
750
2425
2820
1731
1541
2473
2335
1901
2522
1471
656
1357
1466
974
524
2059
2536
1239
1232
1720
2516
1120
1707
1680
2657
1656
2152
660
605
2327
708
1027
961
1168
2348
2715
1066
1908
1470
1279
2256
1734
889
2918
1963
619
1847
393
845
2568
2283
856
2316
355
1619
2714
2349
405
86
417
533
314
2403
360
2215
1928
948
2982
31
1131
2655
1455
1726
1374
1315
2420
2205
1821
1494
1194
1228
884
1072
2590
2145
2829
1249
225
742
800
1312
1797
2450
2675
882
436
1110
1271
101
2304
994
2324
1156
704
148
2839
1073
2047
821
2
1957
345
2492
1217
905
2800
397
680
815
2613
2168
672
919
1592
1810
1665
2248
2555
1745
1778
2936
2195
1486
2799
2458
1652
107
986
706
2052
2808
299
2690
423
1650
1801
2617
433
2232
1630
1098
1961
2067
2506
2359
2608
2637
2062
498
2924
1518
464
1434
2120
54
693
1661
1060
87
2779
2549
1324
354
1905
1903
673
1709
240
2724
418
242
146
2538
1884
2528
270
2134
124
1119
2088
1544
771
486
1193
2688
2063
973
2967
1873
2306
2851
1419
391
2824
1014
2322
1165
2643
549
2230
1177
1029
2837
1876
2112
2917
222
2280
1962
1616
1241
1415
1135
1647
670
203
2020
34
2991
2511
1807
2584
1253
2267
1268
210
1792
2893
1160
2554
676
1765
1890
2296
219
2029
2231
113
2698
2075
1874
716
1030
1106
2094
2975
846
1675
1304
49
2457
1230
2137
2942
835
367
1621
1602
1721
2842
1979
2966
2177
139
2752
2600
1402
2404
514
1672
2080
1565
61
811
470
2009
584
1670
631
2405
904
1878
2393
1547
1995
2049
1019
1858
1538
1212
2831
2273
692
1749
820
1577
1959
218
2592
1096
2142
1406
492
1412
2792
2980
1210
2285
1362
711
377
2995
971
2144
1207
2251
85
1323
215
732
2947
1137
869
2525
370
2247
2150
2031
874
2761
639
2276
1591
339
154
2104
582
2767
2874
1199
511
2278
232
601
791
1339
2634
1341
252
934
2058
2143
1818
867
525
2519
741
116
1468
1413
2188
2898
2679
1342
2875
2437
1823
2209
1945
1186
2720
1645
287
1317
1150
2546
608
1971
2944
129
2257
839
162
338
1300
2371
2863
752
1738
321
2952
984
1260
2024
1008
1307
2470
996
1188
2260
269
939
182
1649
541
258
826
2269
372
1097
1728
1681
1886
694
2438
847
2911
2045
2818
1773
852
2426
2126
1018
394
982
2379
429
1976
2589
2645
241
10
1535
262
1674
475
1786
745
2421
2472
411
2581
779
2550
2649
2340
2325
603
412
208
925
2129
14
1127
1907
2652
2650
938
489
594
2297
69
196
1893
1938
2749
261
924
2776
92
80
380
1139
1007
56
68
2462
2973
1909
106
1393
282
661
2343
2097
645
2048
1426
1143
983
1173
459
1941
2782
626
437
2660
84
2132
384
2099
420
2943
2692
1155
1041
2451
1221
1898
1998
1208
2272
897
1835
545
2614
1937
2428
51
1083
1117
649
2345
47
519
2495
96
1848
100
2505
1285
2961
909
1079
2114
1361
2003
1205
747
2671
1152
718
2632
2303
1855
2562
2081
940
400
1345
1935
657
782
1965
786
2801
1175
862
1579
1826
297
1035
2016
2250
2036
2653
451
2463
1062
1967
1931
1433
2523
2305
2870
376
1201
787
1439
41
2130
2210
1396
2467
1586
2573
1147
2076
564
279
1927
2815
310
1080
2621
893
1343
2157
410
1235
1176
803
878
439
950
2090
577
804
1784
861
2937
120
485
2196
1849
2721
2455
172
1474
2207
2270
24
585
1851
81
705
2579
171
702
276
2872
1424
1542
2181
2518
1633
1350
1785
2723
2012
1224
212
128
1400
1086
2266
1489
1922
2321
1287
653
347
1162
957
2399
1894
2974
476
814
960
2185
2907
2418
777
2894
1563
1902
462
2391
963
766
2746
1766
1853
344
1840
1316
1549
238
2844
2909
1214
1517
2342
2459
490
872
2204
1289
17
2668
1375
2367
2712
2629
920
1628
801
1877
589
1916
516
507
1379
63
2669
2754
1169
2830
746
2691
2626
2697
2483
1704
990
2107
2328
2312
1958
458
2597
195
2948
1984
446
2318
2223
2816
1144
1625
1284
1891
2362
1767
1414
1383
548
1779
2513
1322
1897
1145
2477
1320
2291
1074
838
1977
2415
1454
1910
1866
2529
1648
2208
2768
900
1258
1170
723
1872
2615
1327
320
2843
914
1834
2810
978
192
1724
725
1161
1760
2662
2216
1282
1128
419
1802
810
2140
2547
333
1408
2927
1378
202
2630
389
2560
1690
2183
1543
923
2381
2742
140
751
1712
755
1259
1698
2717
2167
942
29
1558
2862
1981
1359
2258
2026
1553
2128
855
1759
2699
2878
1955
1071
170
2030
1545
1888
1440
1952
922
569
532
2187
1597
123
1583
1276
2217
1068
1355
2496
1209
2794
340
885
153
2647
2025
2441
2153
503
555
1808
1052
2738
142
456
430
1149
1087
1380
1864
2700
2287
1822
510
1453
2445
441
2564
2034
285
284
2344
774
499
324
1590
566
1540
743
1968
18
2640
2983
1686
2852
1292
1102
2884
728
348
357
1377
2753
2290
2074
1836
2921
2071
2696
1237
2484
449
256
173
2847
1846
1370
592
1521
168
2350
2510
1611
2366
1430
151
493
407
1747
1180
2744
2336
1448
1622
2553
2934
425
2676
1450
386
2849
1781
1502
2912
2259
1368
331
2622
596
33
1776
621
2109
2734
483
575
2999
1488
2611
2891
1708
2249
1532
227
2811
802
1832
1356
2807
491
1325
1112
16
2456
691
19
646
1770
2591
1054
2332
2922
2103
669
2859
27
2176
1
1206
2953
1915
580
2869
827
1706
2694
2737
1407
935
864
1921
1701
927
2493
2981
824
895
2061
703
2881
1167
2520
438
358
390
850
1148
2443
1003
754
130
1555
1251
1531
431
1242
2423
2298
2970
2180
1559
816
432
2599
2906
640
788
2019
993
1261
289
2083
2085
2686
2265
683
2235
730
147
2113
1198
2889
2826
2993
2685
1617
825
304
902
1196
671
2434
1794
1189
395
2588
1141
1391
2682
1934
2041
2707
2146
1789
550
662
1881
2402
1233
226
2078
2122
326
1338
112
1705
1635
2008
1756
586
952
2154
762
2408
574
2244
1142
1492
2279
2474
72
954
2022
720
2246
2867
695
178
2514
1733
2068
1091
2687
663
1843
1190
1582
1132
1202
2840
2040
2124
2932
497
2203
2765
2089
1109
682
460
2156
2429
2984
1933
689
2400
1641
2121
2119
2398
457
2858
2772
1803
772
1703
698
1584
1254
1875
343
622
1615
2051
109
73
587
857
2784
1600
610
1464
1982
216
1975
271
1607
599
604
2888
2822
2356
136
831
1949
962
2172
2141
298
1571
1514
102
1537
1947
111
2594
907
254
588
217
2394
1420
2861
753
1118
1914
916
876
2787
90
1394
2627
2039
1111
1040
1575
1620
590
118
1856
1447
887
769
1467
22
1367
1222
1885
2206
1311
374
2289
1411
679
273
414
294
2027
2478
434
2681
1105
2151
105
1064
2735
2930
64
2512
1993
1925
1387
2295
2368
1969
757
1366
1868
1114
2411
1715
1529
918
1431
2835
2604
1004
2667
2171
1181
1495
2004
2925
1081
1257
931
1245
1477
2574
1775
1243
228
1762
127
2245
2856
2479
2751
2745
734
356
1816
997
1460
341
1564
844
175
60
2755
2778
1576
1053
2319
591
1200
2337
152
1857
1741
2192
2370
36
1594
3
2060
1527
1972
659
1498
302
366
1364
953
579
1740
1272
1561
1924
1220
443
527
274
1216
512
1889
2116
303
877
1737
1996
197
2725
1570
5
2093
335
1787
1774
583
530
2307
2488
1382
1609
2628
1154
2494
300
2661
2015
1511
1022
119
1184
2301
602
712
1598
2264
2503
1838
312
1918
2883
2504
2914
