1000
680 951
711 221
291 23
708 942
358 964
24 351
516 916
40 428
595 986
488 171
867 30
96 680
181 96
317 7
65 406
233 325
683 444
209 482
672 211
195 664
604 388
84 502
538 712
946 673
430 435
505 883
752 302
369 439
380 472
431 259
602 502
357 964
178 475
977 174
1000 623
780 951
186 119
842 216
292 745
384 758
115 266
816 317
442 931
41 482
97 4
367 406
606 633
140 951
567 712
328 793
736 622
861 745
365 126
791 395
582 256
339 766
990 217
134 574
740 381
47 578
583 762
417 967
811 256
212 654
725 951
446 217
182 986
211 21
172 19
665 171
622 939
935 218
437 449
483 124
252 664
996 294
824 954
592 825
219 939
288 633
39 309
898 280
598 288
669 458
558 237
409 932
421 525
702 960
839 11
206 855
704 369
245 780
807 649
290 993
927 356
945 502
297 833
227 521
655 259
273 710
923 719
411 881
450 401
589 870
222 280
265 787
570 318
323 187
356 298
491 590
801 976
284 515
893 905
587 712
462 922
213 559
506 428
932 679
163 254
29 127
200 725
559 563
215 220
298 161
165 991
731 441
76 55
314 1000
468 406
802 59
62 904
83 715
351 109
30 10
978 759
21 333
246 518
205 189
324 573
832 379
694 657
985 405
174 631
907 274
334 934
612 712
105 373
822 570
434 236
472 406
615 800
817 8
659 167
247 437
724 710
633 237
886 277
458 680
531 745
626 863
815 935
46 410
477 55
753 970
862 881
100 302
385 922
530 206
258 449
404 870
620 774
85 388
885 849
393 63
906 51
355 8
928 991
327 354
34 381
461 904
187 450
271 759
150 974
230 767
14 259
652 250
422 397
671 967
638 654
912 725
882 726
758 284
503 868
918 857
286 268
452 580
188 2
171 343
568 31
734 687
764 161
25 605
363 863
310 254
641 870
847 556
743 125
631 123
352 673
410 381
983 496
44 487
646 124
960 855
443 287
408 785
101 482
936 954
301 957
529 24
260 106
4 343
940 161
63 759
623 406
872 463
851 884
166 927
749 932
783 48
440 780
256 96
710 294
629 521
895 623
527 572
957 318
80 957
111 856
857 605
424 459
519 839
455 765
37 480
280 870
625 710
27 73
132 430
162 118
238 518
204 500
38 388
812 11
406 458
913 964
921 870
354 593
726 485
966 88
947 891
993 131
555 578
229 194
759 827
681 780
289 47
217 305
474 760
294 680
370 308
968 967
866 649
183 459
78 766
961 595
18 964
67 762
601 413
207 849
218 648
798 8
837 861
113 459
663 587
407 863
774 468
776 658
755 351
346 513
922 679
287 780
596 106
687 85
645 466
168 125
3 779
478 333
344 946
754 792
981 189
662 268
889 189
799 139
373 914
818 531
739 274
414 587
757 294
231 587
762 161
508 712
987 298
933 466
964 459
617 692
262 759
23 597
636 933
159 861
502 454
723 186
543 485
184 991
770 799
614 394
899 931
972 766
501 384
459 377
926 496
635 496
575 182
658 555
293 379
160 88
126 495
841 439
496 513
676 739
255 933
579 593
998 986
908 574
133 687
463 785
383 288
684 565
471 395
381 480
275 274
375 88
955 351
577 710
153 954
469 71
5 59
585 849
199 424
26 2
775 774
95 633
937 866
967 245
110 914
820 957
157 548
597 425
64 835
330 520
17 771
13 425
321 531
72 441
340 291
139 333
670 827
607 254
581 4
242 379
522 993
7 692
744 31
49 428
151 74
121 318
201 8
569 939
342 479
685 570
959 106
735 468
853 933
750 793
849 855
747 151
347 631
9 5
956 574
50 62
545 713
394 318
145 936
914 942
675 217
890 785
120 305
943 96
715 566
418 66
378 41
498 757
276 171
674 849
969 256
588 300
123 494
52 254
419 109
116 439
605 939
343 951
795 311
997 954
392 58
124 719
878 974
225 343
445 397
313 455
454 131
717 318
514 381
594 563
664 855
901 59
827 780
428 343
108 351
786 85
600 710
138 425
436 426
673 760
235 161
891 836
821 240
630 724
643 48
879 10
161 780
829 858
549 563
221 305
266 451
248 951
91 323
528 406
87 991
494 394
939 712
75 914
701 394
193 552
720 370
486 892
719 468
254 951
883 559
232 574
82 849
137 235
239 303
131 584
94 126
668 445
191 226
958 970
539 31
99 316
299 779
243 806
173 439
974 406
31 649
691 555
319 760
693 951
451 96
423 394
599 388
196 425
995 310
177 126
35 862
507 523
944 416
797 487
136 722
57 470
924 510
465 189
304 245
517 719
360 10
971 425
621 857
873 770
282 261
784 388
836 792
264 487
999 482
768 935
220 352
814 718
547 789
214 55
542 254
387 96
767 759
782 127
992 863
129 762
660 998
457 141
804 406
122 453
185 806
12 707
864 710
875 973
521 559
915 68
61 464
880 636
826 5
688 5
278 394
584 254
435 66
963 161
60 139
377 85
98 931
984 318
142 203
962 200
639 741
208 425
546 74
819 291
931 96
92 565
307 388
533 416
741 866
103 276
777 487
250 573
127 284
751 974
438 605
279 994
707 932
413 942
855 294
586 951
180 31
45 236
345 950
805 863
268 792
295 836
305 991
888 670
484 187
838 207
77 622
733 998
42 466
426 259
272 584
835 237
420 726
20 373
619 149
975 572
114 789
729 425
223 676
90 121
433 976
489 515
497 686
738 584
449 149
164 665
648 950
51 310
666 623
934 726
537 793
544 121
844 127
487 943
318 680
765 458
333 482
102 868
306 680
257 605
938 891
877 406
846 758
241 510
941 723
653 719
93 834
197 765
144 515
979 573
269 453
353 110
603 511
909 305
953 241
859 525
439 298
830 455
748 792
495 932
900 650
573 931
608 377
524 799
874 678
106 88
89 303
856 203
10 841
667 89
179 273
432 827
350 184
574 425
970 176
176 149
526 408
325 745
858 648
677 757
58 226
590 623
190 435
361 187
772 141
329 725
632 352
808 74
379 424
965 47
994 724
203 326
86 954
400 855
71 548
578 669
117 669
444 35
678 83
721 883
810 862
15 351
270 256
374 501
74 59
481 905
884 395
917 318
868 4
854 789
695 345
637 687
391 274
616 216
128 405
148 435
787 766
59 254
210 956
572 774
447 759
557 719
285 604
149 305
32 951
366 351
897 514
779 23
189 712
713 352
336 904
479 466
283 890
240 915
402 546
624 916
202 759
904 573
746 719
852 511
980 862
718 110
395 855
778 192
372 762
88 866
338 406
170 912
141 901
308 943
712 954
828 237
552 302
925 904
399 513
679 377
112 654
563 825
649 991
441 343
464 942
806 525
311 96
259 669
362 531
228 343
405 563
475 157
281 991
198 182
167 88
929 464
561 343
296 61
551 836
326 665
66 964
107 388
146 736
656 31
19 106
224 523
154 268
692 587
155 23
448 125
320 470
661 623
564 457
860 60
794 673
364 558
634 482
476 619
337 681
566 112
511 425
709 428
831 734
722 59
36 692
300 468
698 669
705 478
610 513
714 956
456 302
803 933
689 525
16 710
706 725
309 584
554 529
143 573
510 566
871 531
700 126
976 574
845 757
682 946
412 451
954 425
1 305
556 757
949 584
896 574
869 386
194 83
429 465
919 986
571 563
647 277
73 454
54 74
8 294
609 6
613 441
397 700
550 13
473 563
576 119
33 573
876 282
482 597
504 904
53 500
322 405
763 933
728 425
562 305
467 337
730 337
834 494
11 131
690 59
109 121
903 564
644 855
158 453
332 771
43 330
525 558
335 105
843 705
490 622
348 515
398 435
823 912
789 294
732 291
988 55
263 758
513 670
809 639
104 363
840 235
727 680
499 355
813 510
236 932
540 149
790 294
520 254
548 343
825 377
986 388
216 340
147 731
642 472
470 197
316 178
512 484
130 289
55 8
492 305
942 870
699 463
541 305
991 951
28 680
580 305
716 2
833 100
68 369
253 710
535 771
500 55
249 757
536 758
125 236
152 439
56 288
916 435
6 942
389 935
315 558
892 548
156 789
382 841
796 574
453 266
261 779
766 439
654 725
793 734
396 273
771 960
952 461
523 991
303 440
920 439
894 168
135 759
761 777
686 217
628 472
651 146
169 335
948 849
910 284
902 291
331 119
553 141
565 914
81 588
416 587
650 692
532 780
401 318
591 855
973 107
119 932
2 563
697 496
302 55
349 388
611 171
460 692
267 658
800 349
425 951
781 284
244 589
70 772
881 259
79 480
341 106
905 472
415 566
911 550
371 106
251 388
657 397
192 350
850 395
368 633
376 352
534 578
560 351
788 502
863 680
509 119
388 425
773 424
769 343
312 118
703 899
618 513
480 406
234 900
865 687
742 149
493 713
274 521
277 929
627 2
515 349
737 901
640 245
848 902
518 406
237 406
982 322
930 515
870 439
756 141
485 274
593 655
427 956
403 161
760 974
887 681
785 8
175 951
989 157
466 669
69 429
48 254
386 655
792 59
745 458
22 643
950 976
390 724
226 963
118 825
359 978
696 904
950
200
24
985
615
949
49
241
302
818
677
821
100
396
723
252
732
782
230
232
808
900
276
199
91
428
168
12
47
219
468
218
740
549
930
580
212
642
899
347
869
754
675
544
612
811
579
155
250
344
134
238
350
927
928
891
553
585
220
737
865
903
624
149
64
803
656
664
82
228
319
181
623
292
248
652
602
861
41
593
802
166
349
416
160
659
692
694
435
130
32
658
499
986
264
649
291
97
282
102
604
258
4
922
828
897
939
671
560
804
333
226
596
502
719
672
286
221
561
680
334
575
632
18
506
746
382
890
669
907
976
747
533
965
959
918
827
59
610
733
779
926
683
940
131
999
138
631
445
321
667
48
11
997
745
988
637
197
921
188
492
563
791
329
9
466
786
50
824
415
599
283
303
450
871
784
989
883
699
481
184
94
443
778
895
668
447
58
487
234
172
14
278
242
547
388
956
341
159
971
809
756
235
182
509
110
192
790
307
710
847
588
789
426
494
262
316
370
266
69
703
425
90
954
595
608
908
236
77
367
119
482
175
471
655
288
107
800
332
622
449
851
884
442
507
179
322
697
571
190
132
568
894
143
591
911
917
359
202
820
164
45
872
636
431
838
315
29
645
613
923
327
36
915
104
657
306
87
273
311
556
738
606
577
75
296
629
850
151
144
290
404
458
966
229
896
186
125
881
735
178
995
781
274
565
348
137
452
403
401
829
534
905
855
35
981
945
938
844
335
975
474
651
783
419
504
554
451
438
508
876
150
969
402
763
124
193
364
263
196
996
776
460
589
532
942
852
265
943
255
472
30
92
251
486
552
605
405
410
223
357
444
285
620
853
503
270
572
780
889
713
309
384
933
88
462
798
993
744
772
962
284
662
977
888
393
465
826
913
964
204
317
491
611
562
46
647
55
244
843
483
641
275
439
267
833
467
386
123
704
352
455
573
805
934
714
990
676
543
594
207
819
105
325
369
856
569
684
753
640
974
152
880
700
38
109
158
980
542
757
597
793
185
639
233
169
522
929
53
101
277
203
960
931
841
128
558
298
815
391
456
762
510
665
375
115
387
239
409
281
998
957
874
57
725
825
634
240
484
106
153
566
86
879
601
609
247
20
742
461
586
777
576
893
167
693
453
440
904
864
600
294
37
417
346
2
801
171
28
437
748
157
165
932
420
513
520
412
118
944
421
982
463
924
469
310
194
906
948
674
775
806
54
536
523
26
958
85
673
72
709
816
51
952
76
10
758
885
729
685
413
117
191
256
682
559
113
598
355
527
678
936
133
590
338
79
217
511
356
708
289
365
619
366
614
414
526
963
728
799
823
548
529
13
961
83
224
836
774
27
505
546
8
711
764
399
237
644
643
545
1
84
377
254
550
706
663
765
313
141
295
60
216
71
717
383
170
418
496
81
163
209
243
56
142
567
271
380
525
497
832
720
245
914
941
813
726
741
70
489
830
323
42
751
1000
457
378
863
910
161
666
840
670
912
103
21
557
514
768
340
564
992
96
74
427
760
587
822
766
625
750
785
842
189
398
857
65
512
734
555
129
909
231
837
681
860
485
308
136
479
148
538
582
521
222
846
919
300
626
951
848
862
722
654
477
730
99
326
183
607
459
539
973
749
201
215
98
362
156
43
535
528
146
360
530
696
145
946
584
304
498
795
337
260
902
638
925
173
15
17
343
867
108
379
635
400
898
432
807
882
406
490
761
318
140
210
261
955
464
618
743
16
314
73
78
519
628
324
354
112
331
650
111
385
702
3
953
878
376
473
19
705
480
299
752
66
345
834
280
397
187
501
581
788
937
127
7
633
147
475
984
792
583
979
873
121
312
787
516
689
687
812
154
180
721
373
114
390
31
578
225
446
835
688
621
339
686
126
214
429
540
769
5
767
423
814
67
849
500
845
495
305
537
408
661
630
794
592
866
920
755
358
436
22
389
690
488
994
773
448
177
372
617
259
968
6
433
858
374
868
368
330
712
478
518
648
515
208
715
394
139
353
970
268
52
44
887
991
424
935
947
724
454
211
627
279
93
653
967
174
301
206
839
422
253
972
392
551
718
195
875
854
205
33
739
679
122
716
351
517
701
120
877
272
23
381
342
213
89
257
736
731
25
901
771
950
727
796
646
336
411
371
524
246
759
116
987
886
810
892
691
