1000
475 686
173 591
302 963
879 496
408 418
332 551
540 649
743 754
435 506
805 107
252 611
853 590
242 138
208 574
407 179
294 250
903 170
833 360
405 92
223 660
280 569
205 533
522 474
107 45
655 871
39 639
501 805
127 376
772 337
878 547
80 591
783 923
413 774
514 305
828 642
539 635
993 631
330 407
942 277
976 524
203 942
999 585
364 939
546 80
734 575
706 996
20 640
100 237
115 520
124 465
58 771
899 958
779 520
763 538
202 822
485 450
795 228
533 792
15 88
442 277
221 963
118 73
680 127
369 890
912 493
576 979
310 456
161 998
524 178
868 97
123 570
105 360
562 485
363 305
648 817
296 196
94 983
103 956
720 119
461 84
965 432
238 62
400 427
814 428
18 817
974 649
527 953
717 655
739 671
227 502
44 724
319 361
824 151
844 996
235 710
77 995
613 415
525 800
129 636
497 476
246 35
387 602
276 703
89 483
938 178
774 467
314 635
59 915
808 69
762 701
771 120
873 518
835 565
941 495
684 926
177 86
241 23
549 626
198 914
786 268
192 226
104 178
561 870
529 807
450 817
512 709
822 967
429 590
726 530
820 715
850 960
329 471
949 328
391 605
806 204
199 473
436 196
43 926
704 608
72 412
971 826
864 977
106 855
711 361
568 986
337 386
299 773
550 640
535 558
204 189
138 343
654 45
669 803
163 364
570 885
90 880
996 417
137 680
924 770
8 919
923 29
344 206
885 623
890 691
164 491
700 963
57 211
317 683
579 606
841 45
781 22
791 62
736 23
651 605
560 694
31 547
667 823
113 195
617 642
87 429
821 76
836 789
142 170
366 210
36 859
616 570
286 771
735 582
801 829
86 737
509 204
825 769
61 340
819 158
495 515
919 580
215 605
593 907
370 100
128 648
73 360
342 963
925 930
373 124
502 984
768 871
948 551
686 963
978 790
171 245
995 907
298 151
752 931
144 45
11 954
260 697
70 488
789 885
880 524
456 649
896 31
234 260
697 450
493 485
548 591
585 273
641 523
940 374
484 677
639 643
399 930
318 329
668 965
375 556
518 794
424 654
849 582
149 619
757 619
385 547
333 159
386 843
23 800
538 493
327 760
710 176
65 682
907 343
222 912
315 935
702 947
178 302
984 335
418 606
289 215
696 467
666 22
401 232
4 172
865 339
934 670
181 669
705 952
454 221
250 760
232 273
331 626
483 107
883 174
980 582
82 676
355 416
34 992
958 104
678 382
703 843
440 797
956 28
531 938
523 526
486 741
785 525
855 703
728 976
558 254
870 107
157 843
293 909
877 890
615 675
41 866
460 199
416 428
764 547
730 592
909 277
858 881
490 512
604 832
264 372
719 38
358 919
513 691
547 691
32 591
179 897
630 520
961 606
551 343
767 297
837 226
935 548
745 958
840 101
396 302
915 376
939 45
970 90
994 537
725 51
464 650
751 481
312 406
356 956
253 806
863 939
291 372
84 730
218 342
954 650
357 157
143 120
977 151
732 35
63 111
140 843
213 764
243 82
881 520
765 485
383 444
446 203
488 204
590 891
618 29
530 487
46 493
476 975
141 686
76 732
79 892
587 367
681 929
368 973
572 482
316 695
259 558
185 212
741 565
470 547
388 220
494 626
338 57
96 129
3 792
555 472
760 606
621 398
967 793
672 843
150 315
715 885
297 737
983 317
922 268
859 991
448 812
13 427
176 606
2 213
404 605
876 744
754 573
480 929
625 898
255 307
714 938
496 342
257 846
347 495
947 833
685 166
27 905
624 725
133 190
130 591
823 12
458 450
219 482
746 104
792 573
636 764
409 986
193 315
802 394
9 351
6 606
508 914
516 808
75 211
787 526
146 260
49 408
713 813
629 73
963 45
931 343
723 399
573 817
695 803
98 849
426 454
969 182
875 843
155 293
674 145
433 973
592 930
466 207
60 407
269 714
928 277
683 244
847 303
112 86
580 646
816 578
775 250
598 250
766 443
826 582
353 263
152 322
622 120
278 754
900 464
66 45
673 20
438 987
136 265
305 178
589 881
584 573
412 691
800 107
93 829
207 89
955 670
270 957
600 537
1 965
445 671
120 890
818 858
326 224
643 471
776 634
556 626
273 45
510 602
292 382
482 881
845 574
282 696
122 988
951 127
328 29
64 690
521 632
882 643
528 199
574 86
504 65
422 825
410 257
640 107
642 40
718 555
244 602
451 748
914 700
594 138
67 335
913 198
962 637
462 710
26 39
656 626
755 195
997 92
790 470
627 944
744 402
566 847
564 432
966 370
109 975
623 80
679 599
10 308
945 139
340 954
838 50
727 912
301 23
256 650
989 932
817 107
583 723
979 532
544 666
306 101
50 911
932 670
469 54
575 348
68 184
134 500
722 872
40 803
798 223
189 805
724 314
295 673
463 933
186 28
588 328
799 224
716 995
274 769
610 170
517 542
230 557
367 755
135 905
159 559
170 130
183 551
272 548
606 800
158 531
78 363
194 474
712 866
607 204
361 623
893 576
534 124
62 214
943 547
614 265
439 747
214 635
701 304
895 700
761 774
354 71
897 800
308 428
608 634
284 540
952 97
603 963
81 782
29 938
402 903
532 71
360 302
481 494
154 481
275 314
916 454
565 361
830 343
803 343
92 520
809 489
362 107
393 848
602 930
902 875
498 228
782 740
116 921
56 693
102 860
477 971
53 654
649 23
861 100
22 626
42 250
267 23
982 605
324 171
139 885
921 218
829 292
740 793
729 797
930 32
586 170
119 397
285 866
165 771
452 901
168 944
866 867
545 935
465 45
28 800
661 82
350 141
478 263
659 825
148 32
637 800
689 541
851 782
663 877
99 625
862 392
254 606
653 926
632 173
346 849
957 589
968 541
365 794
247 670
180 513
421 848
210 628
472 626
981 443
225 142
733 848
156 151
552 918
901 704
376 520
432 236
16 425
191 785
226 467
770 277
52 889
707 530
398 606
304 367
796 488
268 760
911 733
447 770
395 199
856 382
55 208
756 472
748 407
471 654
323 768
38 754
415 196
425 35
1000 824
888 923
780 294
236 178
322 221
905 621
645 428
24 606
311 932
677 638
515 623
378 292
491 45
628 903
929 520
449 91
537 549
467 800
721 578
631 914
420 918
492 354
151 793
240 817
694 268
891 399
5 611
937 196
97 483
95 606
313 686
815 31
553 823
904 307
403 351
811 385
430 709
634 903
184 667
233 119
910 232
351 794
336 667
489 890
595 482
660 939
664 619
349 379
577 375
889 23
14 340
474 895
973 313
601 602
884 835
153 925
737 640
609 318
262 343
392 643
872 483
499 13
769 634
658 903
384 195
972 508
220 312
17 643
926 250
633 156
990 124
190 573
698 560
506 694
511 832
857 150
443 931
101 694
459 296
953 45
201 933
605 362
25 683
160 412
325 645
371 977
842 666
753 133
892 496
832 485
813 903
411 565
569 432
251 776
111 891
657 984
85 107
35 589
7 41
339 664
468 709
352 402
231 697
406 800
145 129
216 625
839 855
758 374
503 779
988 672
986 654
646 731
871 277
812 536
699 733
650 963
647 863
287 704
554 266
217 140
807 797
372 601
479 264
69 803
908 809
453 757
848 173
898 513
147 752
591 817
288 963
987 214
169 496
571 628
687 589
526 86
51 342
394 808
652 268
505 641
473 45
457 24
563 303
886 943
239 937
117 335
960 961
382 700
541 630
676 843
869 582
389 448
834 259
309 368
245 648
793 654
543 606
784 170
126 659
237 903
359 294
662 672
582 173
596 150
196 170
738 913
950 115
423 951
688 800
283 983
731 963
265 938
300 113
626 986
88 521
431 247
742 1000
195 450
747 257
290 731
778 315
271 534
692 941
917 905
263 962
320 121
377 961
860 721
867 278
597 81
906 32
985 496
200 918
83 443
277 903
30 576
414 965
557 765
37 438
110 490
229 948
211 694
894 640
749 971
345 66
428 302
946 817
374 628
19 675
166 803
21 203
611 610
380 50
750 945
846 450
927 963
773 960
348 931
91 250
788 31
874 512
559 305
670 485
612 119
321 107
991 520
132 922
131 681
12 963
188 467
843 939
810 504
964 415
567 158
933 403
162 205
936 395
797 638
197 638
691 817
644 173
619 151
266 381
975 841
248 506
427 125
224 794
175 346
343 107
397 268
249 327
54 709
920 375
682 543
419 564
520 130
307 170
827 882
693 663
261 157
212 367
381 848
114 795
635 963
172 167
437 897
108 180
665 532
944 881
507 483
121 931
487 267
581 493
281 800
675 402
390 223
599 794
638 520
209 243
167 636
379 86
854 634
341 85
303 277
671 47
536 636
777 626
992 610
887 470
48 523
33 739
852 835
519 903
71 606
182 776
125 265
455 97
804 708
441 358
279 737
187 602
335 914
417 455
47 156
578 130
444 483
258 107
542 487
434 738
174 939
228 24
708 579
206 321
690 863
709 929
74 567
759 830
998 293
831 332
918 961
620 634
959 946
334 671
500 740
794 817
1000
191
492
961
675
662
576
391
286
494
734
917
814
520
212
513
853
888
632
642
468
657
11
253
915
454
932
405
591
473
469
759
976
983
300
302
627
37
926
121
936
131
602
394
69
325
491
378
898
818
1000
275
604
34
151
319
396
535
655
413
92
789
107
685
355
290
401
518
165
944
876
601
950
849
754
129
221
743
219
283
366
897
542
841
277
529
147
848
665
379
682
938
768
616
842
548
244
816
906
667
735
65
971
334
904
582
882
679
546
408
296
808
247
799
435
414
73
66
827
993
431
48
20
111
60
843
70
707
160
815
392
762
664
543
99
541
271
821
813
780
605
585
24
614
46
860
35
166
72
910
326
966
929
136
970
940
508
145
690
979
54
28
514
956
722
978
342
82
87
134
525
597
913
626
58
999
115
332
684
260
569
451
43
324
273
74
764
112
399
786
268
737
788
317
502
925
374
728
185
757
708
995
712
328
6
600
892
499
459
180
644
574
902
287
31
426
226
189
753
308
182
504
668
266
566
606
947
83
654
920
784
914
141
177
800
677
903
359
211
826
158
489
175
108
721
49
152
386
670
256
797
505
213
183
51
178
631
495
132
829
395
550
554
989
446
77
801
203
686
440
53
384
584
899
292
118
766
646
873
67
744
288
545
562
343
687
874
333
309
38
154
825
693
363
572
279
619
36
704
700
496
156
254
650
718
819
353
760
652
714
98
448
812
946
587
358
193
571
877
538
229
907
965
695
649
163
666
294
864
544
871
105
210
823
393
120
169
526
820
457
747
474
805
941
361
933
563
596
755
59
701
672
674
647
295
807
89
146
458
16
476
25
482
289
838
148
869
717
750
699
79
955
235
975
110
493
959
434
364
636
162
739
792
531
336
383
40
52
281
516
560
200
840
878
653
298
76
167
676
329
774
865
720
590
866
639
184
228
223
373
988
456
174
624
305
122
231
197
939
316
400
480
263
507
104
534
32
623
618
629
64
246
125
270
243
844
269
625
137
81
577
23
501
765
466
205
782
209
937
887
377
236
540
645
891
908
370
471
291
403
86
173
55
905
362
998
198
727
769
100
348
264
692
952
425
29
761
783
994
195
217
447
214
293
622
406
772
142
416
415
713
635
656
202
640
90
33
828
524
847
341
733
4
539
418
705
143
683
45
232
5
116
255
159
404
398
444
477
573
570
935
519
62
974
436
617
381
836
767
503
484
310
509
19
375
297
3
113
824
278
14
549
719
557
732
706
628
346
68
488
919
234
472
439
528
561
547
387
851
22
698
856
911
181
758
352
835
206
589
258
716
831
909
306
2
861
593
749
497
350
510
729
445
164
870
419
500
450
262
498
822
895
833
124
736
881
607
863
515
304
791
715
224
830
109
222
523
710
703
533
351
752
103
551
969
367
261
598
586
615
455
671
611
960
900
356
483
420
265
803
149
630
389
740
218
479
948
806
530
417
442
697
168
811
537
918
376
199
613
17
443
845
691
775
267
465
114
796
430
964
323
172
242
556
369
972
192
770
981
427
896
949
227
943
832
702
536
777
245
945
88
380
335
517
220
26
663
922
588
251
41
315
852
741
951
97
237
50
609
986
171
135
778
257
75
428
318
239
117
15
834
621
487
883
240
982
694
879
731
248
592
862
730
39
924
985
745
272
409
726
559
84
867
963
638
648
422
216
773
423
987
274
80
365
280
953
360
511
688
421
71
475
241
344
793
954
461
980
249
553
798
658
337
27
196
144
575
21
327
521
990
893
506
565
432
875
846
127
452
331
787
779
583
307
464
372
133
858
18
912
580
371
723
669
709
102
187
78
95
357
101
794
968
620
12
85
478
130
809
886
928
578
467
463
581
340
885
345
984
850
673
157
42
738
314
126
94
161
890
637
957
711
368
397
612
532
594
763
433
47
567
411
349
599
150
179
282
857
724
301
608
790
285
176
696
643
689
884
651
776
460
138
250
486
188
410
661
437
321
330
13
186
123
889
388
660
207
641
139
402
128
153
438
322
91
930
751
485
106
810
233
311
424
564
30
313
204
552
481
225
7
10
795
967
215
299
595
839
412
927
555
194
320
880
429
837
725
385
603
470
962
804
901
170
347
916
991
208
230
9
748
201
934
1
382
859
119
894
579
93
252
522
453
785
354
742
681
680
407
997
155
339
527
634
490
771
140
96
781
633
610
977
746
61
678
996
312
449
855
973
958
854
659
921
942
190
802
44
56
303
57
441
923
8
338
512
817
63
238
568
558
284
259
462
756
931
390
872
992
868
276
