149 236 863
13763 6726 7287 3728 3877 10493 2807 10323 15330 18169 6178 14377 9257 586 1716 1053 10751 7735 9467 495 11742 11801 3257 11955 19248 19358 15846 19567 6360 5863 3340 8640 2153 8970 13289 9301 18061 9776 10416 9107 17887 5176 16424 12719 17745 13426 12811 14519 9511 1829 7721 11722 9722 11147 16611 5243 19927 9935 4112 13874 14013 4085 2459 13451 11523 2643 802 9492 13775 16784 5081 6707 11711 16012 12869 13535 7268 17016 13730 5602 8899 9209 14974 11645 3890 11401 6523 11300 5057 15894 5393 1342 11630 1506 1417 11014 6895 9025 9379 7565 5901 15646 10065 19221 13763 19990 2714 1079 19523 9723 4568 18750 18705 2610 13210 14730 18694 1045 15939 18703 12718 9011 8265 1907 11562 1451 16471 17651 12079 5076 10635 17214 12166 13272 6872 15768 5290 6325 15461 12825 18285 17435 11341 1132 1619 17712 14910 5649 10644
10863 8762 7291 13055 11204 13912 13874 13042 17810 2371 15857 7971 15789 8474 1321 15034 11808 18607 13501 18548 13833 16744 7620 10562 5208 9057 16203 15976 2836 4968 2288 2686 10773 320 18888 11410 6315 10431 8313 10949 15798 18319 12097 15337 19659 15216 14925 11945 6326 11061 2307 6625 3026 12131 10393 7074 6611 9621 13019 5680 10396 8890 16201 13251 9737 17781 13430 14665 13735 4508 19914 8770 13783 9563 18081 2371 19503 18798 19594 8084 8152 2890 713 1170 18321 12244 9142 8622 4650 11304 8508 11563 14410 9236 13914 19108 15082 8666 8549 18372 2552 786 18212 12044 7509 13829 5235 5392 12823 12627 15489 6138 17224 7022 2674 11878 10181 14461 7293 6212 6719 8634 16334 16602 5630 788 11622 19071 9369 16750 16150 7745 1471 8478 11880 14496 19409 11247 17942 8209 18661 19455 18257 7099 3877 5378 4219 9981 17806 2973 1965 4518 594 10443 16914 2620 3990 6780 16714 14454 16404 6289 3432 4738 12058 6753 2325 19648 2090 1368 8747 10340 1688 1170 8858 8632 14095 3044 9094 14391 3788 2036 9638 2228 18081 2652 5287 16817 10996 6315 3336 4776 12509 579 18044 19910 3339 16956 11019 16075 2176 5056 9648 15211 7889 717 15804 6192 9735 14422 15058 13525 768 17858 7593 13804 11374 1388 17133 9466 18423 5633 11295 2870 5299 19493 7536 17261 12690 18446 3434 14369 11155 2663 12647 10341
25 43 112 176 173
69 90 97 105 19
30 32 53 159 53
57 3 120 23 19
51 162 82 184 2
10 68 123 170 126
64 120 139 145 60
89 20 124 121 94
32 167 53 182 33
58 148 73 200 18
72 38 100 179 127
96 28 128 68 39
118 15 145 92 9
13 89 38 130 8
31 41 115 78 18
49 192 60 215 26
62 183 71 185 4
55 40 110 214 75
33 33 130 169 1
14 102 84 140 11
26 74 133 88 2
5 147 34 182 20
13 55 116 99 103
93 147 115 148 19
91 182 91 199 18
4 30 76 225 203
74 53 116 191 104
31 5 81 139 158
36 119 84 213 68
6 33 125 149 51
17 52 126 94 97
45 24 47 106 16
15 72 130 122 25
1 23 17 96 12
80 219 89 225 3
95 154 130 171 52
55 34 135 81 123
63 70 113 134 21
111 55 121 106 52
95 176 128 212 64
78 34 99 47 35
29 20 102 74 1
21 92 134 93 79
100 56 136 147 55
51 82 113 158 8
32 10 127 103 54
116 75 134 218 86
50 16 76 64 42
7 9 17 27 9
34 60 121 161 130
6 68 65 144 90
45 127 49 193 63
22 14 136 209 221
18 93 75 167 35
62 56 85 173 13
9 82 123 193 216
48 10 63 139 96
53 77 142 102 66
24 142 50 222 98
97 62 107 132 46
8 13 24 177 145
45 13 73 34 24
143 25 144 54 31
15 156 79 161 7
85 52 98 183 111
5 10 85 158 180
113 61 146 185 143
56 125 72 161 37
53 13 106 167 80
45 95 54 124 24
17 94 137 166 83
40 77 81 154 110
41 60 53 114 13
38 164 92 224 106
30 55 74 202 104
5 18 124 161 8
51 143 56 163 3
36 196 135 198 71
7 54 68 121 34
9 142 51 236 71
4 30 144 215 167
38 41 76 227 181
104 137 108 214 14
56 159 141 163 76
40 21 119 56 114
88 113 132 208 83
23 74 112 75 18
67 115 84 150 22
81 82 139 168 13
67 87 134 211 97
116 47 117 233 92
77 26 85 57 33
57 38 136 117 89
7 148 19 149 8
41 24 124 206 226
28 16 134 182 20
123 126 126 173 52
24 161 120 196 61
143 97 147 104 9
95 119 111 127 1
57 51 118 63 59
131 5 148 72 19
35 141 97 163 20
57 24 94 131 122
7 83 135 200 182
64 126 147 192 19
8 3 43 202 73
88 52 96 139 96
54 107 114 233 88
101 42 139 103 69
22 34 63 63 37
67 97 114 164 5
42 26 91 145 119
41 140 132 167 92
33 94 95 211 98
102 29 148 109 12
75 194 94 230 49
108 124 110 131 1
107 154 143 232 103
120 51 134 84 32
35 103 117 168 81
114 42 115 42 3
105 142 143 211 14
111 194 146 195 35
1 49 141 133 214
49 196 53 219 27
80 7 148 57 9
36 99 121 104 77
38 165 114 217 48
53 5 77 82 21
88 167 96 204 6
94 40 132 68 61
121 132 140 173 50
71 124 81 145 4
13 106 65 212 130
72 101 128 122 39
84 98 86 150 48
126 28 139 126 18
61 104 108 222 140
78 22 131 221 83
71 90 98 209 121
47 142 104 200 48
54 45 117 88 66
17 34 136 198 129
56 26 107 166 118
101 9 110 67 1
70 3 141 85 27
9 40 112 182 56
8 223 124 227 76
78 96 108 224 104
9 107 10 188 11
22 92 44 173 90
51 54 140 64 70
47 198 59 223 21
83 126 109 128 12
21 72 128 164 28
124 89 134 188 50
132 90 149 188 69
57 3 109 41 48
38 57 80 227 161
18 161 76 218 27
68 24 110 93 36
4 73 129 233 95
18 17 54 121 99
15 47 16 105 7
16 6 70 19 9
46 82 65 181 90
42 128 92 226 4
49 71 118 203 79
8 10 144 119 20
71 23 143 197 44
44 113 115 191 120
71 5 101 117 77
13 52 134 59 69
107 103 107 165 61
9 44 15 67 19
107 35 134 43 28
70 144 92 181 26
90 79 125 201 68
38 36 130 210 197
61 6 97 72 101
15 22 32 125 100
66 41 87 84 43
115 116 143 192 21
122 129 129 179 25
74 32 76 183 71
125 107 133 216 119
52 88 109 123 90
30 14 111 74 122
4 48 39 157 85
32 55 143 152 77
56 82 146 211 148
65 163 133 195 33
103 84 111 101 23
11 39 77 60 56
4 4 73 53 103
30 78 106 142 28
20 80 116 89 86
40 30 78 63 66
7 164 137 220 85
128 165 139 176 3
72 184 109 213 46
40 11 54 159 74
6 21 52 113 18
70 23 79 87 35
15 94 100 219 65
147 61 149 163 52
69 39 128 117 86
96 9 120 184 46
10 144 47 162 14
47 81 131 118 39
118 25 149 221 192
8 42 34 179 100
36 152 140 185 58
61 184 74 203 19
26 103 132 156 70
3 131 27 204 84
93 93 130 227 134
41 64 143 78 65
43 60 136 231 35
27 40 46 89 3
66 164 139 201 71
72 39 135 132 92
74 97 142 215 169
37 42 109 103 69
13 187 108 216 113
31 31 66 123 116
131 51 143 220 61
6 101 104 151 54
77 147 106 211 74
100 147 129 208 43
64 23 65 98 64
120 84 125 129 46
94 179 141 223 88
29 60 37 216 162
134 108 139 224 65
50 4 92 198 81
26 65 110 109 43
54 32 131 156 84
38 37 134 175 183
48 63 105 153 109
9 130 36 153 10
24 140 139 192 60
47 47 49 136 31
46 70 47 148 9
24 20 53 184 152
5 57 45 189 63
134 209 138 214 1
5 50 130 176 212
23 37 53 87 14
65 43 70 121 51
84 82 91 154 17
46 168 81 236 7
122 133 145 209 37
116 175 122 233 35
35 132 57 227 117
47 82 48 170 14
76 174 147 233 97
42 59 83 84 26
61 42 111 165 164
7 11 70 189 117
59 16 146 56 82
22 51 141 67 46
10 43 126 68 8
31 106 36 111 12
79 3 86 91 94
15 18 39 73 22
63 166 94 213 34
62 60 123 223 15
55 10 148 147 1
69 143 142 191 90
27 76 94 121 75
3 18 10 126 24
51 146 143 196 18
75 168 109 185 46
37 43 96 222 133
74 12 91 210 54
6 6 122 145 227
61 14 94 135 140
63 72 125 130 70
104 5 107 201 135
101 57 127 77 12
26 46 129 197 89
47 5 87 55 20
36 25 52 76 33
98 48 108 206 78
52 157 111 192 44
33 24 89 230 62
85 120 115 228 78
6 5 139 87 61
109 183 117 226 26
14 47 128 103 21
9 192 105 197 68
19 100 53 169 21
19 119 82 138 61
39 61 56 137 14
105 107 120 197 28
4 192 142 203 97
49 114 106 120 60
33 158 137 187 56
34 92 98 132 56
97 52 124 184 109
61 62 111 129 84
7 131 125 195 45
11 100 135 224 196
9 3 39 176 116
93 17 129 138 133
82 96 139 131 89
128 14 139 190 176
7 56 98 184 125
44 186 111 218 49
64 117 101 219 84
25 56 38 215 160
87 107 98 180 3
69 13 91 234 219
31 4 78 217 149
11 15 20 188 80
67 154 90 185 53
65 77 102 78 28
14 12 49 74 11
28 55 70 130 81
109 82 147 87 18
85 124 91 218 48
123 52 131 138 4
77 49 144 194 157
16 68 73 79 57
30 73 142 188 82
23 12 112 89 24
80 91 98 154 51
33 123 103 127 26
25 99 128 223 207
41 137 41 143 8
19 39 92 47 5
133 24 144 176 122
3 19 135 209 103
27 173 89 195 54
13 97 135 192 204
72 18 94 208 76
10 129 26 179 56
19 74 122 147 47
64 134 114 163 65
49 29 91 171 157
35 10 142 126 146
46 39 128 138 111
90 100 95 100 1
44 107 135 199 31
41 47 107 128 42
1 7 108 148 165
89 159 115 226 34
79 53 135 92 24
130 143 148 190 6
33 192 102 218 83
61 79 65 227 147
10 51 67 187 183
9 82 14 99 14
69 24 93 111 90
31 62 41 175 5
9 158 125 225 34
18 40 48 213 102
2 16 109 64 41
25 47 43 179 102
45 51 83 125 107
111 6 123 121 34
68 83 103 229 21
57 71 149 209 26
122 87 141 168 52
16 118 99 142 20
76 210 144 213 31
45 74 83 93 31
28 56 133 195 190
64 64 89 131 12
44 18 134 179 62
67 26 104 78 13
89 89 90 168 26
127 109 145 136 8
91 2 94 221 114
48 80 121 173 58
63 44 132 71 45
98 15 147 69 79
92 93 140 124 33
65 36 120 80 65
74 174 149 201 93
56 195 92 229 58
38 84 43 87 9
101 148 147 175 66
25 10 91 154 14
51 2 91 133 42
84 81 113 143 91
32 53 34 62 3
21 2 92 104 103
40 166 130 200 32
68 27 133 113 141
1 43 121 229 21
13 8 99 215 44
9 195 108 200 54
4 83 67 146 18
19 226 97 228 47
12 46 99 54 26
86 77 93 121 53
66 103 69 111 4
64 18 84 79 8
83 104 86 110 6
54 103 121 107 18
23 62 61 90 26
29 5 39 114 33
47 61 106 71 25
56 78 63 231 98
120 72 138 200 13
98 92 117 103 22
16 109 86 147 76
28 42 97 51 51
19 51 143 69 122
126 197 146 234 37
83 145 97 193 25
108 14 148 33 49
86 3 95 226 45
28 15 29 66 50
35 140 59 214 6
107 74 132 149 23
80 50 110 77 10
38 10 127 25 101
6 21 13 129 55
50 202 68 210 8
42 79 120 113 18
2 140 119 230 85
65 164 82 191 45
25 4 97 109 7
17 17 23 125 89
44 179 133 179 27
14 116 21 201 32
8 48 95 234 192
74 139 120 203 48
54 70 127 129 91
91 28 111 163 24
22 53 77 64 3
75 88 95 168 77
67 18 105 224 46
122 10 128 52 3
11 35 77 145 58
134 154 146 234 16
89 79 100 230 50
122 130 125 136 4
49 117 92 126 49
120 11 139 41 19
2 97 89 233 179
42 164 58 197 21
27 126 82 184 36
89 222 131 228 38
114 19 115 149 130
1 77 102 136 108
73 69 97 145 38
7 140 51 205 59
81 175 146 235 122
32 225 141 229 62
69 173 130 177 34
60 118 68 179 13
3 32 75 41 38
13 72 38 142 2
90 23 109 208 183
16 49 47 154 19
110 71 130 167 45
47 58 114 181 34
55 114 76 224 29
81 32 91 158 110
105 39 127 102 73
102 1 114 59 29
48 53 117 140 85
92 64 137 217 134
80 64 111 214 103
116 46 132 111 10
31 202 58 212 35
28 120 59 186 67
77 52 122 99 35
106 129 137 139 26
27 10 106 99 85
11 69 145 130 168
100 40 144 149 129
26 28 73 157 77
67 18 78 229 73
70 108 126 141 35
107 3 118 200 125
31 86 81 154 107
45 19 95 32 62
89 17 111 215 170
30 28 85 78 63
63 62 93 65 6
47 11 70 193 99
60 84 69 166 7
19 49 122 122 27
98 92 120 203 51
67 143 68 150 1
68 111 126 215 147
33 148 39 150 3
58 39 67 65 36
59 147 92 203 58
1 106 73 236 85
14 144 22 208 71
117 69 133 184 87
22 49 46 125 88
67 28 147 66 40
51 127 87 192 93
6 209 36 219 15
108 162 135 207 62
89 12 104 222 142
137 2 147 73 47
29 50 108 149 139
35 167 126 213 87
25 42 36 201 105
6 107 37 223 144
47 86 52 212 63
52 29 74 83 73
7 93 12 215 68
23 50 67 192 152
30 74 104 230 139
7 138 39 226 67
4 25 125 202 124
99 73 130 210 116
55 85 141 132 107
28 17 146 94 135
33 94 107 230 195
57 11 89 132 18
22 98 116 186 155
138 70 144 226 140
60 45 69 79 23
122 52 131 122 41
8 29 134 62 109
34 68 90 127 13
2 154 12 225 22
68 41 91 223 34
21 21 50 39 1
65 143 73 229 55
56 46 143 210 194
11 27 136 201 157
3 92 114 115 131
58 73 109 198 23
56 16 119 22 36
40 181 93 218 85
91 225 116 233 17
16 124 120 211 124
15 22 79 154 105
128 57 138 98 37
79 123 100 203 70
3 83 21 222 36
68 51 137 60 51
4 8 104 62 2
7 1 137 100 36
21 22 80 91 107
1 15 84 65 85
62 111 81 169 32
22 113 103 234 190
44 50 56 212 131
122 26 126 57 31
75 47 111 196 53
117 109 119 128 4
37 96 91 220 34
32 15 108 25 26
5 2 40 66 12
56 24 129 34 18
13 2 59 203 75
19 43 46 122 107
53 215 137 225 92
52 196 75 219 13
48 23 136 134 87
68 25 124 145 75
49 170 107 214 30
16 136 104 139 92
32 19 93 175 79
66 40 106 199 151
32 114 79 141 50
134 89 136 121 24
95 79 127 100 55
60 60 146 169 125
9 18 139 46 27
93 32 145 104 75
108 47 136 132 70
21 52 88 210 39
64 104 94 167 14
78 26 141 139 153
23 91 122 184 92
143 39 148 152 41
94 108 146 230 36
63 119 122 186 45
45 10 96 136 32
12 115 125 231 200
85 59 97 77 19
39 126 131 186 100
63 93 118 175 34
11 169 124 190 23
36 31 90 191 155
107 78 128 140 69
38 14 48 101 10
38 1 89 154 102
1 28 135 153 226
23 122 109 128 26
21 202 148 217 142
73 109 148 155 88
35 50 76 113 49
96 90 106 218 14
44 26 84 89 88
108 70 143 130 86
54 17 72 95 98
45 167 86 175 18
94 93 111 125 6
34 180 82 227 26
18 23 99 192 111
44 163 103 198 8
50 88 50 221 55
25 220 125 231 17
8 115 112 141 121
65 157 130 174 18
6 27 128 206 1
27 9 83 235 119
45 218 109 234 79
10 28 126 56 30
27 45 125 169 38
10 25 139 141 113
33 47 115 142 21
19 132 109 202 87
69 95 127 149 40
3 139 38 228 28
12 129 89 171 56
101 90 126 232 54
59 56 148 61 47
4 104 104 113 28
136 107 149 148 6
70 106 75 191 24
9 7 102 102 130
2 53 59 207 23
12 114 53 143 44
25 100 82 133 78
91 101 103 106 6
27 99 33 139 35
8 4 49 14 46
85 45 110 186 130
50 23 116 184 175
24 177 40 225 10
63 170 96 215 78
118 101 119 194 33
113 68 138 143 26
17 221 54 235 15
106 32 116 109 71
65 194 108 234 17
85 31 128 33 34
61 139 140 211 52
62 19 73 127 39
84 79 92 168 37
31 39 141 64 34
68 112 121 121 52
84 32 108 55 28
92 138 113 207 69
25 208 144 236 18
5 216 20 235 9
14 184 115 194 5
12 38 70 112 109
7 114 50 231 73
61 16 111 217 198
27 109 57 160 79
96 54 145 175 120
30 39 137 166 202
17 14 141 73 39
42 16 122 48 23
38 45 132 218 32
19 66 104 166 115
29 35 147 105 23
49 22 62 97 52
15 51 79 169 165
6 128 80 132 67
15 121 80 155 38
22 46 78 90 99
6 25 87 97 42
53 223 92 236 16
8 76 92 233 159
18 149 65 226 32
40 110 60 117 11
102 100 138 159 39
63 47 95 73 43
36 112 127 149 128
32 101 140 227 232
25 18 128 23 82
57 148 82 161 34
103 37 105 40 3
27 23 75 149 115
120 131 142 215 55
17 4 25 100 70
33 73 60 205 80
17 12 91 111 70
90 81 142 178 79
69 139 79 182 39
54 214 62 221 17
42 180 114 202 65
13 2 14 42 1
46 57 67 162 45
76 51 94 88 39
63 106 147 202 31
62 164 137 174 64
3 31 45 120 17
34 44 76 162 34
135 70 140 176 12
132 93 134 121 2
38 1 105 22 2
35 11 50 168 172
66 83 91 110 3
48 97 105 118 11
31 26 57 157 142
91 203 113 235 47
53 142 130 208 1
42 79 94 112 23
11 19 75 71 37
15 84 21 144 43
51 91 98 205 104
46 11 61 123 122
126 164 129 186 13
54 42 112 53 22
35 23 131 45 45
12 17 29 23 8
56 116 137 146 48
73 7 120 211 75
107 31 121 126 104
16 34 33 201 101
104 82 108 107 15
71 22 141 207 113
4 121 123 234 213
16 1 112 127 163
15 66 125 73 22
92 143 143 160 52
16 98 141 117 74
45 40 114 45 19
59 28 115 58 32
109 43 142 66 57
22 119 124 148 30
28 176 63 208 43
59 39 115 200 104
107 5 132 142 19
7 74 77 139 40
14 11 123 59 97
83 7 100 50 44
17 18 40 51 35
77 44 92 141 18
3 147 9 149 9
85 131 119 162 42
60 4 90 37 30
18 2 124 51 21
76 93 120 107 39
73 25 104 207 8
29 58 60 217 160
2 117 96 220 119
103 39 117 152 90
50 63 97 77 50
43 58 144 196 32
92 25 93 50 23
13 15 35 41 37
76 42 83 143 70
8 37 26 63 46
112 11 140 41 50
22 85 101 127 101
86 20 142 61 97
9 95 106 188 46
90 102 131 169 33
9 43 63 88 43
116 164 141 198 49
30 93 52 219 41
27 15 35 136 117
24 48 122 119 78
5 112 116 227 116
52 174 144 186 64
36 131 92 230 26
23 84 129 195 43
108 35 131 225 9
23 42 49 226 186
125 47 142 54 24
28 132 135 136 104
8 140 31 204 34
74 55 142 218 137
40 59 118 206 219
8 41 137 107 182
73 97 80 121 3
21 192 90 206 75
23 93 104 204 1
24 30 147 151 81
62 153 88 209 33
15 110 61 184 7
36 95 145 170 5
80 141 108 216 44
53 136 85 234 20
35 64 41 92 31
5 178 20 181 11
65 64 79 225 12
56 106 59 125 1
50 39 59 197 148
20 22 52 100 70
12 120 29 186 9
16 37 134 61 4
18 164 125 228 84
2 149 47 193 55
126 77 135 162 25
39 117 113 147 5
53 42 147 47 8
20 22 130 80 132
16 24 48 164 129
104 170 128 213 66
29 24 91 216 179
147 200 149 214 9
55 7 68 10 8
101 22 140 235 225
28 131 148 148 61
5 19 95 144 103
7 153 39 158 39
8 17 90 87 4
1 48 54 138 28
7 5 69 42 11
35 58 71 203 107
58 7 72 210 178
19 76 23 144 66
29 12 139 160 89
31 41 143 118 35
3 33 6 102 64
11 130 66 142 69
1 34 44 119 35
106 58 111 97 21
77 11 143 150 133
20 23 101 171 96
44 9 53 174 74
4 88 35 157 28
10 118 113 193 164
57 102 89 195 23
103 91 143 91 3
71 19 96 199 108
2 92 94 150 4
28 69 52 177 120
81 215 94 217 8
32 171 131 204 44
78 216 82 227 5
59 95 66 170 2
62 12 127 138 147
11 82 48 230 80
89 78 142 110 52
29 27 130 57 58
8 63 95 159 177
20 99 117 172 41
89 38 103 94 13
20 204 72 227 34
12 44 119 89 7
10 139 49 182 39
70 178 147 223 106
2 150 56 175 27
74 140 111 196 11
23 14 58 134 133
7 119 98 230 113
55 87 124 234 54
27 17 39 167 116
69 49 118 208 136
95 176 112 180 23
71 164 131 167 51
7 123 55 160 67
122 70 127 200 107
30 61 87 174 158
9 11 46 31 57
14 123 136 198 79
44 6 129 232 13
66 62 129 189 72
59 72 137 188 180
6 11 118 235 295
109 127 144 162 3
