101 406 873
4420 1159 10220 8204 4701 16642 7900 5665 12704 19926 6794 8891 17848 4905 5049 7274 5924 7122 453 1359 4121 17247 5723 16066 9502 19952 18172 17900 15406 5817 9342 10893 282 2756 13738 1239 19525 15853 5311 816 14214 18628 16718 9397 9289 7534 16188 1714 4910 9861 771 12202 14345 19475 9041 16053 3776 12283 3495 15293 18896 10065 13627 9760 8265 5916 9206 6097 15597 3387 13943 9559 14997 8541 14479 11949 1228 7719 2147 16576 7442 8435 685 11860 12474 7499 5243 7520 19244 11250 16175 10605 1796 16283 19517 2650 9713 12560 11216 18171 15735
8652 9157 1782 14029 16513 19949 12068 10112 6932 14512 14614 10990 7292 3141 8622 9452 14662 3259 3489 3905 10772 15540 3068 7848 8409 6596 11548 17010 9310 86 15092 15266 14913 18791 3211 3791 19025 12841 3867 14821 7475 2882 11412 17380 19008 9450 7254 6592 17316 17329 15739 7135 19873 11670 10795 3454 15946 15281 16869 15213 15112 5418 4221 1678 15097 14911 3480 19386 1484 14818 16529 6332 13574 825 7736 16627 13152 3453 2734 15124 11910 17979 13291 13831 7737 6614 8664 10629 16046 4355 6325 17728 558 5035 12500 15835 3156 9996 3612 10318 12242 2649 5767 10595 9516 12373 11300 14172 19322 19292 3702 15850 19595 18683 3890 2455 6269 12307 901 18718 19686 858 2284 7917 11214 7417 10491 3050 9522 12559 17783 5483 99 8364 17115 1916 10661 7511 14039 12381 8369 17129 16780 2562 8403 4752 9329 11441 7372 2957 11729 9575 8657 16726 3019 7380 10122 10293 9873 314 14132 7846 4393 3666 13088 5309 17327 13735 13425 17246 18929 1336 4930 4099 15090 7834 13470 6266 15079 6228 19366 17348 19517 18818 5615 14711 14577 18579 12577 9885 16726 12971 15097 947 9267 12513 1319 1195 16258 14370 5393 7818 1811 12428 6062 10763 7271 7988 10060 12314 15701 15169 3531 17913 11944 9582 192 6430 18462 13068 6643 6483 9099 5277 833 12853 4340 12763 1658 6134 1685 17743 19172 7452 15835 14490 3542 3071 14667 16143 10366 9102 17369 10423 444 8395 4402 18828 4773 7818 1939 2814 4896 2934 10639 6033 15948 5645 4300 19837 8057 17375 9510 2285 810 12530 9291 16256 3929 2017 10430 3307 17811 8760 15381 9078 2264 16058 3483 16186 13244 14268 15918 3913 19881 7719 12546 18278 6299 2681 17660 297 9410 13061 15415 1596 9508 4814 11075 19840 19448 14960 15713 15401 9195 14392 6216 2494 15231 5254 12739 6810 232 338 9937 15406 16717 9317 2532 9468 9389 7099 5890 10013 1175 3272 263 3293 1136 5264 3041 16378 5265 6572 11923 12424 5127 6892 371 8687 4850 9296 18411 7307 17478 15246 19419 16300 10252 13808 12533 15668 1122 13554 8480 795 9911 11272 16951 6478 8944 374 6631 11596 8038 2550 16308 17960 17254 2422 15572 5258 10479 11383 14962 15022 7063 10863 8973 7299 3143 7560 15158 15724 11674 18271 3062 18243 18082 3814 8165 14449 515 9570 1620 19640 18774 5197 10916 3945 9032 1141 18733 19566 14776 10587
79 60 101 314 229
23 55 26 194 134
25 263 43 286 6
16 304 35 386 30
20 232 52 305 62
70 33 95 79 51
58 116 70 404 108
4 296 5 306 12
8 29 48 69 82
2 54 97 362 250
3 28 20 127 90
21 103 45 130 3
37 49 81 252 169
41 46 64 246 103
3 144 22 252 78
29 6 80 302 140
40 36 88 160 65
38 91 53 183 96
63 117 84 201 39
43 146 90 268 128
7 31 94 43 57
20 207 100 275 107
9 104 68 110 4
38 69 78 133 21
35 168 87 223 71
54 38 98 298 196
8 32 75 78 34
68 51 95 115 24
54 91 58 388 187
18 80 43 227 89
25 295 95 345 76
13 92 26 143 27
9 114 20 393 257
94 181 101 260 35
25 183 42 231 47
55 5 85 158 178
16 224 80 289 109
8 216 52 387 35
61 240 76 307 81
33 91 87 389 314
77 72 96 406 268
79 315 84 381 43
38 78 87 246 100
52 19 55 297 233
50 54 88 193 37
56 155 62 223 68
46 23 62 194 6
35 106 41 349 15
85 76 90 122 26
24 41 93 125 39
25 37 60 151 78
3 185 31 346 39
22 374 101 377 40
62 61 85 123 71
54 157 98 229 8
69 245 101 305 23
18 20 91 290 307
50 27 86 405 58
17 241 52 292 10
6 262 84 273 90
48 274 91 378 119
13 51 79 323 281
29 131 41 217 99
27 68 49 260 198
68 130 72 149 2
76 39 92 152 83
44 236 45 329 5
13 153 20 155 4
3 233 18 250 24
65 11 91 331 256
61 136 77 320 186
36 196 80 272 16
9 135 82 244 26
82 310 91 388 31
74 59 96 352 138
36 157 72 264 93
1 25 13 371 41
11 71 52 111 21
6 127 81 382 59
17 193 48 284 43
54 143 54 332 28
78 256 92 300 60
13 296 31 395 89
11 13 68 406 5
58 109 73 286 75
38 165 86 230 14
45 35 69 162 52
33 43 34 346 214
19 256 77 383 158
24 47 101 369 247
7 116 40 268 26
35 34 53 207 131
49 313 100 360 31
17 9 39 139 22
12 145 49 283 153
14 132 60 137 17
70 114 87 320 119
53 84 90 399 125
45 35 98 124 97
34 33 88 68 29
4 220 45 275 29
29 184 96 265 23
53 190 67 271 41
61 122 67 157 13
77 83 84 316 219
22 99 66 113 27
1 147 5 239 15
26 253 52 305 71
79 93 92 95 9
10 30 62 260 231
76 192 95 384 171
60 125 90 345 47
22 24 58 179 85
34 64 44 262 103
9 159 71 226 61
65 53 83 106 24
76 279 89 388 95
38 124 59 396 143
3 83 67 402 302
15 32 69 214 93
14 242 71 263 22
32 280 67 376 124
12 264 98 393 56
53 69 70 184 27
16 331 93 340 84
76 182 92 373 52
70 55 75 96 42
11 50 66 217 141
28 87 84 377 25
86 235 100 276 46
81 326 88 376 1
49 41 98 247 116
10 284 25 343 36
24 213 94 361 126
34 190 98 190 14
51 1 83 88 14
9 162 53 369 114
30 116 55 403 165
96 59 96 334 232
17 182 56 386 88
48 248 73 389 36
14 280 31 375 111
23 13 67 62 60
56 39 76 405 246
91 16 98 32 21
42 20 83 287 166
39 242 70 381 158
19 14 33 174 16
8 103 100 320 70
80 90 85 343 82
19 271 60 376 115
19 206 35 278 69
31 17 76 194 96
29 13 40 30 15
29 147 57 300 113
59 224 101 340 111
82 292 100 309 36
44 14 63 366 153
7 228 95 281 138
38 137 79 199 94
29 29 48 54 44
20 210 27 373 113
19 108 90 360 110
71 25 79 122 97
24 228 84 330 80
15 186 79 399 197
7 282 46 355 14
59 181 72 182 7
61 258 92 331 15
60 50 87 316 39
23 54 95 247 262
13 214 70 375 55
62 229 88 352 16
47 41 58 169 33
83 168 83 291 20
1 92 87 344 212
31 39 62 282 180
77 186 85 328 121
31 248 75 378 73
50 214 84 311 109
2 32 90 336 231
28 178 85 370 52
22 190 58 193 16
23 145 43 171 8
50 6 74 212 231
9 104 92 371 298
5 26 9 201 133
8 64 100 263 67
2 58 17 321 167
23 154 26 236 44
4 208 5 288 56
21 208 45 239 31
9 259 51 282 40
11 211 25 255 30
34 64 39 397 148
50 88 54 170 88
24 257 27 262 2
16 149 96 268 116
92 14 97 214 131
36 116 44 225 37
40 262 50 383 78
84 45 91 401 310
74 35 80 240 103
10 359 18 400 1
42 329 83 329 41
66 234 97 308 24
51 104 53 384 78
6 350 26 404 18
13 155 57 372 246
4 172 42 384 110
39 20 64 334 183
25 88 98 330 128
6 103 51 223 1
22 42 62 260 92
22 154 85 245 106
18 149 18 160 10
25 8 95 69 50
49 44 61 311 129
31 215 90 310 61
4 191 89 274 24
16 247 23 391 40
46 87 95 381 104
59 31 77 295 73
12 208 15 374 14
38 78 54 216 95
75 10 85 357 229
14 138 19 396 44
13 149 75 200 59
81 154 91 310 168
6 58 56 167 68
49 4 100 110 73
25 69 67 167 55
3 34 73 385 84
57 93 89 163 31
30 39 69 293 204
49 290 62 313 35
15 249 49 306 24
11 188 45 286 80
5 57 45 97 45
39 223 62 386 86
33 223 90 345 40
51 293 85 340 9
21 375 56 395 40
16 2 71 237 220
23 116 45 292 85
41 19 57 58 21
57 151 71 212 61
1 259 53 397 71
9 89 9 249 10
24 359 47 365 20
14 93 69 271 158
30 117 71 278 71
38 271 101 306 3
92 35 93 66 11
3 18 15 303 77
45 100 68 130 8
14 36 61 362 258
7 32 26 233 119
19 10 60 221 197
38 129 94 284 51
32 39 67 346 152
12 161 94 365 77
26 292 46 352 52
55 179 80 392 206
12 188 22 317 109
18 31 28 404 261
25 100 61 276 139
38 39 56 221 42
26 291 65 327 50
2 150 38 405 292
43 37 54 154 105
51 316 99 379 86
29 15 49 109 86
2 73 22 222 75
38 99 64 133 58
14 126 87 405 230
36 116 86 399 288
53 304 57 375 22
46 110 100 293 54
31 18 56 348 83
68 297 86 309 27
55 202 69 286 42
10 35 37 253 72
11 289 63 363 118
26 130 26 295 96
19 30 41 58 42
6 104 44 165 34
89 72 98 249 113
33 235 72 244 12
57 272 97 398 67
75 298 100 404 126
69 210 84 282 36
80 26 92 298 67
62 291 74 377 96
42 227 94 311 37
81 33 98 173 6
14 131 93 272 88
52 98 87 366 101
65 152 95 253 108
27 169 42 244 61
17 379 44 393 10
10 153 51 192 34
75 105 83 295 155
23 271 87 276 31
99 121 100 405 36
2 101 49 144 90
46 29 84 312 179
53 217 62 279 36
12 21 34 156 38
44 257 95 388 110
65 351 73 361 9
7 40 97 166 132
4 188 53 199 25
32 25 47 39 1
87 306 90 348 37
73 221 76 370 108
8 150 26 332 174
11 14 20 275 96
24 135 59 380 72
30 97 43 328 211
77 8 91 293 89
58 27 95 289 163
10 155 24 209 39
77 120 100 146 13
61 330 83 337 13
62 54 98 261 78
74 21 93 208 87
18 135 101 360 264
68 303 96 327 53
52 220 70 314 44
50 304 73 354 15
13 84 30 302 91
29 95 98 218 173
3 31 59 39 36
35 180 101 189 49
23 7 50 287 63
38 99 62 317 85
96 317 100 318 6
20 163 24 246 73
74 176 97 234 79
21 221 33 353 120
9 254 41 399 166
64 379 92 389 34
70 279 86 320 48
20 42 37 220 78
36 72 82 257 1
35 306 96 348 95
49 24 53 243 97
17 174 97 197 36
4 61 90 332 336
49 150 55 379 224
15 129 74 239 78
7 30 10 60 8
68 60 84 374 258
64 110 74 159 48
27 363 70 368 4
26 258 42 341 87
6 47 86 377 231
18 249 71 297 78
28 149 95 288 203
49 85 76 184 15
52 201 56 246 13
20 162 32 168 8
40 52 98 190 107
5 5 100 124 108
15 70 20 134 17
2 122 70 313 124
30 52 76 289 217
10 287 94 371 128
7 132 91 139 2
3 100 93 105 50
7 292 90 392 59
73 16 92 57 26
80 246 94 343 42
67 84 82 211 120
7 79 17 150 78
35 1 56 200 105
4 102 84 389 325
1 8 101 126 139
73 171 81 387 72
63 88 64 205 6
26 33 60 145 70
28 21 89 158 147
23 52 56 151 59
76 179 77 369 122
4 126 77 317 248
12 134 61 399 84
40 30 79 308 36
36 38 40 167 69
28 166 100 202 56
71 151 81 310 31
47 246 91 300 51
59 52 65 67 23
17 86 101 95 60
35 71 61 343 228
42 244 77 387 133
49 225 96 280 50
2 165 83 391 21
44 122 85 197 68
5 169 98 233 137
9 29 13 167 16
58 147 61 363 166
56 375 69 392 2
29 108 83 311 175
48 61 93 143 6
48 181 77 306 45
2 179 18 241 8
14 31 64 191 144
46 44 76 320 6
2 306 23 402 70
18 155 34 403 241
38 344 69 346 5
72 159 96 299 17
48 48 59 121 20
21 79 83 382 289
61 299 84 305 11
11 110 79 133 68
31 227 67 381 21
18 5 19 303 83
50 219 89 378 86
64 27 101 75 76
73 116 96 280 130
47 160 101 366 156
18 139 81 362 7
31 19 54 324 218
20 30 97 168 190
28 262 101 350 103
21 168 56 264 68
4 171 62 276 150
92 1 93 124 1
48 165 95 369 150
22 208 91 232 71
17 240 49 267 53
10 234 28 272 11
27 212 87 322 47
22 132 68 350 168
9 78 32 239 30
35 190 90 228 53
23 77 95 98 84
41 10 72 270 139
37 5 77 34 36
14 264 31 400 94
50 139 85 245 61
6 41 69 273 100
24 185 34 338 82
3 317 19 398 86
3 55 70 171 172
84 202 100 402 111
28 159 59 236 71
46 93 95 258 192
64 235 88 396 108
3 39 83 235 257
69 27 70 132 26
20 149 80 386 128
39 245 77 258 49
54 246 56 252 6
69 131 84 220 68
12 52 91 197 32
97 1 98 102 34
18 113 77 287 15
25 22 38 295 71
39 83 67 380 161
74 75 95 147 5
18 28 89 55 14
35 261 95 360 106
74 134 92 386 9
36 326 66 350 13
78 272 83 348 54
25 234 99 379 7
5 66 45 176 47
58 16 69 222 84
88 221 96 368 46
64 133 82 295 67
10 116 26 241 79
73 2 99 112 1
13 77 26 238 130
36 18 75 253 156
22 111 91 220 44
22 328 25 359 9
73 60 97 355 205
4 92 46 358 164
24 51 64 343 124
59 250 84 399 98
25 79 86 264 140
4 166 87 271 158
52 148 56 247 42
65 158 86 272 90
29 18 96 111 23
30 98 38 315 189
22 44 69 306 33
60 24 88 395 128
19 158 90 388 150
22 110 56 254 137
7 120 24 239 114
51 334 67 345 14
41 217 50 334 45
89 34 99 348 143
68 121 73 231 99
38 351 43 377 30
78 225 84 351 120
91 36 97 202 54
70 195 101 227 49
22 178 56 256 12
23 126 42 348 135
21 153 29 314 155
51 55 96 403 36
2 33 70 326 335
50 17 84 49 44
83 213 93 307 7
70 256 80 404 110
30 385 55 388 16
63 201 81 345 131
17 182 84 334 3
37 36 72 152 136
54 139 73 291 77
36 83 93 237 11
32 124 40 242 76
1 184 29 222 42
18 141 59 332 124
72 171 76 275 85
7 29 62 186 184
63 239 77 346 60
44 351 55 382 6
15 220 48 274 32
28 249 64 291 64
70 46 97 152 29
37 15 66 60 63
87 62 91 397 219
40 54 71 310 275
48 48 69 381 15
8 206 87 353 221
32 92 96 287 60
69 200 79 269 60
53 106 92 210 72
6 240 75 321 10
46 37 74 297 185
20 31 38 165 47
7 60 98 179 156
19 40 47 349 323
79 5 87 151 156
38 72 57 205 82
19 38 55 201 6
84 173 89 251 44
67 134 81 366 82
7 108 19 404 189
11 113 15 238 10
5 2 62 348 353
2 270 52 297 19
35 83 72 341 135
22 52 91 219 223
94 189 95 381 94
13 119 86 347 132
12 348 69 396 70
10 23 95 224 199
17 148 57 394 264
3 25 81 246 13
44 186 60 397 202
9 261 100 372 20
24 192 50 212 35
6 18 71 20 28
62 90 85 231 33
47 59 93 399 139
71 98 75 105 8
52 87 88 295 43
31 201 66 297 130
8 51 49 212 182
43 186 83 320 104
4 219 91 401 2
21 158 87 187 56
13 9 93 292 243
29 155 64 244 58
2 35 24 215 16
30 25 98 325 209
70 153 72 259 85
31 22 41 230 93
51 242 52 369 13
8 136 11 323 104
37 282 75 289 40
24 115 47 368 28
22 99 31 294 97
52 152 92 341 155
66 138 76 145 6
9 331 57 405 23
38 134 67 323 209
16 51 31 256 36
21 171 34 321 65
40 179 93 333 105
61 189 62 298 86
48 77 48 258 121
18 12 53 145 124
7 170 88 401 91
23 144 98 219 133
85 8 91 88 33
68 90 80 308 91
29 94 65 366 9
32 88 74 128 10
36 293 74 353 37
76 116 78 404 258
17 128 67 206 23
5 39 101 216 268
14 99 38 301 167
41 10 64 82 42
91 99 92 282 64
55 163 65 310 23
48 38 90 166 114
48 175 50 325 9
19 393 47 396 20
49 57 50 349 13
32 12 86 116 111
23 91 33 252 31
3 40 32 193 154
34 149 60 274 9
24 283 84 406 53
8 116 63 245 63
35 15 63 187 167
73 118 73 194 50
6 196 23 332 22
29 32 94 181 97
42 211 80 316 143
56 121 97 138 10
44 6 61 241 131
31 107 50 382 187
30 15 43 51 45
25 114 32 304 113
30 132 35 216 7
59 147 79 358 31
21 20 38 50 25
16 294 71 320 8
55 105 82 204 69
65 93 66 265 166
26 152 67 257 27
52 48 91 405 87
34 316 82 319 28
19 70 89 283 45
83 13 88 136 75
8 205 84 291 130
52 234 94 269 26
13 157 14 176 1
95 240 101 273 2
19 315 89 348 76
36 282 94 387 41
6 160 52 358 98
78 29 93 118 61
41 81 77 361 266
73 134 98 191 4
23 148 90 342 209
38 180 39 195 12
20 40 46 69 37
51 139 89 303 85
81 264 101 275 27
2 108 95 130 27
42 179 89 268 134
23 85 31 273 75
28 321 84 337 47
21 298 26 336 4
31 148 74 162 30
20 135 99 300 176
67 315 79 386 46
60 340 77 373 41
62 219 71 233 21
83 223 96 305 94
39 64 81 252 135
29 284 87 354 30
36 24 52 309 199
41 95 76 225 37
17 62 55 292 21
49 135 99 239 81
63 66 76 313 128
4 2 98 284 342
40 168 85 297 67
55 263 89 311 44
28 25 38 220 41
9 88 68 310 33
38 6 85 353 366
32 140 42 278 137
51 72 76 385 143
19 50 90 52 22
66 125 68 156 23
10 92 26 199 81
23 114 56 153 71
32 91 53 237 51
4 131 94 216 24
47 72 54 81 1
25 109 75 214 101
7 168 87 276 62
8 209 21 211 16
37 84 98 162 106
63 81 97 327 132
16 12 71 313 202
27 230 80 347 160
27 140 51 326 196
36 148 49 172 2
39 251 78 362 13
17 95 48 405 258
14 206 99 374 86
60 109 68 156 33
3 179 88 198 104
24 4 90 181 104
36 161 42 207 16
15 53 32 267 156
29 65 75 291 274
11 38 96 94 49
9 165 32 317 73
42 396 53 403 17
75 29 86 365 160
99 94 99 379 195
56 128 99 174 53
4 24 98 266 36
19 153 40 294 94
43 63 83 187 158
10 343 36 399 49
15 32 56 128 101
20 225 74 346 65
4 310 39 366 53
31 161 80 304 193
16 30 76 306 90
39 190 76 196 7
66 358 68 406 20
4 18 56 225 93
5 138 59 147 35
31 69 43 347 9
86 79 98 176 4
50 230 54 389 51
60 382 88 384 24
19 68 53 281 55
32 5 34 287 237
89 113 91 193 67
86 152 98 319 115
28 124 89 184 42
23 120 50 399 32
15 133 79 246 32
94 113 100 371 135
26 9 72 360 81
43 159 61 307 21
16 41 89 207 208
2 109 95 262 116
11 22 89 212 57
30 2 53 225 94
23 292 42 299 10
40 59 59 60 11
82 123 91 378 72
16 61 27 102 44
6 233 42 298 64
6 155 59 200 72
40 13 80 347 150
28 100 45 187 71
14 190 26 308 49
7 193 10 303 99
86 244 100 303 58
57 106 90 210 40
53 291 85 317 1
41 9 77 260 80
30 140 33 173 29
22 118 87 383 328
43 44 57 298 200
61 231 96 333 78
2 96 75 272 71
60 128 99 304 10
30 49 81 73 71
6 41 74 245 92
39 32 92 203 127
61 142 69 198 9
8 113 9 271 93
79 274 89 361 13
26 132 56 310 74
42 142 57 359 121
9 49 69 361 267
11 84 17 379 164
36 88 54 159 50
11 230 64 250 23
4 147 11 170 20
40 248 57 368 4
4 287 98 311 104
21 100 70 276 190
74 26 76 214 39
16 25 71 139 27
1 309 33 333 10
17 119 85 391 32
7 88 57 115 32
77 267 88 366 107
3 240 34 241 2
40 8 59 217 182
7 11 22 135 28
18 215 51 320 116
4 7 71 363 29
54 119 62 245 15
59 322 72 386 7
19 219 85 225 60
29 123 89 382 127
73 83 95 262 43
33 113 43 138 19
17 194 67 348 125
25 108 68 314 217
25 82 66 366 171
14 73 42 265 84
41 24 71 372 347
42 344 94 397 74
66 255 95 298 4
40 185 70 289 44
22 56 85 161 108
71 78 99 222 126
42 69 45 196 128
13 237 87 261 8
11 112 66 281 209
48 196 84 304 61
1 89 3 134 17
6 41 60 274 191
40 215 59 345 108
76 160 86 289 83
43 168 64 353 14
23 74 98 118 64
45 18 67 380 76
45 281 89 342 15
37 131 85 183 74
71 28 79 275 136
10 149 85 270 33
42 125 92 208 19
30 235 99 287 22
79 10 87 62 37
20 89 28 135 31
38 41 95 389 6
5 188 66 299 161
35 284 89 375 142
38 180 40 268 47
29 305 38 340 12
9 28 101 115 138
41 164 67 362 18
17 271 29 335 1
48 64 73 269 127
22 132 70 220 76
32 229 79 304 98
28 20 97 83 103
29 110 76 126 40
2 40 101 251 6
11 154 88 349 214
10 103 59 259 204
56 81 87 143 16
14 304 93 361 21
13 49 57 67 55
4 245 51 254 55
43 179 48 318 110
38 129 90 144 24
5 96 93 401 54
64 243 68 249 3
10 221 89 350 40
3 327 34 393 61
7 170 45 384 32
33 4 91 82 10
61 145 94 177 66
37 80 67 286 20
53 66 97 345 248
57 170 95 242 78
33 101 70 161 83
5 134 42 179 49
64 63 64 286 96
26 149 39 276 122
4 235 19 265 10
22 132 77 355 177
6 148 55 284 54
9 63 51 310 280
49 79 77 331 141
54 100 64 167 56
50 133 65 197 67
55 208 59 278 49
43 344 64 348 16
34 40 42 156 49
14 47 82 316 83
44 161 44 192 10
12 18 47 147 129
18 223 96 370 133
48 94 82 253 3
31 272 33 348 20
17 110 74 339 213
