525 59 427
6602 17709 8996 12891 8689 3501 4786 6104 12448 7312 16331 6510 5765 5331 5312 17996 2869 7767 8231 4677 5800 11104 11739 10287 1659 14264 18042 17126 5677 15404 12774 9898 14882 4782 8005 15772 12739 11954 6530 6597 1372 5329 17801 3504 829 18152 8846 10635 11258 12954 19591 12394 1579 1066 19853 4612 14284 14498 18304 17332 13470 2096 4992 11737 4388 4707 12340 17942 5383 9106 16455 5331 6131 14997 17766 4794 3736 11466 17603 10907 12265 5265 6549 5320 12416 7953 11766 9050 13656 12753 3940 5322 7186 15391 18368 14296 9329 19341 17490 1672 8926 6767 19523 7680 5988 8030 1921 9644 1877 9304 8062 7642 6755 8637 6194 16478 14216 468 3445 15887 14239 18948 12742 8936 14664 11707 9318 5800 16616 7019 16637 5843 3462 11400 5012 2670 16560 14091 8890 2374 3636 18834 9152 18890 8071 14493 14172 269 17313 13843 1930 1221 3967 7963 9382 18479 19424 7235 3603 2216 15113 7613 7767 1077 18529 4541 6365 5820 1621 15932 689 649 19637 10328 11976 11594 11509 6674 7029 17587 7309 2414 853 7291 2522 2166 12484 6109 8123 4376 15494 12729 2676 18659 2751 14032 4750 4430 6171 14955 11093 1234 8167 9972 5465 4235 8821 8539 17998 17658 7645 10898 6444 134 8630 7570 10127 406 7617 12596 3640 18392 8799 7737 16298 5214 5206 19491 16942 8668 18384 313 3727 6859 9499 967 5823 15401 2826 3899 15536 6391 8466 522 7868 4857 16622 13897 12766 11866 18204 11348 18711 13509 15678 13482 2442 8749 19226 11886 10943 8614 18234 18376 13668 3753 45 18530 12871 13460 16228 19340 14557 3912 7670 18553 6815 6089 16188 11232 4424 3746 4949 19035 4088 1246 10852 3883 14836 18160 16781 13138 4899 6988 12891 3127 9714 1388 6845 2022 5585 1036 15109 10285 12148 10573 2056 11553 15764 7158 19872 8759 7243 5038 4525 10891 11259 19428 10223 9948 4200 10215 1646 11662 9401 2991 10771 3750 4091 14482 16908 9074 9630 7983 2444 10591 18134 2663 19784 3201 8219 18430 4059 1358 3433 1471 14851 19651 13409 15861 11361 1150 4870 4691 4701 12322 1953 8493 1184 15254 17982 3869 7609 1542 18157 2495 16953 11073 13986 3765 11030 2585 1396 19043 6476 9798 16162 8116 19127 3491 3337 6451 570 9775 17327 14195 6587 16590 13244 3912 2628 1254 2844 8556 9220 4482 15934 6363 12460 8402 8696 18615 2259 4361 14528 6916 14291 19326 14356 5485 11337 300 17043 2077 6808 3441 4450 12359 9543 1587 6025 14591 17502 3446 12595 7071 1325 39 19793 13987 14214 15893 6648 15725 9534 82 19038 17314 15600 16406 1665 17738 7353 13660 13344 16756 17629 8420 17376 5488 15553 5743 19144 3091 5327 5542 19589 18358 9749 7028 16615 15000 4006 6375 10082 2263 7863 10579 6382 9691 4515 4271 18472 3052 17000 16917 9007 7830 8840 5894 18855 8908 15817 17508 9049 387 13493 1719 10545 6450 1947 9865 7231 632 18188 13706 9175 9590 5631 16012 2065 2929 15661 3239 10921 14322 18197 5175 15872 8805 19001 11417 11993 3165 8000 6194 4317 2798 14450 7784 2840 7634 1439 6630 15417
3045 18520 7357 13622 7241 16468 3997 8966 99 4205 384 6117 15388 8961 9568 11315 5408 9713 4348 12469 11650 9029 9271 19091 2999 10437 14169 7128 2902 6785 9932 7126 6623 10795 7360 15775 8689 1720 11751 15341 18897 17059 16281 18234 2250 15402 14322 3017 7016 8975 3855 12219 10908 12152 19093 4187 5115 9263 1866
69 2 441 49 184
383 8 433 37 72
404 8 457 20 5
341 42 350 47 12
298 25 335 49 21
132 15 334 16 16
23 43 265 54 113
269 4 460 23 199
347 1 401 23 1
54 40 227 41 164
210 6 377 30 118
296 16 372 29 89
38 18 242 40 160
392 14 449 47 28
102 2 316 48 128
33 21 177 39 107
190 22 470 50 295
261 11 419 25 170
176 5 455 7 14
150 11 431 33 10
66 40 164 40 74
253 23 296 28 37
10 2 397 39 187
37 8 329 41 66
221 4 483 21 41
198 3 398 47 51
99 7 316 10 24
147 10 370 16 183
389 17 504 44 97
25 11 294 40 229
300 15 337 54 17
366 30 369 38 13
196 26 311 39 61
281 3 345 42 14
25 41 69 57 14
341 3 417 51 80
71 23 394 39 112
175 1 507 54 197
182 12 430 46 45
146 26 167 55 13
129 1 259 55 78
497 26 522 37 14
289 20 459 48 30
81 2 516 27 371
305 12 411 45 108
216 40 494 57 214
20 4 375 13 183
31 40 339 46 176
21 29 432 49 59
50 31 285 32 24
168 3 515 51 94
388 11 426 52 15
95 21 120 28 25
98 23 277 32 19
29 33 449 34 358
270 5 444 33 56
64 17 472 20 361
162 37 511 48 70
176 26 261 45 102
407 2 471 28 62
34 55 349 57 163
492 9 513 25 17
202 38 250 45 13
8 21 52 38 41
171 28 314 48 5
279 9 484 53 57
245 29 428 46 40
376 16 521 26 107
253 16 516 43 33
68 9 183 18 51
32 41 439 47 49
170 10 270 11 91
377 22 496 39 74
22 7 434 54 106
276 33 401 53 46
283 14 483 53 211
167 33 271 36 31
75 17 333 55 116
43 47 116 52 12
92 4 471 22 318
262 17 379 40 15
154 10 229 48 22
10 40 311 40 213
321 34 433 45 67
287 3 508 21 78
21 3 422 35 123
102 3 141 33 13
30 54 223 59 103
169 21 170 28 2
63 7 400 59 66
279 18 460 43 97
33 49 389 53 60
163 13 207 42 46
5 12 305 51 101
313 37 524 50 30
201 23 507 39 212
176 17 254 17 62
288 20 434 23 113
54 29 77 41 12
399 13 489 48 65
70 9 116 48 65
247 24 298 49 34
32 25 74 36 24
95 13 523 29 297
324 45 448 54 13
33 42 104 56 34
73 31 332 35 53
300 24 468 59 149
257 4 290 17 44
8 33 190 48 117
271 8 508 37 164
112 40 273 51 94
41 20 514 31 83
370 11 485 54 140
151 33 226 37 44
212 9 418 33 118
29 2 256 19 223
350 9 512 10 97
60 7 234 24 68
248 24 319 56 50
118 33 123 39 1
295 12 496 52 173
44 10 492 44 49
89 26 517 45 225
208 4 421 54 172
149 4 383 37 48
137 36 165 48 42
32 37 377 58 313
21 12 296 39 18
477 54 522 59 35
210 15 434 38 34
130 16 246 26 88
10 11 255 26 112
131 30 338 50 94
169 12 238 57 107
70 33 310 59 168
344 46 476 54 17
177 21 236 55 54
301 6 482 31 188
87 30 382 46 94
116 6 495 14 44
145 21 473 44 11
134 32 407 42 20
142 43 307 45 43
96 57 288 57 13
240 14 286 27 42
369 1 463 54 142
84 15 434 38 303
19 8 439 46 426
414 7 421 11 13
56 9 235 30 135
56 8 177 56 152
35 34 389 40 288
444 16 466 30 13
112 49 506 52 12
27 22 361 42 226
339 27 344 33 1
232 9 489 27 90
194 32 218 37 19
7 14 54 59 67
221 18 279 56 14
4 19 141 59 22
83 25 257 52 103
127 14 394 35 55
482 26 506 54 9
237 15 274 17 10
39 1 51 51 45
57 19 445 46 72
370 30 407 48 35
45 3 197 40 128
80 8 206 28 58
38 30 171 53 28
45 33 105 50 76
66 42 183 52 87
184 39 264 48 38
247 7 313 31 41
13 29 136 39 37
102 25 225 35 35
41 8 479 36 126
149 24 328 34 54
44 37 506 38 398
291 18 326 44 42
102 30 379 48 59
23 18 506 49 187
289 9 368 28 32
120 48 434 58 205
45 29 80 33 27
198 2 316 10 54
102 35 433 39 113
27 29 228 40 126
64 2 234 16 118
220 40 279 56 20
281 4 429 27 6
111 20 326 35 119
226 34 246 48 17
134 27 141 55 35
12 24 57 47 5
329 18 380 44 49
68 43 408 58 31
298 18 314 52 16
120 33 272 50 12
181 20 414 48 44
208 34 445 42 9
311 11 483 17 127
90 53 313 55 84
204 39 328 53 28
268 42 454 47 133
467 40 501 54 50
354 10 473 18 89
113 22 471 41 131
348 3 401 37 45
98 21 221 33 94
41 2 128 9 42
210 34 335 36 60
172 18 209 42 54
60 42 442 53 273
285 27 379 38 36
9 27 368 49 83
449 19 465 35 22
85 17 311 21 159
69 11 243 33 55
183 23 470 59 245
137 7 451 30 95
132 14 367 38 52
56 7 426 35 159
26 45 181 59 107
247 16 434 36 109
182 1 293 2 107
66 15 293 42 137
276 7 292 42 52
189 3 327 54 100
281 23 375 42 67
140 13 323 54 142
309 27 479 37 55
70 12 477 25 385
182 31 246 55 76
434 23 474 52 21
36 29 420 58 5
357 10 499 38 66
300 33 340 41 31
37 33 311 53 262
234 13 333 24 15
68 29 187 46 100
146 50 405 51 242
95 2 146 19 20
122 41 516 42 272
195 5 200 36 22
65 18 460 55 328
278 45 330 50 44
113 8 400 12 181
310 36 438 55 15
234 20 408 58 115
157 4 478 44 336
210 10 262 21 22
265 8 405 39 13
28 7 424 58 182
36 7 234 18 84
41 22 452 42 420
211 16 473 51 3
23 29 224 52 13
20 11 301 13 93
186 24 321 31 53
220 8 489 51 162
224 51 259 52 22
250 36 284 51 45
79 21 181 42 105
18 13 183 20 118
142 20 316 52 147
162 37 392 45 20
200 34 245 38 13
24 35 224 56 188
31 18 480 19 326
12 23 176 47 5
44 28 388 49 226
221 1 460 22 242
189 22 389 36 211
490 8 502 18 15
221 5 330 43 70
316 26 447 53 40
311 20 451 41 45
167 1 294 22 147
297 50 315 56 3
231 13 254 46 14
87 52 262 59 14
149 15 310 20 134
120 41 202 54 4
223 2 525 14 75
96 29 433 49 315
28 11 109 21 13
195 51 277 57 84
165 11 177 37 14
57 46 466 52 126
98 29 422 39 70
20 17 418 54 416
51 37 453 47 338
134 32 150 45 27
83 4 222 45 4
66 26 132 55 58
254 5 353 16 65
29 51 424 58 240
120 11 359 51 13
318 13 455 29 56
93 4 473 19 111
297 6 392 43 112
11 15 366 59 173
279 43 401 48 75
153 6 374 25 212
29 32 76 40 1
112 5 260 25 13
408 15 442 16 14
59 4 223 15 44
121 10 373 55 65
22 17 282 50 151
114 9 137 30 6
109 1 485 54 100
16 36 207 37 34
31 17 36 56 37
395 13 395 56 41
61 22 447 39 209
291 35 306 46 16
146 21 412 32 204
235 21 321 38 12
214 10 342 14 101
177 23 373 49 214
370 11 446 14 76
129 51 311 56 100
137 2 482 31 74
176 50 265 59 8
57 14 249 30 103
26 2 45 31 17
17 34 476 35 73
187 46 487 56 147
4 21 6 25 5
121 2 360 35 225
195 29 273 30 55
467 32 512 58 46
36 24 348 45 301
183 10 288 36 44
76 33 104 46 25
78 4 502 50 455
123 15 144 55 21
498 38 499 51 6
56 12 436 26 301
56 32 248 44 57
92 13 341 28 169
274 18 405 47 64
8 24 380 35 220
403 45 427 55 17
348 23 500 42 71
83 51 391 54 288
198 50 440 54 66
138 1 165 42 19
185 19 357 43 89
132 41 194 43 12
398 14 522 21 3
477 17 482 23 9
22 33 121 39 74
9 10 495 24 331
161 35 212 55 35
250 41 353 53 65
186 1 295 26 49
183 33 501 46 266
41 29 374 34 213
21 1 104 28 93
308 46 429 57 92
184 37 372 46 118
169 44 484 55 11
100 9 128 27 28
85 19 125 55 31
390 8 462 27 45
364 19 407 33 54
301 14 366 28 9
349 2 465 23 6
16 40 520 48 225
194 5 223 50 34
313 6 357 15 14
471 20 517 32 55
179 11 320 41 128
7 23 430 33 202
234 27 334 31 9
2 44 408 54 139
356 25 481 37 30
109 29 431 30 244
119 7 482 23 367
103 41 156 44 15
99 6 492 11 66
5 13 513 43 182
119 3 402 11 31
403 3 458 50 43
459 11 489 57 27
72 16 377 30 289
105 6 177 49 91
131 22 380 51 111
282 17 509 36 232
386 10 441 38 68
243 23 387 44 110
121 2 451 27 266
269 8 504 18 231
79 19 342 50 289
104 9 133 36 24
88 9 358 38 36
20 27 499 33 203
114 32 397 36 72
279 40 326 49 45
371 37 377 44 1
265 2 455 31 128
118 38 492 45 225
34 22 238 42 151
212 5 238 46 2
426 44 517 51 53
338 26 396 26 59
142 36 502 49 294
350 13 383 35 6
289 10 412 21 4
51 29 209 32 132
21 2 51 17 7
148 15 413 34 241
73 10 202 29 74
206 1 434 38 14
2 28 300 35 218
133 49 160 52 3
104 19 431 39 115
514 13 515 19 8
54 20 304 56 268
184 33 501 44 267
297 21 447 26 152
80 23 182 38 77
