96
466176
794673
9527
490694
849944
289579
381189
438967
597369
160069
197832
104366
917492
597467
2322
595051
451122
822613
296033
937410
923843
934057
371363
773068
176377
476184
203602
746291
591007
324665
629361
289049
777694
279018
670881
304529
336636
295877
281021
839397
947696
716717
5540
982510
470164
612863
818610
635924
551605
884199
424309
726139
146083
618753
208117
210872
974872
308094
525670
705751
113791
205572
118580
501398
145570
520007
18265
510096
318509
909369
400125
835788
960100
476485
770099
98924
533801
240086
192218
836661
652566
924981
816397
475713
407356
227330
186398
77144
960067
341723
556620
849622
874434
547949
637390
249401
