90
72601
941884
936014
803543
962857
133069
56371
819699
904053
947802
687493
464489
642266
249931
559332
34723
191114
866889
221876
770703
927208
236928
917805
953272
387613
526083
524655
578268
936394
444073
294077
452069
265974
783567
723319
354580
861369
156573
462332
917450
692713
570056
550451
60009
760790
807718
624324
631293
746821
631845
723122
535600
588668
642294
598260
981638
475736
74020
882806
691728
172614
499196
977673
494691
471587
197480
347744
267705
184826
739113
217061
868426
60268
793107
468702
841357
80687
113643
326578
560904
267838
850213
811379
102174
928095
702495
380852
206876
736050
315255
