981
606222128141901083
863130964855584590
196778091117092537
550743763033863609
293917912636668328
509898160599729826
1028321402139010
246251549828314366
167203545131688739
941076455863333596
312140770760664666
275896817568001949
716170393873655951
700274204562120785
548527678711294125
399810491298142212
894705251931827144
986005997000747605
258010981102180976
940339851225101991
216534208600485042
250742262479601609
540430461749118074
95401376414177211
332805624630282226
245573643518264834
439107318545647193
168995825776539097
909563555200698141
456285880133911295
48115359863361256
648745908623245428
652709215382732647
376527594376384473
634118579263567041
468753955174088831
909183255326339570
884208673496673103
912294100998861506
945679262637420709
944859058703043201
705610524419800660
149999137705973911
373631767147836452
460688507217642428
879800817042879088
32278333523370777
55054863245817601
591022644628748869
667136096356439796
117097955204182186
664705825242261793
110747201371210292
223855310993785640
669418171679651443
423709107993751635
406249571430919330
528949855363423569
259212562717248020
318379860995880754
836915869393297083
161710699454512769
63026719274120235
920285911549152508
776016394180128601
334376150640829617
795073019518304018
788504085905059434
800978323731773158
428660844438879135
844667406102352178
999387904144611817
925644772612036836
379460535640677668
990060091965259334
480433327255625692
490201901504323681
303420216373387893
71803145270586002
369511687964953624
933983873568635430
195074705890500220
203239303158053375
324882167326345025
876172187820581043
376082898230143720
873426878891542838
598743767602847114
825534793132644062
221340421965317051
374103238237733352
692788976665623058
965973930541019252
890246802026225762
784530591857004426
275056885651277230
315071905646484620
671676512879097399
419491866011113221
938177374749820818
161635352851298867
370260596660250428
774452513881701260
94376145398336911
846524790131484366
750089866304663148
824970802443166443
261029260703339723
757151376650330276
175106045283803182
722192684979118597
89685322335243326
576660535974899055
334152580854638851
911972686251698549
730377811327107341
371832861546353852
355390744690789360
662206351812371763
785396707563660922
310262834271698190
355050232529651922
362894397908274149
704225990616758173
824355154480199109
694190978550034074
755735869279488021
146537662448904785
189239126956418476
78522672257808743
417248958872817416
813823681357216955
567068610222196448
158311778099769725
300059795669159119
271962598347257196
923218495340431467
137034784439072711
233389041910900377
108205027776450515
463795525771865831
589585938068285522
973022637957655220
456831493025099510
160507007876226772
186607756726634705
604896723880972492
560756313954835390
428545985355353378
729607736531559064
178046490243735852
992054593233188182
483518325572350905
229790928636548146
449605244662515160
186927062861037927
482959823058037806
28463698550301889
891281881645943337
207562260546485166
927914460920402385
748307239225644952
115868693842419056
183903636608342102
234740150737569271
437007947390152927
276417293323862846
810641723889914507
843160509103727801
854011290567390209
996323336564626999
697499603089651472
734819064630863165
942847781978604583
339486651105316411
497550775869776021
548520780058128983
636487774694355129
61390611812213032
852382876836224115
760957541561831678
421232382081986033
768430471272855860
971835404937646809
510131260740839121
343413250257895237
598078638213922679
679454067782277015
559534964997254785
351610021206322681
378289665022395009
891873304012729469
422901891171423368
21578671546215748
687815217466985487
79040920897507978
637132731955999493
637823622795637246
548285989899776331
172602199507942936
442334933350292176
215416335179429638
838081690306540146
713588387075223624
743935009453117473
570595577854549565
405585956486915868
262661956757901843
64498240058221654
184641404305945029
99707171267774854
180292266624404163
45739117141275605
721777041460368471
271265091264541020
378398040871582373
474556978312443012
215576303834773967
9740013961370606
633020177801223505
373269019244001371
416513109181450675
114132176701210852
360080995771115084
646635201825265593
94609826322428320
983898599655113370
65317115156430207
98103197388782111
514077665246160350
786896836409607352
425994987036788142
495515444881093760
831047205844905449
464685004321612971
675563358622401300
936274955382908896
364215360443218127
491292520260455466
783537950324479412
413930844667719621
648404837736853395
994882686555427883
412582325681264277
513480885322658974
36172321808716975
192630825422733753
75318146091570298
963973114299607800
991498103987384090
855152272081206143
652578585866645928
8043207377483297
114202833105307902
491294946744306212
177043136415648070
208276137773559485
203634390288210530
776111668343267855
993522735370976918
564809849934377607
358566828545764673
83244891882537552
760257557994937397
559050820659551507
929026031026327271
342967688853455360
433724924294340675
583879894903964199
725568314290135165
438529611773801163
516429787638426924
438830153585968727
165861095292290989
631608212880018256
276469610772476373
913135046165186436
283230305521224931
406789653133411438
712021426918825285
370952764322251266
870699158484123184
933662810056861864
418186472234232181
361043106757315801
999715739338048361
481587832052274808
374304710410714800
554678897452073858
76238605366171930
768628970064984675
409477054325939444
476940261156370192
790499659518435969
736764480291854867
807407458703612886
527724406293531637
131451270448644814
893154978316883683
403754294572539219
894463316651403906
453411709804637135
679460748772173376
50593244027459090
69923584784729970
545841188417578564
464870359755045957
425510820590898199
131996460863408222
504414039586401395
689698008860688948
550234480104440089
905015860422526029
103179656900929711
793988270764254961
531462586885547281
51795073615572503
500703687600677314
911624491187460994
216772693153178307
310042220318564625
807536688308875141
874275110499146633
248139076116865091
249351683768004438
136886881307080536
734269246557200346
425726640345297740
174417100560265870
278702948319812234
25238702819850980
451062031894659056
89021308841747991
588335283452742409
69332149373197632
73853806769209097
406181699114615253
958028554301683124
201972819968463916
976924774857421482
281739868565612159
983289383885482741
991123941719028224
705091343259260593
771927167597929533
653991514427863865
728426594918837950
566027002761118524
505351225346686727
435186077137655153
131823944908295311
652439948380430641
349695742338975054
623580076703165837
388502092609877057
251086856678833323
468550784036673118
905089641214410001
201182178164435899
619427490723357602
729430072254431456
223975995128001401
359294867613378697
507883015485856828
647507391124180340
373784924649837239
102960454551500399
440980470141195133
645453049317790471
612425271024609767
298846288164310474
565650726805975430
27392986697381753
108934436987574139
54972520961029641
653675551511579741
127466508455582728
236632604532587537
258361278960227411
261463071455856186
923288234314714076
884823763136192177
817400625761939445
206188488203844659
222168365655303295
322112520175258485
992365587821017292
863906211819082359
37403196735137367
434922936200926709
250609838782350323
328226690209568034
451103639753433397
944239842382116302
725070187976037398
552778996021314690
225743664943617241
510310535115884829
25335370220615697
64053120559793564
988070107422551368
152537790262371084
578799708786025816
145067513483974361
955871963469424518
202153934978936901
572567424814061200
760341413354013260
780124384153685501
793376499453962101
196881638905734124
4681912083142731
200346486799915230
512978437743658441
783161598443234783
743016234182412301
430567181463072481
897282675051112826
612259486838733167
262425572513668071
49987787067255180
563464885709867069
49673427530037970
957296170054345231
445919038017045461
548486800801792465
835796649454934479
544789225888735987
712428569140364420
244218246693066869
239572064077925473
214603886231323071
191136386003631328
150990488263260020
60940651660006686
832865902590984426
461897547143777523
981048856734067093
559948905471184335
315386739752655549
405836153209866321
300930854500282788
879587461922528720
38293328665123248
827728969573352525
928383075877767925
844445900632939679
952617842495851260
354324993327454393
674350284315197908
261570592922755179
666762671578344752
742141267663254596
754170774528667173
854902432073131660
520775672670498975
530979886103052014
188230253495261112
953719911472658923
279548606156385743
556811056736968379
378988197517965567
49318310647620001
336409859124327951
148369694258337799
125699655191206232
119693437538466149
989702800540840966
686519305109667838
901482024223243684
594270654364996622
443172933591873021
834838666444831046
552054897134505186
41468985970603573
421563762800506525
985382997729683553
237795212705025132
111115549795296359
693064417220759365
146907043185731137
80119305896743115
71316078106404354
844354030647969952
747845778617802414
531830055988191219
896378826669708650
421012152165257495
838732300332189388
40125372222185430
191354440628446379
891481151021992802
72323866627157953
592535309301312261
600492724950982148
143431920828888800
212184107271595773
851542074768618745
396904349869476948
497186645935337560
421250493038938846
909898580228016834
802783821093167509
762832151461379142
761230229206803229
19647944736771942
659397558359875423
956985008260950876
716752834823072613
681121190731700865
906924969940952964
863698342583555371
45872520973449153
836074225092794529
520112161187928172
929175797711817836
874483205761550095
116854601113139169
24816754136362393
203758367788826559
737876420253636020
274897398496209498
788697934879995472
885208516403863522
822687849301824466
177173347118723769
341889720640345059
597549370919389291
938475138777534982
871354789445898383
115953310576940100
214497201128293421
541418063672968659
288965825117567262
604408044146648205
14585236256796115
535001483668886039
356564744435342203
547203473138850197
209662312008059434
749607665253767565
359359743890908004
5081867960238120
807243120521056483
105639351171626346
563871264284113301
629753511995715562
313087267942621917
747536712354527154
25177624801693239
537276609199619958
65958509955426501
613376903727994324
204904328367820173
26172514189308196
355941293955617677
867115135548507432
75073519961317468
918836111092379500
958417063812320490
467131830003923819
195917687829147245
945777377944220005
644684913239469001
521983590912706343
351963555804934907
76681055632124752
662018736502437605
36537238789280371
318134068498835802
150084948535121159
268941133744576847
388992080739648807
587924068609476449
159302721910627493
677523986644477108
225743551178609038
143416603043682784
806867910004831418
629993626032437292
761135389736120013
90855902811119408
329418911391217446
435656471198320253
941967962475183997
971263002617893296
7013310043775316
739085342453332141
87983317418115085
336426376092281404
798737946572796636
362537642715969696
325252029128245082
543499491633660606
150040463169054718
789953125901515103
152695411385050904
783249739774043808
649248025588656140
130088890706611143
856961355803578996
873660119396739911
187767598805932553
156109253126316797
173112085772715109
789527367825119920
174431708304829226
453263779964812517
165406168111576157
483299514422959558
650181712831808807
482247511386559648
994209582709322404
901026814611701519
886160335739673849
984955680889857817
800710085941403359
866702143098857719
394919341903452979
759179388608700285
164584863478193337
553562811895469193
989446763476365951
378292897662068682
302480285013057051
534666150707596240
722610612643080777
419295017091006774
665595577697693664
507941165939527239
305869196895134465
689200813413534385
70510989727360897
730715613882647758
527593390554099069
377971630140340620
129307091192509840
49182196203318261
257721823905658278
183478653163333147
267184616730149264
627232561511027051
813125805898959983
549349466076235122
983452443698055182
44985426151315161
330809091221824077
847398109549808557
478244264976445171
344443265846659133
842371225854961519
367197653938509199
63468839674499734
973329945520872626
419165080707258355
320140830475365848
982205934749750159
721625741566812100
750576939944619062
879246876418485372
81526412034093020
819007781059432023
204050148203015752
454977297745857437
470975298695707411
168084421272687846
902536222451761739
871465364188759901
101091506290224406
452791180355796853
493320869269408190
21545096261920734
527390513371510651
629790601458124915
27476800791215608
666942403639216132
634486820352680957
914258026452290578
966077337770734300
517285385244191024
848272111432354417
512236692396270990
488017464035175249
681278645672450962
976987018200143639
834042360116185379
501187574940603657
158122501460048031
819936284390980358
516485204250556066
98439533273953963
453165310848936345
154734956040864957
846666894572846043
659966057065947822
160106686981352948
499772790342467748
898293831727899923
29910202076211085
68993052133017590
787006144281491321
513111218801727925
16304260459007083
946224523971047718
531213996378270974
918197009799047295
403308842838972329
765603279534118110
297230261978782253
906557729459446886
547259983055458082
367281111477275797
665113779003130877
52566513372790455
250559797062473990
575197779988945869
810059262562137059
338214169081142267
818216636067513019
342922303778384348
815388535235018197
708398444709970402
379125164547280406
475779010178083784
629393841823142518
581736073747533890
699206991242236513
319961278923270411
58630082575756858
604017913188536520
598561625987368453
821601145444172181
323702807291505803
347467310790593970
475390526291199542
148282361885986928
492535965174555763
15424341821352342
556116035041489181
824794762377444571
521524832432322072
329994205184820906
388508260608002131
28199157386494808
587531515649712603
180620339570549309
772934368767501916
199630105772235883
536978465174106015
526752995124630542
236986498861916300
754456696446337039
575811913652858968
290308363351126946
996405212812266418
659251335525287517
905589123230758562
166292322580813474
634417389710004834
347410969093543407
623763637542952787
418933763947130276
817282190397074850
15594118064833092
358002033020985293
715761108570855022
808178386093260146
28656409158483075
136740007275693725
265507760071320695
327233725735168267
119152115600648646
193570316776850932
771641213900550570
889585557802457528
195236144506233265
104709487494811175
503539841856886920
610632213268292862
246547642719947495
375549519946804287
221080784129732839
43714187956233100
90444079730902599
29530089364229817
689178916461208023
31268513379513864
881835512145597149
797797343752615026
858413240949587820
802701196533835039
587642507159716834
921006900222104855
504703422372520701
301222715491959512
49713340157474017
723571040054222582
88976830936809567
315580224845976641
964269526091541343
339257834779055857
730313007050119777
954815293680733691
894240392278552609
136527614791938499
213909338911326696
70081093942640033
726489890387190291
877933142015751047
777149605881084549
583918780325082258
95688785555717112
70060324815441609
637851240389545262
817181909405484313
527135799678186161
690312560266341783
50159421682544322
205799282477903378
17694910618634579
593343748709092026
739326550507612820
591202448589162824
1507999765139332
619427375626132524
732204784599537870
982034298690636312
815449534997366282
718540782587971001
100913197172606714
159393239800832990
424395959466645340
508174190934610812
267797398654820498
141156446171106939
383559632453864975
809674910670495806
809805254357236590
681150179129580758
322885560392781142
368709350602197015
692665314925809225
30399233188749141
18454652595066276
180865637278808302
374460723906571366
890190510535967977
881321314853216976
885724230184554065
469905699489732861
705557866239328587
995653174925064868
122992635970217461
907146996542266642
743619457340410781
868895330862202009
103067492449953649
136371706752590868
60117169285343693
465001696026863259
635959378110330741
451229006238822278
469600010748705128
605330641850543316
734546225774635158
232310464494338923
723873704165264932
997994416846792756
282583406089886145
293993665110073029
330218901771784797
56995621271935217
914007785111606496
545875699254598684
188032892109560716
106822591240632594
435131304359084851
789499374934227463
175537207746938077
272849714305502929
844636970912713167
662604259641561994
456402082556356495
885023617559406894
366746486016887883
155787830927075000
197245055439314320
867724068792580713
346919940325714705
502794054390005560
34681920065678316
279929658578143908
273837956852093427
492521960179930279
649447818855618070
294688108762517660
303146867951311129
474137196647656616
112178495079196632
354912033784460587
613797109527931318
457805112784453453
829137652981466701
58447954920513178
752611432198359850
684180259835947001
15166394270877576
331174204875059521
428113089364261929
27858967420459229
690232506467353972
875185215140676574
853778853004742246
549793770439068301
162161925599571927
858916465909843075
158779360325720991
731908145956005856
230285918138143215
768272709825639871
254651620379630257
577907959634742794
324698974372077743
893455872787843946
11412615173556590
443665125636329347
395687815691323115
294532951854715828
377849124391034325
101712200203624318
85236462361008612
876907708628041692
132002732896557696
750191601056698984
611869583198356906
767035392159074493
384533108592687905
295276462744275074
659742077950299068
282246437412955935
986415027809808454
832768134738958727
454203238161316426
625050661930417157
835595426179715328
632772515948287189
801363120729472157
926342743173829629
412757901593391917
605395041083644481
672909554212040180
127989290956628046
444967948830482722
248088631902182896
451686771471299608
869640379502124013
418744090422211943
989508590494991306
131263357512331139
658715958999054841
107390116291662385
409915750427380612
889452289999546394
919206234695254915
633572994618087503
870091757726958364
754260194909024577
126564213386660418
841447502008227546
91823178570420515
925837652748749798
880581449100188733
315193434030514240
564479116901006097
701661677890355892
712405238021693135
785034164799260027
461197465775890783
107046873332762863
753184822442847392
326338086617891922
