1000
275333561616511961
238460665971982241
623961820601789865
813114751847123333
477178889855528303
607309061154800059
850941521668447465
132412906813172722
495714086095103276
787909667648252538
563657893163184978
174628729749323245
20486666654354558
160970507670454057
23742762226616350
541311770166793572
580064945709078568
554103941143088285
806717160271901721
563582214662364330
986375058336604629
968604144258508778
865843815239705269
355226732101139122
602781721562488943
478172226491941909
629762469856883878
372002405241479620
420701658326946833
475492754529552721
258721297957842667
371681603748471448
868602145262640209
388931956133795199
846931459680021336
119931326095706336
949424139148384995
442450030570160327
321306294078065955
600288211416841666
637408421330437
599718643263958496
490660569476255554
898633349570290777
788192205130323681
590951498268487431
437110247016583721
291521498295437579
305789400346940289
924318026702411947
640228700915001793
836300167225705696
94816330024203158
561478228356664725
42303850162760451
787823986985880608
308400281455909850
737078160304795938
303768594996368864
624551278672397186
541100138851018758
24684117367873255
739147834039699137
354315722643299644
590775989231908281
690070990833042797
839739123085300447
784356043713727396
262178692133682842
325134920191186556
758722834556087058
871812445267746211
608958755900348188
210272617006367151
654243325032130060
8076177363465516
821622219693406956
665764866744743156
183713480123009783
145024554596283847
541832427909573458
488861780037623071
218328130031714294
965968135909611300
193132803425667044
68934908273150014
920767120232083111
828731676572048761
81506420079754977
271497390024671820
145043325366832768
388732678987172345
838322644391710611
156220810278146947
687604881710926748
407018002484611972
572532750862704915
692546565241248425
301559245620258121
50189132321484202
875536407219979079
172711734920276562
865612311128756355
479748085513420911
809506039877938906
472242954425294818
436292818412169347
383979840116281119
283981827310481158
442597789826624926
746294934100120417
958421481332006078
430357854688964773
909235671621882860
721716345468685846
179962759979395074
26497051287406808
895538138842286509
144363960217668723
804283242156500344
524983761067286736
231800430970798277
269794091379772811
521550290375624208
306762068659205681
3174024193993395
584436652658606627
468535074328691069
967634967118604671
232608108023212293
364906527163756351
372646918673205964
371496839363208906
230879276023812580
549587847661068939
409653261690385105
829491526134195720
609539079958524039
315211094152406252
6119564061730513
687870047095025567
491732282982704575
221163304012913899
200331514372882112
527300104147544312
702551373901968494
291448261685081950
433748557887405583
552874127293852892
282921090481075209
402612821925478340
82015902142089184
140329022183821861
824064115998775577
701046802653902539
518729012784712118
333397950515924475
375247998935949753
725889358947653348
168002660551884785
853954551953836195
66799532497287196
158174164608832151
114266346376063030
448232641764081585
315970537427597581
876192156772136766
568192133178541071
220082799779603144
895729975064819289
247618383536231773
558117363690397498
828624558860859379
321407146813559171
855977984902942508
162340592964373105
687546935509185587
253479887920062454
53672195915483402
265283111435073965
346576536179663351
548090525878060493
773261693465051175
161462741084703655
97515135746104895
964753023881658561
360390901256931267
346173784464701998
356630396312244219
776467735467563763
635671376055362894
912830816471946707
432778979691165414
373773887676145373
38589287730664011
412823518033912638
775447374268547990
770055658245750109
513007122550898796
410620639733214365
469488402253843746
320751160855864746
507731104842644818
501277934136362004
426678107303779683
966468033362601739
588740700073211295
248789495277419952
404129348007739482
916662962265165857
61031360459145780
70341826498224840
420241797493804374
476877675573117620
118689023910847342
645826429171128165
140887633410891265
833953239447892142
135031429946741144
50155604596715509
300069055997659329
219576529438923118
312331972812283767
581211543317056497
498686862303976928
683492055232748464
330165229178909404
171114062932025348
683919022492243492
970351312910605962
873472653221645690
305385538208649565
989542087931777769
22639183198463163
647033217617336524
968470752574705105
285457545750422128
241174066537311984
99248547448439937
537374883302765223
621706320930821731
637217084284820609
399079055036984568
6882407760329442
934296297277642358
33650323677362664
473486779853068218
991283433488948719
766174548734273722
955049185635114776
305305449431784470
538269399252484613
898037662236853322
472824444407103514
980595856508360078
236257786843825331
612244733215248798
499037500765099941
544907724261514303
785812313331908939
525745529186160446
448675882636132714
631200757097981853
248580387978614672
827794151438992909
389066585618819767
632429844982012592
240013514809097731
829129584011186155
615770755424861412
561419104007990986
813795407795061880
806960289768329275
699538492085667829
429861575357489124
85323332016857775
643565579218960432
659052746890605296
652908270787381567
187845708291236504
960038199105138071
735960279301616565
288185600960372511
327265762503391503
740762018012121898
256539701905009244
137392721118283364
816597538182036177
201123008399488096
422295690733227276
863664587174210152
8339047248696563
191059710545836655
898051643152317129
135914652554296195
571921529885588469
672669886603305286
786361287817259594
909938088618716882
87298237065230684
288568011292607705
277083019446562418
11045187334569691
246433400693655067
746075370635633621
404097989525119711
188924147932905968
819115163017449767
708926220248496078
836601847408416880
984690057639524519
222109336958696397
442538707879806987
83395248432861598
357848720753830533
70694878739718765
652514567419855838
135004188071781681
800046002668129360
744902597594827452
275962652476814634
25624966967623814
454731463875692709
380368883768850554
54155876867843306
600395799466422859
255025112319541364
322119865434912726
99560823417328550
875900214151505629
247771118528142230
985570897207127534
391121116771078674
383809996003395253
660918667248108311
854531364400909143
570455333482023242
796499050438667045
439921667331884014
481514522398135963
220795112610898351
619420166612350095
741790663348654932
298259090542865588
983983492010624274
99900321330577698
56838594366816113
708257803521563538
118922038454713184
90302488145841470
520820025387313573
180702156366946452
950973836261171507
730465323551981027
291288582934918447
906939650176142119
878333118621511692
868912730537209186
107744082183128495
366881047886052614
494419984436336935
83130393621973409
627027703854760314
704839814958427380
144250489663115199
116471375463993565
885540605464253024
373075113291524389
330963131790594996
49481976794065385
137275981101817825
241501050768566219
277291046723178461
988386590224886495
271606289787399651
428147807425822071
78553681479881932
954869582283090304
382130931678783778
713763156510236602
795554530751400712
5199536766293961
737207754960417704
424840449357821353
86924226870660029
665242171062857837
71501673551768406
593517263307632170
437519202988011328
744940377734472804
583463532407818931
594511050121891571
245561204193087973
326917100606750669
205040873307703712
122861379728378913
356749472578729464
891139419728334533
169561901963470396
390045717890851966
310127257739689229
389851179969020914
597213091160305573
97917002038393502
656726552746596247
548036164224715104
207845415749539461
851509304521344498
983072931301887714
121227236816057908
978779500045891597
192710707403959316
810013743833905570
978572181596802343
939526049838814736
691381769331574613
952781247481059929
865117189631330505
689777123312800598
901396406152727345
173482784304435163
16997020298338847
542329352663611483
412733557675433177
213844157344920521
480802676331423546
70867777919965594
851440942478760908
231439991591702306
340850570472265591
669316413254650920
962837645534142484
23839635712894135
846350396125772887
127512533037053203
149989232049355176
479903914598602149
132637416472764267
172761052045632447
102318030135045613
167165013033677378
350579396221752751
830255327149413218
334990261754094804
628677477811871837
780129353318682471
8834846610276836
340631845941009783
785056269089045056
813940724489631233
844464424571083882
302767065170735953
329034501080285849
34674124255354007
804832302434502602
495033312784217264
580031073900409079
150200812880081984
478644958847826699
392748731587205404
299027144780645509
298123978419560631
588598691671765495
438632187047884307
84722441715848250
217375042375350982
338783514508423021
933696464674380121
416063147936491923
291048155129097414
603183980253756961
929115522030975358
568608063014948109
699328490567973681
536944342198180973
518884301013819532
375514120325178120
77791702142926176
876832486408105453
239315185493633492
238239178651256926
262351315258224703
410109545608219660
222063420088134480
320471315975773930
757606077385111539
894855824366621113
694616280370617387
463237888575568487
461568060131600693
326966516301105448
764779866162963742
41428092133505325
285544044376072024
610448669417127534
140029435114774228
163441100108489904
204595972894674173
631418053581308391
273218957330697831
512884477114873817
216447820893401187
35071070701578455
319989046716846570
169784781063908812
19940299780066812
182711504024294846
410273728813450978
667013612158815781
176124114149988611
839971973460178176
320232149517695688
18585191635164062
971669745929109975
28843982040041806
936139421154831244
621299587920786061
186153930989089935
796767724402884142
460819631148277758
243036687840897358
523702000922026360
753037971045791373
232606093975724681
564147114077506770
416122253021296521
608018582242368765
28426868667365227
987606973552657695
971269771013225207
455521617079290526
458884895763818327
146345025932171237
879017342124458418
9238494114110262
146449984237680656
148808703552753348
225099031151504325
683923896862932149
745132299833958923
592554191845642255
569295552504790609
496899221990206744
304439844599223427
918889390031581258
61711481034243202
964271168449000649
801298933580813026
254695140549906771
544806463321925572
136580976049957926
819307406560122647
4648175336883828
858303695437910541
348562153415507664
702040838667111181
589621808255052605
565267148604199776
176039094923043494
778100741202610
50153263164049841
713938757879709215
55843173332202837
282194271296528354
359156870424269505
903669023336515930
972163973617085328
284700261321089127
776605590666529080
587099323081942009
19154387211851195
250513355024368615
632291388314410941
691166425678325749
129051858678810498
2928595968297031
871313715222508933
437615960988473560
408432849024737844
640146469536386137
331346817587897016
655775708988674117
967232893219745117
484431844374720565
483983812569622754
904327450766614132
243033087586114364
93930924249192912
965057975586322823
249839093974588590
374192499535762239
110089747158190445
512028878475562669
757386182332795349
155616124430359705
149443285388987417
133317573990111039
302819655843912910
540986378107909278
129692525980036686
18484261451599785
313288579623552302
686690512217141826
7270075472469058
194011849007351173
719979309182214668
395406143269292677
967448623169872842
411876339052564481
629063980099679668
31563220422665872
684638716980272659
614749676207596255
327862149810264845
298810522213570119
518044266487368449
517595406105193789
493318522178527375
158571821984586635
264492254133017162
491591508566334987
56409584573977608
264513340843975051
998712079133231674
958492497186770095
430551420943606044
92042737331050701
842519482995763811
773561813244469790
960212501355997919
670153206681354070
196225935618368233
376134515730534418
586188908493703732
534751975215722778
727699317082943229
156707241029098338
397137021184171079
2592810397622422
183805234766782845
471115555242826924
36722555654490407
14974417643616534
192536603699586358
79054373568076471
809378184750247982
28955532839030146
415189597707256248
273761831957978886
788364524325518477
126263624958521490
846464098296307063
493380516794958406
913643605633384380
895764576807852431
350088705094319256
562685976163710176
880865265926253598
196049685038451356
979295206447757138
862108392413637482
446646333528822117
382370072848404845
198811460896570979
820551920148456254
272086307450721021
747031833819117977
324508754930920870
475247549867814603
465874449132241101
492022206114850079
809246975639386764
438787569539015262
123658035218300781
321365817637347595
641831561878495887
179413142335479900
937495279610443492
880140029882405326
227887867112041935
731732905552265689
575176988227098367
842327739329209806
920591269215733614
241679583421766954
563279901868399063
457727396987637741
239870428076215339
870623070097782884
345470492432407670
375605011126433791
321503133180904156
16940703154785715
860208028632185110
504543727894137147
924896542598696160
112255251464212998
540533625609658854
203790758993040103
823305004204386998
269348663244187981
911977305953548906
831401426608460301
608004051610635929
540012895322514217
856846275660891174
836928843301703068
812850755644466791
892531292531602543
98409526694852746
23966260353643246
99581891581359396
437005438046627982
408567572622188405
212376079574902280
17209154035125138
950746756363629051
904239075155300405
147221014940272258
346201917427112269
372146808723409450
350105955514727496
89606131026159163
903442246430724927
932784775082093569
545820089242639273
830216034435787193
872307393116754977
112854413246808150
438229103551316352
64324109850597069
621690752415366782
904898176488247404
794831658721673966
265718781377267700
305126965616901297
470379499574892338
514368927214039990
835000248487019006
271598498606815909
758628810064058671
706208890584386453
951481003624075338
767589353720824831
737533173967815360
528107769093967884
812667739024981043
347744554928758503
431436421445238258
894357196252098165
730427695646729719
758541231724449380
892036721721815759
65468436547795520
303662540457604887
146938684971126518
479531886622223349
713762638473511829
163228933201634559
607374892886404901
537069235101141294
824610148021581796
16378476254980955
35104447418050001
750796069908925365
785292501847484481
261998463143473334
685713068627064032
139870186472503551
84242069955468785
778661328313291499
801439463219263910
138696512533625591
584720798478257400
958540959211761570
721318233533926766
867530426437007008
946508265613857413
53256050882579189
243774865191628277
888467616875859622
20833101293878658
869745386438933916
498902550458716130
782545511641490863
415390311441808131
701884199746530267
106717950340617060
811954623945000712
302493157237287639
440891048346095534
765251294316212362
151521941382491404
996651732952763404
753850231769053536
758611307268184553
784874421550140321
785711541043338061
599058434467719711
558079262773273858
926269995417912519
556774311405748112
729056060051091039
447090211688123589
164695573291796258
945505127904970346
152004865054478464
504579235811986464
81895258892010572
504876082088506027
85683788920895764
375026503655445603
977019667934388104
105157669896340195
697080103204688793
27279832921223147
503505321274780718
753258932685267906
294344261690294485
793909519056947838
141049158531369506
435287291826128580
760019113838239608
487649211803533258
697132930755552341
908889506301588099
497265430379351147
318718891286791172
980686122735427412
51318438757615960
763245249732736883
401049140590877262
968410451709851092
890356092015696846
982864283571876782
719770003312859441
532255804241665269
993217846084766496
165555574497899016
791209173649552192
849771055428669702
13594324933464510
258986097125114324
773552469020066170
101734783519639015
177197296895055324
740438661257823511
749046885450810821
904188853387542418
352610395486263755
673352636591420229
503350737651382912
948649322300063890
637395605097025951
576851416769782314
212104545883588681
720993689963269771
550141627283223472
703226809719675750
160979952344815654
384448731159064979
677991926288144369
473561500114570071
884460255109101031
712112410276799500
220760775120832560
9383678573900198
362200007697372253
695953115236973969
719546218174498849
887953768408508938
748881442846124288
659698979847186034
897958534235800688
307930997937542396
145901118571205547
995065826466462051
624763155250847915
674632474240114958
532701548250306122
857126048701193830
283708826704285134
159604170119311710
340661913145068941
122511532784704347
896579505514337505
348690315611519537
492908482526272862
263072775448386685
198092786617526089
205202944965366091
928214229670817095
515872004796779222
574082459495819107
556740552803846808
155031062566953760
700184806077124276
501477970530556685
704902852498243714
826841199517627234
290211903163389526
545905369641408516
81835958543538850
228013056727752121
259389422519703604
729702559831100557
961561534150344191
639381136255644050
228652182494044080
613133542487817178
784610860821047271
446588183297571464
72209111910392685
259841011359425670
686241996175642625
304387171699451121
280572705787580913
944670394281560373
340548692171093828
666251210581683778
121157261405878279
306769575364420841
212265094802476036
52992818104887737
816496677703034723
591227367781611946
396213000633149141
85832285349014202
607050169797388020
229384435252062965
206342012771045578
317786009633515370
204900590852048783
816920498664769049
829054028707801088
960502871622713117
38144748415851612
515469140606007051
511645113573565504
374207345240595156
358664574844794701
419811214202500243
345314899642141021
408766727775078863
724878118734092720
78657744252791025
596077673676713395
226878508573591546
98209202103392930
848456009644490852
935707467300206269
745042760343499888
456804430842941851
528640892683568528
309379381956946835
548761297738815509
133626991728312535
450744547317815336
577975461778650447
638894288312727533
103935298683998214
872770881211984685
576921649275515304
573867361682271674
347912783106030725
730869222005337010
231886031763357552
941522305551633513
190532909187311138
698526961324713262
792259719528286448
53918027502715054
775415521902981651
553500578325891753
528658938971400525
135480411526052955
576799001023992396
934957989035456927
440779551117001188
24911728926628524
772497881771318704
858743314633967081
165420729152933172
925476602821110373
336788469335141507
543372714300136759
442806620523082163
318012844075139196
193941122327418379
969454137466129224
577315896950804486
526865484478159139
31611707729307390
424663400636619897
546626950903607194
642941088847111799
708677364281185276
499329024541160488
121279236016457454
967289641830305480
