5215
275379488118685450
13902480185943237
90938615434000415
502715360006223913
396155529138771592
435364051315690654
195516069109217106
69486823754396691
730646463326496791
303586135956126555
789735217330099521
134345732899168392
614564917787876475
721852440846266449
339779993814958370
361505790232329486
995494020564031324
388276786616146016
692061452515674922
153256308604602096
727599597229911508
90908754226778213
928588978924554163
71098588339771083
869553107641789362
233411646799782358
927855064220846526
814328600338667943
321157872306333378
41408620337581380
479830182254342806
703640493658979997
714646828586097522
395640050059761547
470332659904688039
433647522568733006
279707929569655727
385611944312903199
95602648146060928
631244817739870194
684070585082176187
153199202457789841
679858490913945159
951265019417013667
513755032813093275
620991422186410102
644779670448999254
472561690744350147
147416109581332534
172079668192360607
680791344216228991
790971755016143705
593761659184795536
914711135792034241
769775822904097759
598985937893217229
923150084669661935
398432822913312835
913761144707172330
655484480068163513
926140026930715175
128060996035313131
685545325204339204
205073307775514403
821702552101216814
901585101994312746
490968876072917229
618229528564359695
387800005206182583
661770676692625734
129179605825805594
820437382246778234
44849627253287463
305162995302273037
98643614714670033
298539399957038319
882203800138731585
792462986415259459
212936765717610836
49561116545178261
589715278532488830
882792543700504245
356568947571447990
655209499870767093
466759025003118492
402025850171457905
25723451676628869
773775657190228029
396394816455317678
127786366627580409
47321595489541002
29456155214505501
631378488776774743
140658220259784174
725096571501127603
216655067871903750
995097369240628822
452432860918522121
299398547442102394
33895382861229341
21537201758651346
330469621994437280
457960278373788163
348875857210172191
764786517958086484
416172444648697508
3710901502983534
404522320746492736
72566695473725632
319281876024465688
845241996537926336
649373782748074201
309037867920522982
503325226395696981
203856760621154144
235946506413651359
312656779161303483
671500681171150057
700756660659957223
47919545444385540
804083758082453869
381200214829566531
374406566840582973
495124981954183128
885525715521610686
913773554435152957
85473977475338659
994255374555766550
714611569565844525
337928355973351407
636927179968948524
10887446998055021
29010187958855109
464081387197673747
879316944649242093
531472354645924881
456827883981283797
591264344656249459
307556599304479148
988640551922757510
481546699893978555
354434318169217145
890780266701854787
897466806683417941
496642470369029060
369999740435779885
661194601244915752
93465446700706189
342541107318610309
695192506848104926
981497081121247205
873437937999525584
158376938211354153
763845848740618837
872494562877310368
474838770491685250
495528975851804064
546496530466723019
768278755072846687
109055179821230237
768064087658856480
700233121780897811
862815632055544714
602060992086773259
799810317665994341
826824839939348055
232633631645603697
392313515809752393
761585908913750638
898226411788926853
952756513551893941
18769908958316001
956668818683269567
655141416076904394
275224809273161462
861496803457469891
373521455828771854
694759763692990492
343071716372629041
662252578726843902
717327221490071997
270632293608188590
519912541124523322
314726916244330767
899662583558836812
987999843751491964
350551828464452939
631624315531105686
482220228704510675
825475095015703752
358770435016529302
81498645115214488
131924056188198283
248911492178887068
636772896128784940
916897345414616467
744896128535859234
130248979561582534
693701707349217773
524704288002482883
119934879320607358
199835896281186797
289763448124120947
357360746031868132
533572225150709509
487918059211695551
376538403858236128
187529298467122381
584315066744791226
714599221634069843
579033636355636069
475460752109175276
309440883329116154
377832946277792168
308440600288432536
686182772867014892
210450606886742240
636580181416025880
746504657405137465
939420874008141833
215429655380658133
145736052116792310
597355656285153194
480940005253999074
473401986005110487
413111933384712297
460987920445389527
282319000206668679
941381985440392025
137596764878987241
147705197960713152
864039403024797931
680707880898092126
667706752724269226
256429768944357435
814122465497350254
765907793955254466
725325881293591289
838062458340218936
962899767794793813
891241586085684676
906402744616169990
924562335617359441
171697485403985933
47733863818474863
740399353322730151
897360746805209164
302929786943703879
206096814377955747
297424426246186541
161695889210538680
347090879791762514
395848129169314177
388321340314315601
937833755727368075
56971774417712897
526615434447482985
894400371397402832
27650176130934884
359994523013358476
960663684196971927
121640884465889525
607701840140421462
189628681191118805
158192410218683885
11996160619080783
69356119666190941
544386223324933696
98631035564798605
77536342777031722
122699475968390599
720318382873607716
312836408305640236
786281197351565599
601099643512791760
584059979898575470
894058343290389676
722333940808940946
190734428103047197
727885909998385686
49924168367977352
231409684711488026
737222445530263598
883349952229824134
485060810246893163
484144441199338014
932267993566829555
980722953955185200
241094584307860637
686227642044513854
758124446853124397
854843677884278554
464160378275636876
645962878020630767
293087904114073878
996120700657108778
109012938938476112
307020211443921109
618893265597654719
471183759087639289
111852924458799127
606322869498187634
455223974921404314
315260139301197314
847688274205157568
695135950037190514
983220083258803014
784187917313295429
350501456733145943
119471468312909264
777569588562942944
176276128657470543
246394821050045911
462669489512747148
565873468674225498
177412140525997723
930532638985928308
945341988053540934
959488999987618883
334722319936304029
338401386346195463
624815602878608365
938217896727424200
82873001053836002
47782462160374535
176500320019292119
396428659549601524
761494051528950676
341332437304241745
494745440607183911
213968058747666795
637035159693392141
179075163892793720
582913612389497219
491856435784944084
243556212760196422
966982783459495745
503579877098041697
767774006318678369
824051168552433505
271344592764452446
785504547938728106
855849733374904113
603548709699654171
319604129238229924
998651550363106839
644963379917695741
91494663624131173
813417654045084844
56801593495303889
853497814513731952
996124968107005373
221750851726724723
217259830854148328
571586793211591379
225010865335982799
69495436579062678
934831776309578702
170557934503055866
450121279349514494
552054218614831321
150836891395341771
486737972034063787
214160265129307762
121714603116728765
256867117056352742
905470421749479687
76642860105994454
907716808010382613
148103204981865209
689125278489140790
74347412890001136
753445649821590753
410602653033503307
62271537768396079
831591802170236346
755970846084029704
711838673836444083
363595058838132215
190724743788414206
422853125111804872
849299721619739136
54145189383626025
381496764301866427
726319171547733600
490929954710226315
83988115371924128
738977275695124669
227854621753589586
992521288211961014
682346608138944463
964488097058479388
671037853768309348
492553931288677950
72403894128573066
392613321851395704
311943227453607480
653807823054359141
312964585510747485
832169842247903319
816971592967356176
743011824121227962
36256920639620559
186967618787168877
764526844079607715
591520895227457462
37848523354819988
765936328624598440
386893677954230138
570432846829486631
668247180570405939
40280817448212523
753825091781477009
981926268578981674
979660401830543502
915102096110580956
206777550237324439
36879650946405695
575709424514172223
490268555473532649
235165110999455009
385717369605091703
670218279077176575
610737144209259599
36159289646261801
215390138788070849
586842019181347616
303932704633511484
55548276464718468
671825420692094395
289707833128194084
159458159199429552
561957106495884406
812684588018644712
498578711157448750
644802243195575271
741557187379502115
531214265240251736
549212535882248579
760986751902924516
576549024139429916
930327158988788264
451973506172929809
640758591553009647
981320900222918075
397381857132899301
771684113218074847
946777806811949077
424808760986307548
217238497936095536
552441060719765660
492697057377256100
721434405485480753
197768564921824056
573702049204771368
375724013960329138
735972600468432090
192978236951385614
47221331172852737
192064328184747151
850132774176557767
391590395147851619
11974804449691061
702724007705525850
674731409084512345
78783112060996843
613161927728923795
210806700602483317
348861260437711059
288911630073359874
424883998069202687
72834076118727664
184539770690875463
668524526023080453
843454828999589212
368019251793374244
980501155349982211
365695006486829513
606779054054475454
170422317989345128
587340463290125523
437199124883876381
740170079277026963
294658058608670608
560661949482416615
508404094728117773
320765423495131409
397161715635691230
431602779914632593
56997990509789972
475420241592664486
529015737269248604
176532737441769870
88234385802502664
102432398318352267
523726433586606742
81227389669551542
305819691909733186
409307531379710548
96099113066904558
353521138681019481
28980995923141968
411778680078107180
2016538263403824
512205222419549372
849041016040797512
627786457316716197
101346761958181375
664116998807707081
738353435258577807
245608180748935951
776583681748882293
857503243828320
726172241605500939
723968682306161907
854084107474680447
936607292975255504
507278662481262289
56672206812019871
103841833126813806
458386919175249550
292981027584391842
828787039826637243
417047480186990478
789361473666528900
729282565057877339
386158240657018253
816132385220298106
387796357785554835
471017050302974073
574088684181781950
209701126826507699
104142505201303092
876025228912377766
7783549870288054
539835479217858091
339724492471174610
376497535334486317
124975948773535768
289727296846102934
952391790901215609
385092902213623924
123990533694174537
895585949830402620
764127760165807128
228567565463515802
713707889258234877
637914501667896364
783930554037147955
368737039223775951
598140808889340082
121007375584177621
426508615051340107
433604883259364070
158901410366301962
129254053834499747
440107429235031671
794489286994229222
598262992534597267
903614008381578050
450561391599535283
261105770185545843
221704268712259833
254364733868163681
955428462716583589
637331874659987788
785167120559521038
980645445626894789
832531363531003875
884016275099274720
524812611819474731
108361598564693830
850339466833325753
391445089290503590
79729144648936461
41479556446857787
226964897615203346
671884915479802367
269177102899087080
403549712675282503
691205267220928563
564859952018070389
86061323209411922
626200364491447815
36645348501742628
624674272813827039
897675397833358277
621414628078879662
193137303680941046
202840530819010777
127597397411978795
212213457373195630
458030078387333491
624122579211056713
837022138868562499
325235581756530663
56432273076435585
895294253133951693
259069186568107052
794409908209306328
522905710347004330
869526195353573454
79439826112752382
530463089020752255
116830167324877473
253837853676726384
454818854316440351
789770375991494919
507118145665644201
37874875767915824
564533203753091310
644549562921779016
969455922561147208
114507556860583727
389327246068223779
854847926771625725
839638783232771214
856746048903309427
300209936428548939
366534967882999402
378580334973365184
462622175145675439
693771847328595065
368814016615017452
597619506872411071
240469031634730472
733511314293388158
967516273948999233
790901156655713158
537825064044751068
836876876889425845
767803961815545154
872420338625464019
339401235516026265
411431972183003973
445251862265583698
970890548333084258
19043332929367990
105280761002320068
906623439166208176
30792960918171594
638579656915860604
692227443856127623
900619531937766986
638683187199378980
307148500226786681
869559967380525676
132423870147652726
142652692028690698
539371014563428713
366421823078022385
691151794727301510
75806769401350244
141064106177538162
623096839707096967
7867955580088853
193881253902625392
195088207767836135
366115329604645533
319776575836524874
635561099945516019
285391072013603144
19153371308941703
124471119315843079
303125362359001666
225499228584247311
333322930926016062
386136056849223227
481414098346140682
993311363901195187
626522758213080147
481571824443860510
760738070038751192
948958338163335225
209062643469945728
871195317964210322
877226070537428656
145580762436563618
786107059939340815
34694962332987866
452933625565724765
616038674320170873
347148740300023699
756822031435910134
54795485928207414
585136929139494728
161499547839286037
797609233748159308
291386511064047400
658227482308720124
790842715845003335
887394383443575593
875904308350800180
34081492903357460
976563007284181
753484071962137156
917968644120179435
12997925616812669
957312908225962946
172329049459655269
773506948513132037
498169850446813664
534486206076703323
964731156844443458
987182544611618967
117341150579930906
78819597051614904
430380146008229615
280778116506731468
790546296343349670
700046392806562097
947284407049550965
473022602494181955
403775037327578133
235557791104846306
181402236327054880
985981401940758187
715383228928862900
583871769427981096
40708297947823181
791663258148355138
342750641992580071
170717162519404580
779227417079556494
711225725603883828
680263732266245819
252028870633488193
292917696463488378
949826468520638770
542916898753377631
765582986663184548
717071119224532733
897535168053743111
459775820285980570
197428098807193797
517157960566105331
254980448232119789
889276205969742699
4644140126983890
184085800744477829
25509811880044589
448258358572159852
587052657890968902
76846884693907420
915678951652966797
349462933697634139
710099741119984220
533503831951587445
662980507205731549
380839580998712984
236563313125371525
568909993105733050
953169767542016878
989218010465757860
173906464788967190
374236639573764963
847604384678428553
807752000448967605
758284543187871372
44732352751476507
98745443290405142
344723714034276664
334685379239656474
636212685797624312
998565415959863223
538257206341032359
468540075178954024
204350532059930747
582709728817509031
397708929470764
492432426653904813
405309411786762255
746960635904773549
387025570037000283
302141097111558373
127246302956500379
164679258839825813
236766770172647787
974940856158188570
13791026323932411
227693368722891124
716690194149600210
307809885340174061
791569624167007859
459921585214968672
62886806244294896
219461506685091465
160856559486469447
394462964487472128
45360274713118867
987680117616939242
829701601710262768
733579978655761843
676419629935708151
178986148974808593
452032206759292534
633738474192808761
286838813294673962
608470159708812920
427638360708959504
251597181098163197
168205663351990443
149415042955370926
718420455936113308
418740287169335987
180894898267174345
795999743172124342
783512374516071199
961438234759373791
57346947738853189
514065057229538468
592715965756290087
78722609159316022
352137854441035467
190752384067225342
51126107205626249
729544758918572866
213224822006476902
172759077966159959
608114653143979447
625195198148455878
8790374052823800
35913962760333529
58891529409053739
891030406657527894
183031605262259928
592512051885365398
61780947478786591
260718352328330172
690303581942242875
738055299293599281
850422724279977195
298189661247414148
674416692697872822
531653078642278731
422682858266612365
872031497858621069
578021863574899905
759813328070184211
432944840006616089
253723383948899693
417292595928733252
722627282868667061
379795840890663001
850353133183427851
687434583943980284
904770257435177445
401801137886645301
680195249316757762
669924041602523670
613398534229047117
454730162635970349
502879305521218101
652209666002862489
965571461963289390
895999889641600513
757028929654051684
864799467065723647
755195757160730568
779956944186526956
233376314863301478
116047113302062483
407167561148628444
580467640996843122
977897801538716676
834698161009683731
963908845464184099
365350016561200041
580604550671638046
734698152343609369
678255741316269809
518961603058597587
694875096432459907
492418163955658397
251887554835652250
598463866051786195
574271333814832165
75641723923439252
860539142478922712
574877404956123311
713882233625034451
686380244265341489
599019465382426006
50507814579837958
545331292920186250
912589773865836214
647541731486581285
485707153779471283
619489407357764376
717259106586029736
150829461667691496
264658296497172256
259343026211234953
47719649967646322
761259930145150901
392629231544490986
452036154814780852
189775411760745733
448696292052968823
200006887459431494
983829515153858483
430258728167935496
272517262128009883
720227795140841366
122975472303076710
722533065895806619
860569495625640583
640168855193018068
97245687752324564
209493837704464845
459174448470358315
682649143461089069
610768405044110586
812069897783369480
545828406659180933
500955217538007661
908930756937355767
858447665117505164
705794465829165062
678810165079994240
116897051901081008
666156567404929038
414817199689882927
851307206681990909
782126094545909081
371065506706236422
272325235711305608
420310222437756139
436408648053723592
757186625144573590
957982436759005582
662960224768527562
951291098043163199
609755872215824521
221555510164518983
967745708147318911
938716530448013501
576982062672476055
794671810743711833
296151381462774523
961076056377250828
584535703171688453
625436806917934017
436332173624164551
761967475412758854
440159007541965488
974121305084551112
358588111852797273
928296117959038727
892325476699024818
770134980315085682
148127311167730042
846010678462376936
829864395375840956
2170146044794398
383550750667626968
972561561597510410
876139951638178718
545295159886713292
278689972912781211
75848798513207954
251970450837643989
283213569170874849
636586832414712496
752576636468794413
716012194289790978
475796852332961654
77122305103081605
900995429656289157
309930871687509603
473100331328928238
548144805880687691
86663271163320009
792758549183819109
112372749508784473
840669138569593282
266029117800548144
236712669640389899
470474431091011382
280061155834421091
643536824882753393
392295884610322054
820153722871143075
337450760426159394
11364411522503754
134398219483332771
884224523396701451
15891685087836896
725800182742610183
978736731727408222
491944536872139436
255299510297959617
988406527800374750
914290690428255566
76126264179557116
63247602032606699
718534342484746912
463819263437434939
668297050708413746
986560782325458660
885842871465459991
140035754335258999
801979803135428810
406208873989576207
496905532527007631
556652654317176210
670312366221594638
354213780234419238
941883037571419570
897248056514906247
215334700108199650
189876684275795327
988951861407701555
41599910928978800
444927421695736663
92829552249579673
455357137430554353
566717355355236976
76891894375779433
343186308734017071
545148941171658250
740382998473646535
649232563976724349
210037835982075037
148448899132574274
985291443377173266
644808134813671624
342463206501891538
187380591170640747
563817583299964845
782275443764706800
866966796177924530
528329993211934484
934382421777073983
641912810875509369
782371368101526190
263169280133977810
602782567153983513
241088297195913282
366759892930499141
873503683042931448
366648244606755316
398449852862157350
127130749186776940
590971855260563198
405195474669661746
226435592437833797
986834898236197147
764196994400227299
204181267841524355
816691961815284922
289878275838926040
449146187424173289
24077406487675225
926741790588051462
646542650498237730
998477026683353062
788768441079286383
540629788533439866
768365314687166473
225776470815373279
783014668944457529
973961196017173468
294062888271107482
831838554863858542
114037268232988539
638924735511160268
108701015289143908
696477720190280032
120879723489902525
574069934603438162
655365947948011515
739431735488274195
859445785875754948
937367662611319131
977369050819068289
182445848495504679
619912553842762008
446750404392435253
379726958906899456
143851226954952640
658429670766400896
260950456089863708
417240041734248751
497443581136297268
743967115037027235
365262158015037604
272703031063564700
355737191744755845
201305467825704258
130803539184171590
743097497025866116
887907131404074962
439105583240292870
946592152609102055
486118074582721296
228539751841999569
990467596172508740
380945728199404778
156665965865176436
522007457205437243
861140015114041037
609755271541478471
456551889378326070
448322327687402190
165047855378705908
435565792311108839
630410780108849759
882926347041059184
342076716420659604
818532363151243450
718948015095480754
349535312056000709
551555729707415413
866265821963325231
465065248087894245
550783249913278354
706085039306361436
860174436316954587
202087050219152746
204249846402005643
159674562397231490
176541408426390118
58295565941167957
660440963348678227
288402196467563393
63153227843371640
839013728145105454
43633928655751310
437540210753437536
451085447451909333
360753190786676030
489704758325277950
758447967063856840
653064902748733315
676481930913514681
699379564866568467
735670863066096271
537177756403701338
410150716847632935
15805747339262995
255656051033496868
594081885145548543
175563533507982320
737242471191992085
165647000539364698
617460241773447956
56791279301897612
619271671942219168
297313390255243889
546196573960293170
67355485629864784
387123450191929644
419359356710994565
267440752950716771
714279351173218719
403520652110697902
627998013901611940
532170889245328828
643772872482051453
897243838378105687
690973257016419009
192500719813370016
153015711404250830
247262518784020196
412103778578340705
949522035176063756
745856202287573585
386116883458273588
829835808637948579
490295140079050688
700816693022524722
289623031079808167
51742368913963774
969088556956992747
345658049236293926
898792873670543687
686556112935058283
125228298715624322
97444585432036511
206963461945295185
427546190571558344
531966902625349660
595309072073000218
574797478490793648
948710858032199515
418792583342208829
960490596837973930
824900872606618025
680574678157253949
125740621580017667
377626882018188187
141876932616075077
657587473271448313
315753571827275382
602443343279288536
676752927862530504
52765022121383163
45146329631007287
373588046084828281
913397536849248061
790530446565153052
207709454735070426
114769551134140190
430340225938998255
817801889397510917
549006863557844109
557917202865455538
206518938275248887
387854752723466449
250379593506956912
16467957148270485
806125259380566181
229621417647943040
703923758802412836
229868348711031683
669960948514918689
578621922753637742
259099180077691751
499090350014676901
655072822348378817
425460556579108069
782601683640862297
993062757677674608
670202961527862431
131330890793156741
454071214946553401
233678086930256614
907831983712146390
380172284227027131
723626444877672760
723356840879362732
227698178589238750
674163706667499935
86371986049507644
136992320630710627
717625820061907285
611215899512701739
871713112698245349
733238286798212760
16801028504304013
176209612512274585
86109549827677380
597021665799785154
204520597148232845
289743247209151164
864201677768837802
493164509607733733
239935183771351125
272969575017677804
766450033698190112
778358482533913328
832801123592111813
778364005941849616
476278905142575388
421008151583778172
637044069032670812
52380197027846981
294135393373136013
372376821100185136
731534097145341670
676326425680078035
761896110361608639
119686881462115615
253361307045893712
838344047361461691
559309734436499783
81078019118856755
175772757622308088
264946399287225087
687973073780696175
114344012399875030
407042055379210815
9558873473910884
9356350847597019
954386586003559740
277318004323747092
882613908179819210
892540725891470301
961636747858496768
997155593814821462
573273369767815860
74419529422637335
490002493858224047
89678067939867016
195796906051751615
1637411749566184
546702639495509547
967219314110732057
502326467187649079
104852245183347195
736821031713425470
481113737444900087
558758545689318803
542464319501067962
315820945222164767
266075025155702066
635035515945849565
976838492514764761
822782091424986592
787294711996885051
914091348588963922
622757881387174084
789018941259232245
189344581888921507
55300085934139584
221206688415522357
899145993795866561
18620421845891181
799182186739367985
209026685358395046
226088125431552256
331938928732229030
124388832987514948
145480392892580572
235431835225333582
43334025799526620
394683194385684157
14934669066577489
614969813586719431
880264061503920814
119509493877581831
745752676499306447
185561769654944324
133168929579172657
898300382948040116
901256691638440419
787196654300433959
842215027047071867
59640272308772589
160232593747666266
828225680553121936
808179183547384121
888521333645754122
70142071344480208
685104487519180329
799356524270821636
51688241116194324
849363989278946323
39742994850955873
181854317823842061
222699076342558997
683658298271694524
740094470510989847
157346713555247741
349139020858808540
206283445522265777
530982267995256353
578228061879815438
553472750373387337
907548467169096078
764625575291341211
750456500714823527
514693489765955305
373506775094071357
665045468085713543
31092340914447302
811954953269039977
58256295396103537
630064727163427943
738507702177003124
267369778835917852
38389401760381459
752219563846990989
17666673404433955
470212643642747258
809878872628719270
913187634079523999
793880264289800342
722144701461734829
144076429842526555
9449591709183789
340482359915710898
339475292389842002
703027537140730528
80609786201786657
269703740159832760
22118281544073425
531073180568165982
6963440691870796
304287261022738339
61298755029842148
428726131288160989
918880326227806071
428092586794766111
60996811093261203
816409466142065923
254767987903361279
314002444417739173
364707411895646772
25621766487797079
87377124761366706
341544187202187317
463432046892020754
729770386736190277
129872050843966927
927442241857225488
326486810531614654
59387697310124730
309864930275104912
287928491913893699
792035789024421608
765039711259714836
154771882330490456
893483431738393020
474120308609873091
408117871775730647
267639287338941977
964383030962249096
450373141883057731
729452690428716760
686678936998728967
85615620113372815
115414429099858127
793741698871199015
653496493588630258
310695108877640196
300687845235919552
980595870046499113
914320535984212663
275574251854550213
220623142736934851
964277166678930274
664244485431989492
539859273506899469
677906143589624162
227397206647257821
234954616779606104
633540983340774340
109741872644624294
270847404054602636
549196014062977607
552911347381766429
56264082365853525
603142369399273221
588573809783196465
310849871111130917
48306502719311048
456252156974247631
819857317670783808
724129452282462983
408668697182758414
314785924406053127
737116090245682371
796945845425671899
164725806673351099
490249660834807471
268239152676315282
640164476315313116
436429189147306805
52621346241169515
517576410429156552
835161215718922514
493833780719246156
963824988976359644
511825462389845785
768320723428252620
121791806488796865
608823603499996450
967361148487551312
190394229407710250
374051487884813978
478937919757191000
930824400782998512
771445862879597947
52368061432332507
297939127964857141
546767119855594637
537732875776688857
741739602843492080
157712450499614806
870330606315351668
97730564981047205
134832061881984002
675918555693457665
947916052765238020
67606917388657663
704724799011976655
989363230496388690
382034055636338257
483750072859240781
652150845525883108
752104752933514013
773456417255994238
7732774470676671
210034860000910623
740158493773791752
426186282492861285
930269420665659336
670037299969477219
46526253665206364
760002274434332404
705516013559158929
830556955889411819
106981588341713515
303285037014615500
995480355544669335
7995033291314621
607781853982540775
857005910849012390
773675037610300181
842922691280500602
430779898520752820
401129976313772519
205599953523497354
200003932707150947
752877197372293389
128184524159621662
863623706649032240
233020384362958688
272497617740154452
648745063457696869
389765840879470754
251205011990427145
184860059723568915
404434672786820628
103937209936678260
556095163066350361
374506224606744593
680727883273948202
780575195905261719
692088050947988180
485949640907896199
57559849803235119
937092845656272071
863053902764935922
483096937430055087
531240928843865661
615658443234106717
836000143788821436
932979233174334488
16425370009193122
522327907393062374
442801290159422200
333247186664468855
182273190352805235
144550648253861948
694920084949776833
78077068858006175
985445503597354235
73651841969890571
310500368365650453
345837121310375142
210458969024828313
826297844372265405
905316613052285270
447359161047109260
203997442778183771
572960751296016745
694873250384638781
663574997367047863
953430076158208329
557861931332358716
773524848919497844
155598610466375974
859636739833975306
961529310229246615
928757279012936160
278499617695267857
635299675005816352
342327516219769010
948083270614282946
878093536096594088
522477307857579582
713159800874240360
49287036199367272
170420295114515884
592416117325980626
408141354469261423
573302360615223434
634461395983872488
525928273787058629
977587510763241460
980622581771936202
414530783973908676
523393969684577952
527956905385658378
434052012145645483
146189910096541509
30263712880505235
551779813577544278
706662831249800311
471083214238847502
786534986975799354
840625940837729654
658343432370707242
361295997097690862
26333370337065731
77363057795195296
528748912286962151
55331868596926325
778366338945263582
499863985960234238
571654335018500212
495237904617838998
108238221160520845
158519498879795770
144909044252163244
20170957432540652
108752412464682803
496548242320033550
511324603612477722
417951532429993562
950440928671093467
516364805837438127
868580072575338867
698001408166687894
512932124402184187
688217175564034143
479550084536427793
596976923464886395
825720146634438366
912773033644368867
685795695837495124
522159120494731983
63621869063129163
459646670743735282
152467409258805350
54681380924311434
910252790547501521
209247087541358309
634413315001931133
971833757492106328
917577998517690997
554163591351089920
736333023619591553
510786873662639933
897036507964365083
67778243679468314
197385770543728499
659433114889831174
638369937187102471
697828637727360762
252370839506061745
734359188584287850
817991269549456394
673854313266681092
80193172073274633
803886837754437332
508067748547323301
782649259382714839
301210299243686180
739074087618055613
385832644744897447
639428218349185569
688395317868924627
125967563418743027
824406420993533679
899988898041833237
575231906542454308
416909982712266036
29719778686044941
452373750108273398
732246782684030632
320503510275967247
848823244066757657
332135845999619954
490331896547522378
747242905080798031
707743215547060816
676222798011874931
545456446589235088
263685007996379281
823633877218274955
330850648968053796
981704359767706298
990249964935254098
660932175525088428
670094769745159273
42658285236520304
690185188708688404
492595305187698756
697679261543704668
127565070542748635
619605909076109080
318103467366808133
37495938677417068
879332155701672609
456799677852599667
511716203595405058
202968843695376761
683725658351600894
854324805544159967
503689483893683628
496488675812591811
814244273485171056
135284548773500017
155661149782398079
282505411223245170
554821574738223892
459487903286450552
73845279189113984
750653167880240903
677216591425453054
670034529394240992
257126016138010103
124393545502071294
338538967394471867
365090603968011442
339789493606398201
608301045425130006
105096878585550838
335271867065560730
156796804928122817
717482165698856717
988264911995089603
335913378725908604
757755128706594163
256169669393800949
874864962102893912
997124993863804363
96572691238498913
551717005044089546
896189978289179218
471513417538716460
601842347860710043
695142476464254715
803144987300478554
272932018894657232
407119868767761558
589230016182170036
177118076741524144
88324597092991792
224518809168955235
900215255061319604
471434229593931142
877838123719072074
277111427962386292
450081014836689020
742398211950532741
875203140480667479
8868852569548004
392534562111786229
619208212265056635
749513735896792855
429954661289515066
158573625863737854
664233783177130151
262154502663269522
188815250835464852
237874352561758420
301163057282960705
167198656773658211
531976739333792892
325282478340144513
371702296555148839
398753097570458677
390657904796539935
228155514558164881
613021645783831576
737701170647286139
56532533337180154
976816828520043629
769730369276257378
176816153940250548
13723111560614750
404619556695582164
257454753804786023
278918594070940433
263063661017065155
829330734780273778
231367662181397747
752273410872969431
968752891277443
98620264950141021
548208255504701172
329263159835726842
287026218418435360
712630733214165893
826058339497987509
48875712107142038
536698283789770746
792889706950826053
777067154324956337
691525275533131106
398378704588117401
20018024650159570
5707557500419779
767462679247315004
46938515880305760
590928513389190864
579480831811399896
234383822064202922
802513136494219505
34961322608349135
509903827692143722
538026056714274637
666155190461283234
494934094601060842
322362252163710315
323123024528050748
301887893674035234
866688378653509450
807067471574731125
503473483731505668
526546222698360451
320155048202147987
571569144925629320
516181579519625913
46782404139146706
95638791441714750
571616048676889550
142659772705590731
854715653555644802
818861521994922456
381148888888811811
262373237002045427
519969311042549
601344044851843677
88624265415550342
37333887473172908
571775921642682087
762490818585730714
892326047469964728
881379877090399767
125143647948372739
145236299324203562
557824724083064729
612357111222685539
908575670108472643
964204160049880733
290650414485553172
968793347657888209
928846684362648004
630333260737925494
535737886224147372
483590294146338222
540567267910855844
377173832056078836
187725299384069444
72853432333237026
456269066857593465
178488511839289196
944206157995604575
554741346498252506
787669470467548409
915205508013752274
250179243578296792
709606096847689786
704734831860362048
770982331587251787
531635364967173189
444687067840009780
832854706880089733
764585757558943644
24413842106398356
865777474454429064
834182081632276597
133787786192817820
622902469687300702
982026800867715416
200133359087567295
203239830989291746
838942791428461187
413713192113448892
740845156538157223
428863116755920661
233500993772916163
11074679548490774
820451467880250203
293337627238792075
544603834147921654
192567693855768514
64723396130809519
680000000760191678
428788563563622879
942989513526336126
706296106308282970
237505737655325124
937311361909906290
300996855876508893
309726522065315239
381481383347964115
558308886873272425
925507258678221020
231761855886798831
590810093357590487
226884348221083581
26402529553341542
710648941309121777
789228320471702743
610190477414056246
470351848068796868
299977972885839252
29191722121392253
901791687401152480
983367228094980640
914176869008485409
720655120576352401
439142666159727233
129987110915847171
453079763146221828
72855710029293194
858523709440420896
742082538896610801
826278419222967567
655062756266141177
425898607671429277
557611318281287860
158542112017648185
503029269811257124
193513677629811984
684351319452764688
528238764577270742
221895161183696725
912615074266163791
717347483262513953
598512344227195747
471926526502905764
701608364411151733
629072663492352235
565608697371457225
160839045991571235
594113091534977128
626612645515509468
914158283444697347
900090780099850160
856977209420404312
373800447162873657
443550136156660877
335917563970582058
480923003371689505
232677342314164150
853703072966300627
198685282697298730
49005210811702014
148369658853310957
829128321070836582
555587993044237532
310572641546679235
270988451353507536
532937600687073330
907489245248801519
759285991971089440
236572893147843588
200950379592972821
477084116442688061
479181828938746183
364807899804824355
42274219183054641
91020678843113980
118555320974893406
146289033343716923
767980240863392196
482195897155262007
940871913520541413
47421256287735892
525501050849173179
665024390882939438
299125451764882768
128153136498840593
723916303831505960
481436822160243951
110280522770051436
624642821695021077
267671751564921269
821302694135003074
594489057202830818
797415771498566011
768512944571945276
642598751120485580
232439252419913690
553880017411087456
362406121074150718
337008044073911632
965584980506803532
134075403287718523
129153715645095257
964693921206339699
76722018495586709
733968476962675572
594614334923208388
380647900636239259
716023660064611837
523792198675215738
165536082017141486
193803607703711959
129995306957999139
725563426970904509
324150955068488100
359596113093707935
384576463435815680
459153443436988087
88771370571682078
285983557694729055
383318132169388036
243722244910706790
216679789416812224
589592640390999090
487533098298776566
646845478553019851
542848381594471602
736028670472716110
271224330550243127
764415392644306049
105090224017754735
799020978035493845
224504674651019639
542833878155460435
74403062070432563
380078839380394120
427794936316490909
967537607176830
205495255845824770
893161139566902986
698342142689338597
27860592702416025
729515168928106196
789904859157257609
752653181272652623
651919914543547246
386275576807459222
372924355369236524
503158628482183416
207390405770570705
109139674838539228
453217796407873400
372364131582026282
535402301592696070
338697536528972207
997822952099309888
392618195865599187
313113641921279052
233593470294104449
292409019154005564
608544169506374291
79763261750233584
933124555552853806
823678230210685525
399270887472697024
62029741453973392
666001724881107126
53514801922744061
1389582689485558
26113760716705970
19520965753814131
901688214506543078
570134982450845611
97849010326117692
678070650236449254
21779524998588760
673611477431822963
249017570013006837
275155773122080781
341298498147631302
373074983763457729
191474476834634508
242990639365231579
109640601589663540
460136529119291460
740325146446957726
310865549152795867
423228354015255526
940212626920282476
216304466962880909
745654795159562411
625835789453377519
409768533521901034
412780724910476274
751321130372542091
640420570082999626
508128964807314377
517814775886933025
708930253864794144
987173680582740294
340389775778875212
766691354950378673
90803872812603963
843221290281960849
383406819559769897
640792180105278523
117503156846824014
645393485035941486
902372251287730858
368594766326463664
773811814341439660
122118120579311942
869178648890183756
37532492791038930
717739450312378698
506066105325467973
156961825710262715
510628071181109755
736717492856506557
54251703192537611
363907280622215570
46960656945960980
667196467768269520
722991147485140480
836284649383907318
787822473183501378
563240892544610087
78304362966211866
914277453672026916
281616824882985556
245328999105783715
514796480670810899
38153804459027902
373047326211929630
728561543771054808
992823838184403991
847447849929480069
125957945089238068
853526038908596420
508349106055744808
545089250590889894
859839636491134020
928284799623759617
889890828326785736
96718880592892263
138692053559805855
669268349024723336
266319318105853240
493308035803500469
855973277190861059
113539392121030094
766465949821444777
640922446845205355
577831951208851568
867431887477385088
348453870231468985
163267637730087560
129716061336230357
596326030657802218
774094370045039043
729613064962437191
576324503447339073
470605940005986275
625704967321865679
808051603955890959
977762658758531903
803523062792100228
98596990793954336
75271660784879708
812222069062896456
326277020753287092
20662619937758723
701274749304550345
182855847081616244
951191148848088270
991638241540316978
914442295368599223
784095608413972366
545936716914264426
473647325858556036
895723262133694220
647495475041385103
270811126197590209
368424701051742227
202174333647913853
448211778556465359
38095516128660273
10699319547937716
507662237051867181
614970626245366465
500242507721638587
128001564465035139
81391522543207200
656730956258881883
449750085851672461
997023750092071532
235465283460549304
535247954335731858
287094748560388196
462390599021282965
69789466409259600
749510204653568471
492884440521951554
869094514416845796
576872992819391108
526032569003901604
280514016238445988
899916927558861451
883717190885922299
935908503207312137
66535673824091971
422265247194743168
172438814203003812
768500282849916935
308958481746654961
67635246337776995
998372046337832485
640220153897528545
134476422944201952
914906774597501539
312243934672057831
938139685246581626
22977509678568843
630827209987323360
3693882707726953
429444610853840277
558037326749251576
440224846215316311
433776384304530367
814121718767421217
309467579007827565
264002591633229622
473805579906774397
828592531145405737
117304582235429621
932088901569056073
730982250742077258
146887722610803295
955361470227074003
863338936538782035
313681203064258880
243596327132348819
605341178364178990
10314510150885721
70476165298433662
105631743856931401
16243049714461265
99543146556799584
367570430771719091
294859871614890262
978483159283986016
703710140219854531
44388631877019544
655024873741116482
677198878594956459
233608697091832019
567596981922825032
804295639894064180
54745247299126885
92110258997398315
569059740989055754
5077860637450737
660966615692372454
782952154488945496
656111276520906383
935603411886287284
859237620313900389
803880611370018387
883499574803239832
698223425802733368
509181538713231701
607222766359535849
366706595519988829
726364475720947343
823862893839089883
1635843631068243
202129959360218669
773195514616966717
804761075129010294
639503017715771573
529765057357873106
992764269791827970
567428871492248160
643819452436852608
434259823034149391
878334475929860938
582101748522446101
327019679710655013
76917990365842496
10459329261888930
586994489071285217
734013106754847853
176727231452294320
364884676453016859
838534914051859780
55164921151777529
884415999398365508
138040255603241752
772223309269138824
266498368423959000
227218428564457937
982156541257692295
569005996932965184
921446094305233677
605083681310583477
920503307433049716
918968346152422329
861740063373363434
872778519635764574
912969076924593829
381668768790950295
267060326210222759
487284364141569199
694937124258555892
627991708710713130
985953085421467880
259454378693059483
585605961420394207
855253973309593875
81955758054209576
602023581077363085
964383487960195609
67541711865455284
786155107830183776
826130649342149877
207036916309175512
307589940324547261
845668906138047569
205162940375359968
812835596276183964
353308089284303759
259576724697222187
709836948403940921
704394421678390898
960844091574538711
861370008430433789
703954745555755655
259715561603534218
540000670976186646
654934765330599757
504249627663878217
77887513067589574
561176945323019771
597324122124494447
130159412189863056
438480591004096289
472897875594428665
64848788170425133
656631721965225067
133944889508631349
177272287569860828
588025494993138458
413665651147802983
875665182412390364
765064156344265512
526265786215643722
166736583425079322
990083082865600365
932935986806531219
477991684616976795
980910022982448280
143322792308626304
110849441458862527
402534249305408887
611813514495063816
272210286006147392
913749853915641191
670999488018729463
126609149621001223
676696843346327565
898870738564676902
528934644452259785
848393538902286133
210222638532428767
954891289871807452
44200869914722906
411647571213688764
291189923605890507
627239523257621525
197806411447231628
504468919016263884
961614526378581140
24234050040271031
334146115316231983
923948577800855068
812495503475991855
706269530543494509
598975196065746273
630065045115873045
763595812380415757
808745888503868718
820112736714564032
955298540341882112
72301529714529873
540863537278796805
587417621598267017
600872620845569344
620445711621482534
28186556397332801
383313994702859132
816327683390382654
149798171227817007
658977897922410130
27297848694064217
48514022960221995
74507394138237306
676447664397334173
606227213277321833
175595538110145584
877495914550672053
335817679707750232
16295428792311543
935700790077932858
322792192256744170
771610109881402542
273371712468514277
349575241874434642
43616574591429575
490817378073666793
92506957304631281
225312497089877021
793601395125941349
71661965629845299
939958612555337602
965440174513092192
257611620809660814
502100831727281682
351855988139504371
672661697476157599
763556765687226955
489164703767608842
159592153454841632
448196780327228003
40693130282533360
762485090887885813
616970962240346097
187092919174844707
369220042152123254
756575131981791447
881987842745868440
62793251871290151
584143359311082945
404850408486074673
335503947547601772
857877291996219296
853111027388226017
883482652859458810
521873615160948606
845738939414049409
427937051113960743
142790595081940776
650684740352221359
688395462154165478
900255358951634422
37719925077795884
452426194569533408
575319730735089078
147290209240033768
110637372067532939
944636627403517859
900944040497917991
5205826825614504
186738964737500474
184967195721443511
797452837551439412
375785605615231008
133325422190415955
137577725640225892
146328946804619524
378323046256451880
96503176629598031
280773247870602562
405728008170623387
124896821136001045
811889598352056670
305778113043872044
547728412297213686
868629464490217388
967369752631224069
417084044683072463
356267294792783444
224828709497328184
553818917330720538
380680331532640448
336801204881593258
595158044094326265
563783707770806716
131013082798428939
291895163980530113
411640644157419408
167229120214115836
95700863786677577
535042166044905995
59841569583268207
762701301879514535
146706317511287138
758152536669954985
14321326494924507
519245860799727970
773561184942624759
449853984996553733
617301191478366815
245196635890075221
572679233976835711
714129021713646793
88878275404241234
923645830184502736
428035285603860018
987276261267282476
56101768550626058
583162725642263030
334062028801671354
821610164678431589
561057789914853282
961761344215110200
136803665046760094
255050370226187569
705206812453881396
511739751214845886
368948816366115292
856281744237225015
824008035137648038
940929565560955896
529758675461190200
542728714834103763
739754117370003165
444409080004308757
443908160623653873
47502119640021569
250470943971161473
359034551246128780
401303465872313896
924891339877945668
325557759732314177
308788782977957268
838732999990583125
33506935017489064
311310325401553297
757864884873350075
126652966178524130
771953310418686152
80989950248234983
175130050690603320
793875844722058890
386946994949037295
672360358607385719
995593565007358361
942912592138903313
290536608828859397
235717972705705874
589288922787318305
291535335928937589
999663460377920214
413677242514795297
700577064501221990
440856586174633899
50754612552072402
831382063652664117
212444420683375793
205456889550161945
821119707541769881
177188831089564846
376263485553194476
148253982879958335
274910980816458528
950791206820282273
545007116916825795
474981793169320535
264778714904779573
545392993103298614
868886588206274480
820209151137803218
653294358599599125
339279488775793438
398451134620261353
32159638879856913
871194972388262713
146587601067134654
585532674251838982
533150769576354916
13660703003465122
358233373157125953
420399082693286270
66869362242894321
390181829364701498
482651641607283902
111178937749844691
549461505676448272
498599742696864284
915173758601477744
317654223612264977
315518216059585928
571031986540708420
418862537667784510
589522913942867129
499996607329905436
967548583694617028
715879188812356573
800862762927328902
359893634423462770
779633874072416562
18487795396599051
367841950567820286
635344101198528907
478184606880616991
884277009874974771
746226159850148587
733133317364777824
297665638395139483
222674580345081306
778738635150609111
914480042823566901
422128322445600466
976728876222517313
38123065803825038
253033720727480129
888421894514868064
406947365837333435
60594246675256745
955255136428949021
405700288072539620
376672549738901301
317284353109096689
665346149698865981
867662519576921747
89874757534513371
780397180321446168
54377743804617364
235141169949363825
971996450486310375
393703753234573271
589028329022047622
52065559886827983
621682871014979085
990908930510599478
473006911733040188
327958667172889484
615663446391011692
350443360005612472
70995402231017184
159154133309431124
88072158589078484
918579921111167669
80205905862963825
238972045621083343
250407442080162771
585159054425328505
213164271238938205
12650974137808759
984139365183217265
572498845532866026
771487586858795321
785163942653210010
993676192426600276
970552460968816733
376668587441865272
371454480404967676
858649685552222577
192371337177216282
540211615862983241
618461993019718037
404721479573116333
765244683578964718
253724085234891873
717667838261213739
313965721310434135
891052988057619895
705585068962402883
458864306315855047
495270273392282259
445794178332394189
92874026922246820
579296650709537016
723430106009786241
754084874090956803
758526910797238144
43543524044925940
797023978636185532
477998885414740210
647221141641542261
625507022202366822
83619461694259312
663700797293759147
151379190787253305
928611860857631742
70311752908801517
583992486255906702
411482596035223716
713595458937461745
335385719863593653
534743198354876836
329158290881248213
70964092193568048
382568610173895087
304616133174313735
127461771523175076
439291109632826405
191396569140389586
365455235247435398
937773481103417158
40064454387695656
934972940525290898
515145473379699731
366728021177286042
642058505061083613
566615208606624637
989303523235798837
884919880887235032
100867598301098979
764738409110243968
357803653153149875
586887321138813682
746132814343813409
905927705842749354
517361309291363285
264538602149818148
169077984772207497
932178191910458248
551490317224628006
693863526485209693
56469855553252425
206130586823663769
31204251586634441
708401916770372831
388692719623852691
650009150064640511
895602052073219579
648213583849508275
305778885624571368
694642830756878280
247698484705915049
930364436378233636
179579899257513135
432448218131421058
911023765193555934
432601602581925165
480696914279635655
986405451835458270
512787195286326363
150010715156541482
537410141615084502
286567372378079222
495935957797018852
927933107553967402
931121917593678326
835926124709996517
691061679756460281
422345517420952198
258402991736584747
624797066080827230
171900350031246659
946495773107887703
636170081654237390
831803146751628554
16072664018321908
608338831731259139
706263911353974819
628893904499974691
845950408403799415
464433793797415840
689204787976574686
965047548443298520
536946373127330012
92098969059367074
182087586304175733
823389454315656926
925254634671248459
487540915724212260
29995806908639726
923711701821279217
934110522329148313
560126466238537896
913265607959834645
530405769593614941
352810382583692996
290200283410943830
98142470919372826
210085198644310362
134060879813924011
653395713713711651
437983508161607612
991725274524810770
870467014905734882
174713998609914799
768024492656450123
104012624080062815
900919599051654258
850800593740228127
373167474329757274
304509600119264705
302691467580157092
347346100864555840
945223282340212292
493638936041313637
393345919116259833
563292141306888633
336705086212336080
504179748067843483
91784435363713226
700804997036455839
632583608223585520
507189167324028746
5435519918170014
678126801805777630
491940242825922037
395049900447851407
396161040193033665
290292494572299220
910668916261023824
323214548157833762
92645666506116566
546009382865208766
893304300530575070
107396828635190761
388406498579028013
983980640758796088
657085026617464990
297894339771317592
651880972092479858
997101735393278665
705416755863319786
926838615292634396
328549881993389310
24200159172668246
620060670128081481
378150336241675403
622410641663236983
672603315355100850
343485199140540416
134511753499224919
218480803663762448
332946511898119708
558743671681324441
879001312919501118
804802053900137586
535282026553481478
143735979812295048
72693454263946909
338414136481549149
794263605244116732
112513977624323132
107708789310286641
720270378002042118
164608171746957043
71471748650062469
568758351167047581
538777078141364270
394889049676253207
834290982312358977
512511112878403678
522111332229801489
911436720628372426
19461330898304751
876906102278434145
93004551126118189
904129606812381823
204755884149525334
915134332405093289
153164744007763375
78188690712209867
142298030863142403
203565274360522619
839297419805991854
531793380651402964
321214477183782860
175319519928143630
686186866205761481
198617824345596660
548351493548760630
935762701156196089
309289498801657765
556430849806681125
926385127707273246
476076160253439670
585116430624305776
196048372560144768
552642831247214627
301915412472104237
233350011129309522
911430685018276826
7704775745891105
884257094682965269
404686815191346182
565188176641400320
120132874662591162
91649438621040032
861661256032902963
540591854793799059
541089344358240212
843147588992335064
853276826901696787
458934303549480751
223295343908738339
834936482844890677
601755876215644653
685574004693591341
557044358158070158
826130343507482874
114257756373057152
344792604627247115
66826543799663297
465262822649346277
312843542187523726
438291619494888145
734722769855734724
823888042904538272
678679450234848613
338932658684670926
12139193103518542
639134211806117398
380889042543055942
207508728126141148
973279537794082899
59147214807576378
642983085249141006
57789785799339530
127107182808374944
475525721351591505
952504853309658256
693805193927882233
98038283567784754
766366972918232710
422084441279233824
930293661941341297
997721612227089637
52522162253326439
169818026516460321
197461676329886455
92389468366752955
169271034574124137
591106817278158703
295112561535910155
795903451736675982
685863535215171941
970013147475909620
348259980017746681
507761167419210606
726980496102018066
848027244059401241
979027918535660599
735651759060178089
329444600020748608
23315877883480435
64616369867429397
652710106282838800
458013671621419377
268997762955821084
855814312323020501
460759037491962295
691310229221859210
844440077588640236
804667192540292536
231737520207745769
788638859865742346
301886464518480341
36867720065545615
715275802200363613
738581657759994746
697948577648583776
322782762441355160
179136528272217002
254360159175717077
275980112858142153
171480473847833783
288916797289143319
544869841132722394
923258335520842578
602143317506686581
627184941071668430
637889232693297829
758210449568198446
496051907647477529
329004662010350733
555459224783344071
414561249931085477
570692237604740810
977322254693287776
931369236443019901
196606283573420975
754995859704047107
896289427032093793
107421790964504001
424954600886996883
22051733991068233
199745641972303908
501972008570059665
511784280195390310
522088132204492376
437209961569987902
760880966993181612
118056070707129457
672072666739436784
454133756018844390
374180364800349668
270593382412123838
385664906478740767
855075905951515951
776878979685425841
939976025240651707
509347119292567277
801065625308657068
26063939902210478
594914418994069092
41689616379238947
634360871688173633
266281541252901546
59089699531323688
195706995020471157
80471269504712024
616977282189794705
260210782091381589
437858286491360172
225764426078380815
247395271331082975
500328126407506323
73279401779589622
807579114283580067
345053552421328023
486842579373567674
709888583976997665
606335706591289201
658091198862203522
11864095569537520
998314880454731825
379880602662145969
732231966680278741
308025309637706123
913572083240456890
240607082019318502
862291467366767798
924229304333997903
91903134567637878
520982874509456442
400552642883405989
890162625406649091
225426796764791490
22033500135499570
973290202060578555
549292690702797572
172463362495780654
729893937790784025
682123168184188038
931849232752129698
132462579635398114
961008851629058162
955459254320176368
28820992316314798
655145300735746353
443557746731786120
645207418255387991
887721738249501721
283912990665604354
583416564536202975
8776232781122716
571958259764286001
819711098842612590
843023838741988061
794871622728390178
357487232831234401
434162749649871675
863685552715781383
482589113714865180
196910119479971220
503177324179791925
211365717680526540
397119055618062397
860255004011049652
445662995608699370
970071052595610547
691924492452120559
164240883779726646
875150497520685563
119395455218890294
956402255075816753
286419422999678087
413446123878420667
491537987811449837
164555873983007937
509219794846605235
420914031153628045
522578971247583312
194106438338519769
178440947401029028
608578890981928840
461699644093077249
867429335750758273
695682646254142946
614909477829179360
646537166157650040
222834950966146365
871667873062203119
116526685623155824
247851638123102317
84908251162378086
59950400467088086
691472265894495796
802967337379392097
205660411735653044
790790918605236648
819685885020358105
892007804133312008
916793390063640529
242561343049023996
820174411971024406
848428252813045739
136742113085751761
448595892080832342
222091821987577951
594012369807526350
202476925452271751
345136906516211415
725017250660957508
39509307633784641
547996085605970262
734757110924277660
803292411438840049
35173853980710769
484266798216549702
975699742263271868
44908743502944980
582231169095904362
914917630181212316
815680128089330010
380438620481372355
995256029651182950
942123684098380725
830208255568070467
773656913581100112
213790558908845615
614784353493815499
18436438012854381
10992381815662307
698791490821744577
873369800549753717
450305699445976218
461608587728356148
850729071232380709
639222739706907215
10963192087486602
443072534786954845
822176213978668192
942264584639534238
264216773100969763
34013463749907521
340926364904606076
691708727237750867
662902157044654763
954594292624540316
522312914043556166
844178466994603554
183283767193684966
367667105936677449
590270453826813444
76375427073148417
699224291011066994
616200025471885180
99772805916837623
746220766038690219
127417711719119187
500329665519753349
702425195039745805
605378911548615963
662658310612740439
770665174104335425
25024225708247870
545359275281953563
906122803985756636
188228608636748408
124620754374529852
459392670237993903
319621010130731780
11644861835732107
679423402637197780
275322502244060325
550661624494005352
489976576290292081
625602002454413317
578949844436993907
827248467974213166
762688641780658362
640777888048667818
766685607430977019
219554476523044492
316463368502044887
34309676066176170
35199630300147399
561344135244928846
474879410001860145
937480814374410207
775797792626583539
748668868055037669
881877190127897806
778384210268828766
83762882102444923
911046583655323711
312791957680274628
624093487298979099
86284911308567505
761665872825934673
762484558208516839
744696189511772207
562077707760047170
666663201497939864
83618739107366184
405706103718382482
753636393038654325
356670191305522320
285933220839762196
816101073001480193
960633476377966132
917353255143242844
823305670906592943
165913145698631903
263908403005217167
135330641545749866
573519929697879445
737300607409809397
23887208303388453
492473496019514290
384515192096232979
526269728433090159
648342171438667659
469445479794881137
971841678714250117
977261993377546704
442024405674377364
927349624775050669
232634685333273274
544984976811532808
159717532188702313
522246413852980245
108328291029592170
725183978289227719
841785209121666777
331438288954253739
172259160366242945
78249400553742008
31867252216598678
593936103359295682
104204668878352541
527333965242260201
943629029385465972
158523441719151317
475770767356536715
68099016349980659
701304340407649537
825954520002289205
150560966424225094
103842538136788908
841475334899309203
53582523248447772
979972310322367689
32622148477976541
872783773810111383
97101638548680640
565079398340459833
734402262667006
616234888120744734
532786652951914704
853456620299663073
700835749623115782
834415341273044372
452344561944753110
698897836299215201
723683122170020651
189327451370099492
498238558735140812
55617412846354062
541255443290647612
403969836220186692
232237525067636095
943061886007141525
865686436097094455
428629252281537566
293410325420803614
961846663027966147
852202610226445485
321033332039615268
732272992940381142
852880592943295980
46969211738642530
108530530194753441
337867783286194721
207905484337156302
353093791569862068
99963049979780618
875836135940744796
136381223624841403
49793767588691503
573255473395334567
89263814915515919
931012839725662711
712648280602239732
502852030765940411
316731853882125981
50459734310967385
58247774245984848
454983116382215582
635710624737815116
26880830009804880
278972200744790584
929234713571213038
548190455537456500
293579193147049698
728985356122395651
800531516449432827
859818188377305980
430684895500138976
970571557840876627
236576149233755919
924238301093028687
529672337936561176
716615946109727096
58008229927752135
921596606409656278
794790606753921035
470731981349513744
899102309704918954
18561709985627276
513087740822721130
299252261002935170
133514966602432917
511934989014766553
33461536135636597
467469653357628536
276113138998455642
513062485211235774
248909529242290852
972099063443659104
189297779475653677
169780493549350461
742320160074476292
814787689531176154
614666875266152222
694866416623939529
857749917211740777
806478752377768873
543501176371401714
864303908869320137
547007374169908926
925783440909344804
792723821307844025
218590913378995980
694651610560442954
747941698706742870
252953700750298674
454048436775423787
779824963660274655
341194214833261021
39651108813344496
437116692348292604
339551497401317627
150099056987710660
984736222987014277
719170093960269271
167471651344031837
838631715034896642
381693699468048462
111401047936455314
405319069242244040
312205658727306391
695553938416486556
145614490026883182
444312204372492392
190972431698617809
535682106457521679
482823271476551554
409146872147327597
687100899405843041
209248241989042340
433388771214892192
73507705673234776
920020126111094633
87266974035306368
972488290997951086
35436125315905026
163129611817425949
7942821854999379
529373821052318664
546750282794621756
362771124341691433
449929043540194071
132818763026743879
348583038432502822
250278584241040974
879574173082741321
647517855907932380
145649190447383759
283818094135468724
760030595488194969
87706965860453422
838170782075241368
678767914723177309
281255972457798962
789180123945126132
34100845411953612
930322855091381774
349723376799744407
951734038087307645
411938711492551947
924068048427091132
601418436499032657
825992254219737824
165909942700392097
793443575661522350
100044779774604319
623103231687814424
24808333170815954
391837794509960387
700883035848978941
710680199319236616
956317197218487931
845432641982641666
378779553898227122
715722881648892923
841852267193701227
194491066590696976
929301796433892417
710611671545933338
971355042634608891
85601171410941120
437304425463597969
710509319635524486
633355032900133733
999581115497351430
64688600381990394
64119501538563060
200890314213615326
38980704777100063
409137844889068593
252565215176717900
253712299105979894
353658677044535552
575485459144575894
692089617924444129
708683857814528912
585603610811384773
957078442207095189
6149674388297142
152583347881298620
193818642316491389
40099991467996188
430641672557294839
498759266527303535
419037128013055617
630487688701397546
502989463484663148
734724786182365895
355658745554827297
804311541598933036
4809345922725388
96257369070777764
993291172693572881
153392356689386157
783686233787743063
294215480809775950
155504138938972390
685791515310198943
990485369802833313
199483824670182808
474664066365973531
242410397482416521
527832170297233895
648729930558816257
685224724684617358
494499963826734158
384943127922231567
292230276053330527
912893614532401060
5581868779972204
439488717222996568
144422015900254422
497097515122742099
891790181210697280
391717767832323011
563612500785864180
688207934342431426
916497868035767973
741512497676156066
580059431878892320
217240559219662471
532489621629706153
657487719790411259
2725075037618491
919409845580275980
68210583088242464
452720894172737239
163080662151972349
326833628049777303
968637457878300190
407109999885834021
690441545875956469
176114912418934467
973602367462176848
405324438700843031
698515313175847890
446262232056075059
307201328306339534
985915939768571670
849004153897246262
670830597021267251
279528444607602938
755392088907120994
707910589610964579
806520915317677586
808008460091251358
31753649027452
577988326329353714
474558431989850667
260835702295253853
222822113651494973
877621172704146412
259817754068349375
406263703143996306
248869173390771564
303307770874723556
245430229438189860
894733122158081288
533261270732364
911329512223899589
684879626088210939
230847264562422546
541566055650772016
315572516969576315
88532899136569227
967021087422001555
481182668466613985
507723110543532310
94130527571988528
84871220655659421
426365970034697269
198313778015188205
614319003950365265
467689223332084610
398312843348755127
645829174617326909
179492920536338112
715540009584616585
163398835522660243
630318972574077321
379935022618997017
647489104980130723
148837635250006799
152540312222518051
416341013646251641
632700916429863828
951052362406475043
244775529774039960
950330623543716298
728478435935204808
325109258265889767
809672968528365374
121205793924350057
602257041662657197
627940922876513305
425159913879002020
649570445005886616
767543475204365341
797915328841198473
4151164993208879
526086282809627624
201144615253832718
483591459474541503
936839933279912055
678902707144280045
315413828690441464
160355990038608486
224417709450105568
748376916474217616
802448575671306301
582386948514080205
16238579611216145
833873907456193164
800104802444095200
685315389058403150
454353760860349049
248073778254935063
258863603548984805
232987972250060811
669408125831788223
750712749840446295
997485941744392390
279170548132623676
204534598797865060
425696714131935911
954714108265766914
884555728783257775
588286553671205648
429911552027724664
841818329720375724
508713785328519020
236841338319721551
265437462854557318
563518973914320851
23566866887437335
718287117879835084
791937914498285176
285879682690343679
221664999513254758
450802867868417555
714704080365268042
579976908951657160
984926400489784533
263458820559750905
879108311320296436
425786510263066181
140248938180182256
248792844571091950
859165380423673538
884231260340796063
374717378201038813
668042610260561117
805476564813016555
211818383067610474
102807247086128637
597699252549952063
110336611677196027
146184796247476565
681721522701565508
195719329820338690
371267954187552893
455179383636869759
934258113001374930
695180575387904947
832427364558491721
609525498485046041
462202263190536046
480432252820740401
385281817669887021
850664171839644125
135895893733903347
846439969184441124
470899284760032316
207479022135734891
733514467629128960
718161833853769596
329991115155593116
316152946165208085
987029495584975911
858293910528635348
104280400506513070
629075651362823687
593415033161512655
272198031436394528
471192060329342402
224657576121153035
403545503289439846
838268899733316882
986858004808442784
782773354581853407
504651591874437899
739253309078115498
871641886905744859
431180873764903125
204324901997343219
296491895731082908
935018138127036777
537330088578751534
10946531449144843
530763898836629740
489664792415139142
58425211990050250
82517700758815314
417004350034444962
819149681034710899
361686857995067511
532244965129134816
732688793777185207
661810295038642309
97546199689474882
327939684774372443
257293799439873048
217448300391256672
93239279938108713
252316083379947220
279076336032262444
583242802278167258
809550875669691590
191821700198152996
406352679823685848
1175529086578408
772747314871522631
103389586582626137
936873865670853584
45319113787288816
270812094117714709
70782437141086038
202491561722563637
980839061732036952
777039349014726191
730812336516678962
826972117126468618
864182478845696786
43943210087122113
125946485256002516
188268634827966395
858061850945642003
264422927280229254
506582504151674211
834592656840656530
263937199340670936
306794797121036918
534582602904375247
732871258296464711
300033503287274462
483447796716366124
66698635850183483
908743045657578592
729271328599686691
804854775482341196
118815434352384684
921585951529101537
343951383034775471
81587228499862332
513436788126549057
754893764363743899
671341113443515664
44822676195004430
829373950886449179
422718233656983622
655112745122849469
328045957382846436
841758642285561206
411954648264190407
482326673891026066
374858437622903917
346642254613703500
593293576121769062
721828878178894421
379492820786187283
612159470067837033
784008654396005492
965984099402094797
832239894193464077
446172194290706324
680818505981194651
738862480510269473
743215335325509702
18601663091773923
138293661286549502
600409015659542383
974131205986396967
992130868721218482
905698736945094789
286652148767387505
174365109188016720
751604112402001173
46222740330774431
726183128663711937
16946962594891788
1876668747871851
142103173736893328
439322946479585941
585308168663413442
202014023573280478
769986674163920129
287444814414266154
29981085551682409
340805359671733452
704423344065519481
149656337009377325
186374325683934788
342616937318609003
165182327114321895
347576637992565608
909581629674178848
837851195159661593
25516898078410532
28132392502875403
71657823834366958
502654895922565913
989182406212338794
953331162981800562
124279406014354757
472678625744601057
770662323964538829
283566354086934613
115672178805092594
172848593129586342
179524502111714511
100079729759677832
646407128598856264
125307996824587241
35645882931622620
597048768474725721
883213923457540818
116970960997259493
920698317131095474
770896623528158748
918797006247659197
334180680833990191
552199281191477759
858836252248954794
59119015219531604
522796045919154189
218202543304094176
190477278090505193
416338447761913236
154744409331325716
703802660184582456
141239751341174066
72881768544222846
313877136104603782
973540564189480552
325033063474225904
49646319031396832
537179556155281682
354198439772709037
586400303952022524
569065154269766789
977012260484082938
986875904152413853
614567789647907674
135563294023228161
895987874759669489
492523899081919081
786786312218381815
277608152661388876
619911276410030611
996063358636000168
783084374623752873
18610650072993717
902207524508163658
463104184168330512
684844831763492231
296927609587530152
817165895883419794
506478648624833179
392042212140104364
724692474779722941
440907640409671696
407878847172980936
913511041206479422
541396909014714484
596180466521708604
135775132708610339
23665979724693291
24495211596138366
411268292416342881
851037572674490031
304599819042129253
839760447264014424
783951395040873807
139746316953630327
409130948031690889
789415972564372933
619531208817627554
967810245860577301
389857997125150311
496457004916492096
30996845921633383
668503331400240670
200617998491392359
411659877181889438
357121858797261954
289430720648101016
636327432523655446
922179140624486234
279018426993223250
648939962284885438
715477635364175530
981544117681345879
865691287394934776
672895212333044243
668303126316084594
151559825274760460
112223551925262875
697902489661560666
283191819925027695
827101182777653100
880730377950364208
863824482984891551
765886232208107960
410517848624550147
89145431248243998
966654407821024041
834042308574241554
2887918956432560
658108572063531943
520302694333071507
53996389280833644
95124394985994776
10896590921191657
305047365722336679
4120748205671235
864818837452860450
767684826003898106
977920446013107845
314574461515775051
702487814977564543
707170407703930186
23953974042066309
240995515952086994
802407718653443355
649332026906348845
895348559761992534
650201365861650514
697553433480789159
237496368643570774
149548013984933317
552287881476875491
887270392352009495
847905514712307550
235960453283693078
766922141508052431
914745604234862890
827958219064320593
729789904435002779
3506925494445285
557354380694621159
853718439986159887
102795290941028393
949907493973164603
175849847387303169
31869931444039133
804900742912397449
569662328171303022
707434399013877129
853368492386173425
57670050128618271
984219250609425746
365793464892741712
396885289243673544
213868800899571769
910785195341093977
810513561021547092
56373476771206117
383302609033292496
929370026153899809
355571951375386482
175117869103393055
790341736437175472
84886757457057747
605611138231013573
812984883589210921
190707732608044890
962210333633170908
275084991524977449
960084661144686377
401750489498432551
837263651782532666
918146731232993709
948228397506854956
569622657993207058
401580966584266310
855828748438797191
113564449380095247
953808588593216817
89971573641789462
721957627498012302
210920890504619134
843277992741421052
120464360125577227
523512986908460065
386013623049093773
324151369503088956
354869570212723309
557829988997254841
51560531590847005
246127185101370814
937581387359736505
733311727129658972
576894771174980730
225564339705450675
818536971387556302
433072081261410456
48766246658154029
559040975375823144
965602241700506085
167670615687640308
977327257487721816
261778080395600963
535156313791119756
56403214813035075
762356425889416227
514515099382365733
862715615716946281
570334256522739146
133118259388018682
648361513609048130
558694292056464687
955188000407427073
460959626600659161
931298047134334539
55635564491359083
217527914030905002
271218610114570265
129371924753765206
838948671740541831
411783098140050363
868167799772469094
415883867876061949
820535922196357405
853627619927812388
538350133842097687
954433120838674689
41695775196757356
413629858056210628
361432541384814674
276554420641084544
601843149319675884
502467558894562908
761515941817649117
76323434376929016
307299678345119958
148777762868419573
635466428513750498
832546437422295162
595756659718249343
605688652160701476
500903866776607021
621464886416044077
787710853762596125
827016172250409170
858468748110230125
982168595063785698
526472017165209376
18926265605848017
696801195841035497
50070723526860189
973524824174433715
691573700465408351
76492335340793051
228143137162958823
232166528456781907
962534802176358554
433496079972922912
768435902957533324
478102101417054265
60201735414163970
58301042454708349
699564523981973990
997389141306316525
1122392918790642
298867893181737021
266559836041499779
182455693072036516
377063911467658546
217930563952972985
548195223432129914
859126070797964519
882674154533857150
392232511352249545
540269264146702642
215166650444843278
282085514370266071
506342236058886485
384693653011209103
991017815144529052
835788060876885298
982211980147463594
792346689772020898
50063142512867808
530150372483798261
100637493767693375
981327964462622514
147952570690252934
327368958723569488
737587338623203058
531034034068818203
564659089206702552
805240239427410398
409796878044822447
412643239698009051
737245797472605045
472109177672970795
591334305552704761
459079240792186132
644586848469337029
299637600476591139
593028335590032425
726739081850656536
323340570660757619
889765744229041298
852336452484611925
300568209600905955
299274013885897119
82303923315764324
462870331250558171
764621315145651395
301386435233618273
924808569746671589
793702456547182805
196005606141774479
459706177247372371
449414673537019736
836574007778137398
40032538199200759
474855857426438099
184761133143931072
115993577533133028
823191562542765685
955371711649792163
614297047914385974
859953692479607951
43222038723413968
742135241262938458
899093726794467902
701347930702684916
40579533803902083
925501546767240458
16762821452151422
256057656605147534
109749642354668636
341298560217908639
109597664786543611
262210880425893589
405101286914994400
883818232710563435
583443886137877481
630969009817903367
836883147442854876
716263125543695003
197497391128433621
709475019049253358
243943359568631753
830281686271073386
2952854426133542
796580507995895013
553188374040633464
459505930120956885
185181986281782830
110407693291424350
686073511872475272
203826552348131911
795009935565484107
312866094443308087
617662476190749104
268520492888286318
656298113430123802
11673714440411679
187315333198077924
544775223866763027
622397786090914020
453452669236495592
204167835670297106
874308572532046834
201681869772733763
153317679437711484
748921573856348686
262820622402418275
201118747925413418
948508755256707354
912461747608585653
475380446476815819
11850463878297161
55202361381293465
513901607881082815
878939012878234707
304337040698445716
887425818760665975
901400202024198253
235982165012288821
560408335314119629
469431751079648715
402972653270143520
75085936478111571
657720275732572911
777857823826227566
835809456482267539
981471637386906541
531049602513783237
984934848616652203
369403235923474606
23683116898168820
862071178555029066
224681532331264175
630797635724418757
441334458072876791
371724625950463565
423588278351652363
66627405942188330
474205172263086368
274080861703773151
761436990601107755
632579605501207499
780717580736499977
790443811910238164
607561033056548338
680200626346232716
882044109558834169
527263344233182276
131041742622966545
952089876455824079
614317324672226361
375946872163630853
31114134086042803
910502395803917313
91351431892364250
864278912190113849
536991083264481496
616581000884530720
373578569579728121
801263407372975819
839535193963876844
621805567669834514
739981515731829353
822815334305375956
468727568402133295
681878023840715358
928891078264939019
260126605776891226
883012122941024623
307246753220104068
834548677690122058
787333998787151106
358800533322437207
832565608560435323
766554750027993823
32172447829010717
506664581501730836
467433981505446221
220922420749421370
840174982765247882
471713135554205998
280262907285344639
42392302931402829
283301928551374210
316707000555534388
164618569907576361
214045264813847129
465931695890841136
574169642959152186
843810877796847257
20130246850669155
117372153362685715
203522979714363729
247015849442754226
417667820723928764
259992562203777191
768158089745851672
588605577920936839
155580943070756707
952277307744131247
244806431608791333
901116063766519754
724852464984027304
796702484329453795
153249493357655450
357077658857568857
449833334749221280
292166274547142492
679338740388189598
558900539177913503
846191289866591403
130351684823558423
326245644134412095
294279419617023951
116720842392805998
943449490163179253
33907832955964539
542860528663501229
67381136949645866
998803229526412482
219479704746625757
630406627400850810
849385071555239853
916716402507723025
40117811330428484
354867203313785178
18644012245767991
804540569237430178
78016150979069418
846499493183834697
950420268216740475
734855529164190784
294636953396652593
613581033260479761
514917757995461066
529976829070745826
964765077934378585
563160826568014061
433042611973415515
519397080627971615
225211991534773466
192306247382056955
874877713289562884
460853309858202556
483865423442858473
605026760720445889
426451032035565697
310624797654078743
675617433510888961
492964480359392662
630654936936806329
511221289559356011
839503107221515591
681384562375338598
887764826772520397
878152791338165675
695531606123415938
79829186701800187
894867371998016149
748966833614492691
208848175261995616
556604375257482695
633139885985069843
927095593213322283
720964539450623797
165707355209744984
853115248771058514
142990189859047948
887079422188128927
523580092153575453
843417837541529100
113645267645451906
745203166808533232
915347761354436412
78638788389005235
496908439322065179
908695978786539581
41044578554198023
997578374846280231
714095643628035213
894060732695300543
314163970028001107
71671785138804944
649226512943139263
213091856600546585
87404171607778105
549482697256492907
774023332624291494
889498340793697967
845698002573099568
276438457779796285
488279671149521217
727299134772995734
541164072887063767
186054609323975490
707582119387001871
212428850596259070
75704296745384633
220530264087712005
813997168316634773
787286554741836416
123214739147591902
927944530401347550
432648895575774198
980080380666082467
164183022003206272
845582644725560571
557175677377141281
391192864562340840
645565600198473122
60701096855796087
342540401645118741
897027083820059088
287222624501087815
276720600865837042
749613664490858297
163624055242816292
295136881814455628
286896599573841006
177166595938629662
891007774856350822
178357093203868441
550373013757397793
296137222489463544
176184706265463926
462897368286901706
799611456360590493
552853457522128663
86305881892692702
67228065157429260
916867937093413522
92109787166691439
211308449955401329
130961827284706133
723094246134416926
668673502208586799
589804618178466251
906407320830685819
399242051018207347
725207626858483475
371108844712421330
84029907454303307
351969832128556352
270511527439084537
887062048507434024
802181676415660013
267272262175699260
247299483827257974
57400742554085292
949671423400252776
544006484435847334
554512124906505524
857176391895144717
598812719705592375
192240109153466289
562013039130226305
659041830609923911
444425186284738464
86233083678660903
110926111274226904
668480384788508663
747497625538011498
209735035208271043
228494617532104528
664053545391525918
137244003889314849
692599624612568021
793005215684082220
88873523028079231
206287483515447761
136669280377944493
639806016482343237
900288279891634189
251498164626394721
277681588203900434
137833103936779947
978005200119482007
880154796758737414
415216897448497635
414198308349604100
488205427320460058
672824935044325376
350260271795087225
484847465511765029
96455198506351196
639617280432098524
194791632876209962
26484899472057711
800512257462158205
945141683591945989
325873111940718559
370859560308200076
844530998638942797
921935348146244435
129950361652707695
789207481907088292
496709624377094609
607748909372986256
767108022098571604
172035532996274726
437767776521955534
859930284550542584
152387081334425863
357006202349383899
693574132979167259
185793903612706880
300192237788485491
50385494334193503
406662301553338068
46369086819511855
53588201314472239
11025968391982494
799912979402343759
261267720741447989
429046054384527152
673561916060579482
988510487719410494
323230095642307021
994937782948169734
557226454669474667
397124922596916776
593347827804251400
542244718198037101
877279184316856857
946029859626613265
190075253311546589
200861349688555952
694323582660319179
941233580814866386
9135724036711127
911203679083394137
189345792205247357
50809068893773736
175323067411173004
814980198374454403
621745824502778489
737691083574813630
727914770263237122
715449937151406722
267791383880877247
645944558715053205
434530975326132813
187433128135790377
378495262772313997
63826389952057244
111117501439438349
152389553908661406
567623321050354168
53094978924761511
509001755610973159
630425669140678279
956565251100024139
672527370184786784
349711630391007976
914143768124359352
14078789637265309
61691354836885479
488880295672053572
71235916515589042
119397545568372283
562642149965237042
671731392106033829
479707478706726156
205832994286136390
469931506656990375
993193039975206573
464957312721786890
756354377414904617
643823633390516113
576897831194967440
392225628364611608
808864504356541173
80238607065053065
66751188315237003
581846224085726529
112699280755414805
686476971295585057
942159976448540240
7374489220379305
616356591372361923
634334956568941130
677823825359361952
536728896235411242
93679097097727832
339127500309772508
817947926146136508
515026285650146229
430161436648686872
224507705977586951
411327855122104553
372836608435370467
944467787243348849
2531106793819113
679842825964458730
534545404741024383
393799545284009888
415460494324561421
780335477931163036
689558053660241886
882530114504805152
61042536593556942
673652621884697918
37812870625474178
128508474608994371
1641823095439849
894891262740600618
482232669395097510
32247333218610823
989109852615969310
474353517713329213
182129533171293586
553070036145405745
778689246158954873
756346071948343631
753766363345049137
104466434724196817
94515773362919140
994386899125465030
972036577972803487
31080746013099717
896611381304768442
974629935319149069
932296532227011218
847619216927935394
825245065628010566
407178231277926908
380285490418226921
104360205095980472
307243568408805909
564985085645484435
809281490912284210
802548010561461934
119796406669079211
566774222153140023
458682132418465281
524940673047646448
292958401222993922
552802854388898402
527066930674352294
212394078184401425
201946952825822941
986965630831992834
148164000882918294
562530459682621319
510040019255055718
558608111117557547
728966872389061601
221023104267886336
293100008960458169
189338363489764169
335871726385339576
114255544273192181
932365729378479689
586660838362735338
342481735711201273
320028047391159407
439375139603708440
841189102389178527
527466266231261944
907416309326089435
497004812470893902
936176890033163791
383292308291157113
930807217852471240
596710502796593862
459331143836196138
77993151428884493
655975878358493295
647977541814529662
123795844458201600
249789732711726987
719140683939503608
743843220319244539
36161720875265035
516883893248214608
521247253610006891
594483508030883445
803050843360373024
332209634360376210
320311695226193531
104990842508852031
899960341081068508
546522203974099680
110212867909176771
63579184943875151
816541136887655435
370769149521149621
79407948858237802
119642244380425155
670082081366987596
765938912920562428
739990952392022958
266549288162693993
999835243325912446
668323696644601720
294189348672887590
977766165401638684
170936083384806210
337456052531997770
183657656740689826
712070628026795879
980946577550507142
386372301049739897
373635516193664076
10451035331140100
79830427933227761
708970349228588163
744549327129383518
80134847093558835
558248583696123508
450554823171825849
170846512323496352
108923252807930736
134438453950880183
577872206767989706
456467064068691671
383283730117303774
831381089451979450
312055711534386522
595234170563790926
492988975402666677
158581502872565056
117970516702265450
172816544476723272
480112887250242261
214962104539007291
55081163235160026
615945592704516002
29740270589821252
278538890797089142
54081827654803702
953791383887022120
246724337185100203
269248178099503609
815022206114671079
905701126493473600
557467308598320353
317126172295492741
303155215586132539
902946884107866685
625677391746695503
185406988608545066
396132916500828004
72046583213541628
250675575209108888
115718251608655056
292462391973438280
260934909030170215
23060292452767455
333674275312438644
974209367567455897
793980574013202669
453764884841717659
53260405993532669
158201812040447860
828619797343304438
671894340194610115
822230925603164047
532690025653018602
401945766899291502
36305620740979574
900757870356256767
886964612781107284
53216981976915544
587086550384850824
151876533307850885
274931896333691402
628155863192357148
223340077820478437
455577354539974398
544981010449423791
11944654142648346
89625561270615966
166257415310488550
666584733415329996
895214107610241002
472016602238459740
375792765170032027
865243050858279091
710016812316780955
31941276176564327
587420937302354098
211159273282447763
241588557326803653
274045438417649350
863188837139037290
376951190491933674
167211788422480494
571722620860331181
290823212457430498
893284644797675727
503030235090780147
82196938708771101
704991531121880231
817783787458818645
435927414485021493
608537864760294508
486529133172533535
845673655363671064
392681372247684413
924989468543754400
65984152962684713
262500379399093690
754921746742672589
977325469794593276
957266575590801516
531806630807210826
776813858544143012
682380976262763421
454229846275238137
381388978953422334
724736393548820054
790810911135692766
661844479218317790
478220866187285608
722625451858480847
967038134632670070
587256251640947568
230836469760620846
955337290242478813
200296925664833542
900737417621138950
722822063614763269
972183440929884440
96235413922790444
757377188738988154
282590769048273148
443672424986979832
7938852270797955
598609247587092287
385230814108497316
333821592933094110
650706064903846364
795314553877792159
736408572118093966
69494343879152953
885305538921693889
658994655364383255
20034764619345372
28774601549744558
508583843048297094
201696446296754999
297319642628553743
56674167921981550
524238688360305645
204630638135061707
544496215889789290
272304284628249832
474766211858773950
754889921360255529
308653266951450199
269625481268600973
498313993928082260
870588791119370975
85976930547002929
289702336665227552
371089381757300984
468020894466969878
270617287043954535
999517672649428296
849108684101463687
228257588253434909
976256836055296600
951147900528423195
299655747091944932
493961929661874908
526096051879631759
351804734436149390
266456278336664436
863904615176776306
801565662160213078
278277800067979768
762450009993566863
55066403256592540
799333493079765834
365412527328411283
18646858655492130
234251774287125546
600684856143560899
947194999996284163
188627327114957081
231887306688334768
655024875802556773
290558880527708614
246028426836480746
840136337931947470
541937084004747925
382922211504437193
800792253524789778
768655893948489676
461379918202125043
405517665924235477
35793892148890226
630292327089836564
660953870330064626
494055858169604127
236381383525294624
273323224385569471
609005733123322686
835109016024937654
747164157899398544
203710032241194491
271840859464217411
828266038332969488
126922002133737547
454417242836015279
606905518703137723
703145152441997463
691904458920957785
248479041722325709
447992467134738734
11759021265712632
99361397242754496
830948610646839295
195755464919492680
576439813920651747
154906992895826205
397258722146648072
924070107750078107
768870527464521316
24273719021535748
73140430856373586
625626797893522657
804064447747282527
694835154676273798
421758877385099113
863477476998343609
539499797077116960
799848473741074119
447948483549616512
712444474915605980
788586119661904865
991364493554957159
451548698848834805
571393264686706413
602238731618820676
225013919218472967
138833141164546493
548895572590899126
480122954322355379
780353302710219728
538239170929052395
422404524494514392
236428787027329042
745425256019225588
322760259087706448
435997301447324984
549311138624525616
638303860273618983
628322630133951439
471114958105909878
751872878646995244
460728883552828691
354533094005666803
618887084209846648
461240950337164830
236574088131076350
547516647003073629
200410142595954912
328445864785125218
458634813879448090
690675654765254510
918915581154503595
71397665141701208
970945754859143472
224838086542654880
126510922545984395
989156607603034810
805778424143347197
610818843297759736
309385827766780265
470838965989973287
315555238281694675
487800625082092745
231019529959866901
686638473882836369
862241135188699643
980495940898996199
946378375463428727
866586817239365099
535339273026831937
811555092877565797
997519835460793447
469352539381486191
105466263067669379
958705191348743136
526715419367868639
282895368553902678
707339301681397786
752028393675331895
507413628203644080
628353420232608300
51312553297103958
591647071701052617
639097234646114537
577222324738231900
530423283505904426
174426541510146612
4937188828290396
296076254461339087
750132272650545775
285469404541992883
719358619999857442
82436443527680050
134873928125280147
481286613175768232
647145462066627854
903168819807598770
833930369126773764
786580438903656454
323960368825157193
513333636325971017
663552822875324339
147430215328172812
683866034614357167
459653283547882077
193829093864123790
518117957036549998
274233242449603437
847656713262103370
671147516009657880
473852814560185384
735328570303311726
124871572306116784
662557093249191364
406308767287940547
667291838779194331
91145078608556588
927572103871920535
32843387079157497
800785960150086318
644184857758815661
276013116045517218
519435618203303199
811309819603335451
482215787270716444
964179167343711581
891659081179666622
267170343119438360
164962991960497589
993797524489866844
945296448455789553
235667574565270249
977023841426723471
794259979126505139
241642919559845630
726390689815734170
78612745143120709
277471423033467767
745395562278276812
892093765596846945
299049331516647734
173875661308741940
259003792135835507
705373095291343703
332402250752542015
475215154602893981
215764595317734564
989462502556460225
675761471389327361
456530757533463235
861880205035349034
942160123806823351
809748789394370730
449379241891648976
371779764307183744
839472933392110988
477728626533401376
40114703638916972
258685486207930705
593972652720008044
504529495361232595
687750078619514178
701234412734419935
97442747255111321
174874912853186312
146775186034781580
777065481234990972
185840732803495252
902443305032985944
499965401495772538
288672230298046025
77941519440429297
320078333641429092
566531866496292281
597012847000132964
946812305640353436
490970938535976964
34727648239464735
956577711082333609
450368427023911374
469636726546461218
716980368954702552
489154936017982985
517636710495447223
285090215932674283
330936247262626610
681022759118828578
159142089268547267
32598740994135426
921348770477353462
112980823039866539
745710215620467517
912327911235885656
303328865465181433
505989997825164194
580520519885283300
975454432775930488
161663276345563855
908449379700357672
532619435238992612
284763456148463063
913479198144873492
840342959336310371
307146254784434944
751229716465150948
509578760091833902
500238577234149271
194987641740829012
266139691812986764
416182763106925337
56427183898093906
131840135140903123
838586057526715435
144007139852442834
525455191519003115
731221721303369930
205334655247583768
671406387985478706
975442431683493633
758302178881840503
265435461018503507
882520660432950014
247080048009380835
410601927273612415
51325556489621940
109068298918367939
646476888187045933
976059925230796654
898976447416063416
152369584611732267
986476128512891473
387072560410278434
999119527262260942
193149929848810613
565420183839134702
392720226242632548
392773225607681526
658083757051674139
600647557716877420
350209491252443692
874373358004315432
148024266744755592
922206314432595528
255350254904473830
282376078961083089
535060717528722845
203764870883236470
456442803397506239
854650099708450549
281083212326614131
148185989862026059
708843785962649509
541392851854936724
30257774247606151
936382986012300225
78837824387082310
325614925051051155
413787023244125151
428955115536803718
774455060604537558
960985412460394520
10252602514529098
30365224349838503
185532836172158903
825723477098614240
571166899360838583
329573006751662631
543929131248693095
528800151239561078
735762565365959804
22220508069744942
816912136018607654
537433495575365800
193951327417551555
318368071586079587
57754031355594302
771350488453244426
334131062569311795
631602548544931162
801155166955834547
983093742614520688
574422565692039988
468528666856296777
798112699166263716
497611265255230581
692349916703756219
820414836908653903
59377294668411593
107907920281797384
250041906114916220
687534682284085813
333716572404262414
447328501570114995
465660457191759529
508261178141152156
968802977183208959
281923111942599794
662989511162116175
173545263764443838
674481589375404113
905984533794180321
704607037821176525
719544107782849255
858820388133830206
729208254732309243
85619943121794195
681866632939722185
757750400212658520
387902999635701612
380149751892686908
217051834487793060
15866835939403820
686970326152323964
57018105729333865
356060698221998192
17465848253456118
127045326993048906
334775783539551927
670395785761984656
630534633675099077
601765691502914692
441176360922535921
617648795797519132
726236143021189483
597827851033667192
546215121432514541
802652196385269164
326739929048405475
828976794556674900
332713936819070457
704978721829956885
827180300099410170
232075735227730086
162253885478087043
176185942003580364
786648100794548920
188992093811829735
304274446977845864
993242872022082656
269422273393548291
465679432965987558
383410362819858309
986857228310443028
302952809111976674
575469945027376732
389158370804495690
819995530825105729
278968473034042676
9505944166515319
225483386834395685
448219937197987298
670818607631174941
662154258160761144
759823406304880895
519319058740685357
757614446754928504
813163775182672638
128575202697051603
286135222493487331
481462983866480241
146126066252172058
446167791197890591
216161383476113908
650646287120594932
889002268773510487
934627033003298548
493759961487808044
289111848174995201
775830586034913146
193371652036811670
140025147520524307
359782097266049623
168608693509920665
308952607710740526
694812618001476565
226635176386203677
651794676126992440
908410153981598280
495702399408620412
133249668084379532
653702218645705693
581772802308335355
529889380858600254
322154992844226005
545513549792092580
509992719362947477
606695604838336540
283504232916784248
963534029969038749
683801747019133944
874938127206935654
63362008088254944
18348576248649567
21121098185700157
412886861619848727
819891231891166174
225948848576148112
662670029630849540
833410708035562389
973763769015312426
48200338865158979
629748656785938228
764415914877874401
340999533989736619
456439120451033674
