1000
68185927518027817
632652082785456554
657914209985714709
364757121451891493
306842305541896278
352701800596668371
927809794233055829
877845133161693605
686242521767965863
291210013083661223
872723990067613652
897609799338488085
559902200817579101
998499718071106901
578043921829206070
624998978268445090
60207344605130563
911504806238159645
32999069597084040
214338139546304590
338753848086265045
376799124704161903
472042475811117911
676394173112245743
427914917904884871
230415172571508948
958868017537146525
66522624035275968
966859089720598718
146717675558472290
514253673484479584
709231881788436457
446818468539533868
65457628822446844
818502448131195812
511466871281286564
678810572811008684
888305501117139658
428886268252206025
971655457886167478
86634637197646822
53032785297337564
458464952118949179
633114532459906560
259638457832092561
897948766588604807
576493159307913662
111950012456246020
129075333544132157
615948959156713736
185317231747464767
707306678706388874
418903306441520600
263834663728200629
341325472482084569
401819099901196526
762602176442515278
999794360570247313
388828942874343423
902979153206653948
656938522356785685
406815617021693021
749783618867371386
585773919446753036
912652116181114546
309332102464139197
936780687713207319
403329561384833429
895837530493720565
872972845309281207
552985242877996623
293656617710511823
338478700815354763
450692245619417156
831473540710750882
549437031299791916
826237286707317864
790038864211506412
578435989567666725
629795833839670220
21383657683120996
775854973828179713
524078421676579587
595328567655050997
891789062077494685
818301166283723889
753057912882064637
575278587003690674
443043172278657801
746120455615429643
353209678877683272
463623981797344501
838224934300061191
171919118726616581
52745905859271812
416949215329631915
196827044088531703
213037510882342859
715882522053689134
13325173313895069
207689349073900485
696494538133835197
552956960056192805
892811145137995141
304931658548123758
188583046095164962
600629161305347178
330069394903112690
668471012096930720
791823701744326526
117769873621223009
76397861573718490
187948034481838667
171693576399542020
314121796775562968
909123444861114772
852603890898295567
910338177579007317
33372826649855063
482050248897867668
744235617616941772
178484072454578249
778456533999476907
730192226398044893
47717714918773004
357481866579775414
796725852117552567
967047191605981065
517856353857430670
604290123165648794
383498796190149075
329374249545681739
729738070552275413
372985662548957935
296194133598062120
474493824520339429
672113749192434052
866150175725027297
348438253192985469
595450819182542752
990684685742719742
162716875754786445
523247100354100845
986131598394468858
192984524585098449
634969822168179543
354118548554368032
145904493007244253
838651340199867198
637779921177817961
14460560003737257
445054484720341097
570928946691198160
630965665139790676
291215588074412419
524244237651027257
456993574781047462
564376905543409530
563396759141949988
975674855456125705
73151490829811495
291543267209984658
94598932723643520
784717159564941863
155158175243449456
586503996102756895
730968807306502010
109591875879318268
917714538960763077
414744500979652864
15520262268909409
783073711364497532
221061303464713510
47656657041190874
933969147913489018
946043455970675367
286286314568756167
922476951464474555
614810852706469267
41965306511912224
678903177286448261
451585322762439807
709146971104595526
577629098341241747
864891403725288846
650673494872410441
430069657319399876
643537929920239189
114244318163110816
536356154785071899
757223972407690025
77601804672228023
801363278147556552
963674373316085061
520896964901966841
639835048907881374
511801203615992509
764025262680582135
199291327683094202
22147664808678938
167529596298251099
457248588381413535
498234913724970838
289328414867500982
102844466464134481
14542271243085984
814919299431888841
318080271801784093
829349177017335179
35534268212237412
744086644195057809
652134778310383660
354970066693111271
422968565837668973
144426587815712868
181863926665508943
262146064439051117
341306689145482616
377266785853385547
614206557540504018
222516338554846211
80830452373694414
685761036639634108
528327804720511225
311986803403421557
192496681627405030
905749059714894777
430176840727264542
35263195799859822
206517469313206935
797598684419972123
185516235844246178
931884589807144080
703086165802437319
450721455302543390
409194655428322193
442629869025168547
956594595603272189
297932403809817600
303053793468701651
365422909485560189
515668986796357983
221670425489239255
578508816184728681
851934864687126031
11839279059677780
78962675644666123
490710931252635051
407834868267719649
346870272304440540
487897103357218024
15364064470465542
208653390567210380
203760550168414786
420385728830818549
253691743675684907
682439971469824374
171144400791096485
214957428851774452
104566163072431422
935322018062445485
978161676377555625
513100384966791301
29148980893899350
487283371493697731
257348370495387029
298662170941495052
700366190218017915
644007714061743549
259471450469681226
535508366338837287
146594893580948769
699380916764596593
8331800779352712
969375218488975717
534864824403690971
48273635979859665
227065597015326553
719773104365822417
732720865019186390
530830279853281685
937346356821584276
904192624961205335
867675894875573058
949224332720897170
490064990081776236
211442266382358379
596169268482103287
542165124715568237
137747924832951286
260924760148372080
944495408299983311
675545260606429155
792374427159634820
232310217493347908
582997373840754306
72956495590187590
47085698750326663
103309442391763926
885099959347963123
888151976974224832
495570392868228513
359021114831903409
156126505912812437
272740220703917133
639554767095359672
382101367980324609
646280923483804945
457064935205144464
569389640876667496
289843483224494471
707173467058246836
315428767489270036
378834943131890246
61913712797712415
890488803287812852
633252657505657513
389845303779608177
178037750377017409
221592490473726485
248944899596531446
670351140259060187
513685234194418527
121095504480499837
996714276767371754
841587565313033977
546366479124472721
349316167533622601
579502555864426350
265956237796055106
628124943175414787
741719529951551695
288194181278569364
662704276889026686
843976122339143551
614177407254026512
8245305953272660
681521079109749443
373646557086935125
562386570230239486
326484399622566062
417822880106251585
869933577648429943
783567954553581239
539399266778244889
655641415573091183
274466700504116394
738032966923209445
887748071327520890
7629986630245723
501606257257809332
354569521980394200
959074125276871020
806192797687095076
372006442008836272
105140488432923432
69920796404417043
433624080030873476
698903928449929306
667509321158935635
92677035947511924
865613412569241665
530801019830020769
359580796134973193
164523769122577667
91212205666034366
252359241689885484
656817562766408424
649356848336185139
764141089685163622
974196001102660559
443495380118795999
854315984483443172
640044977246006593
257378329315830561
950747843183047679
175804146392018022
166476396192452840
373453035043006556
229261081217993408
336685462496282253
650962831066474124
323627889039553252
370575659226650734
608336197434173550
157239041516870086
382866951180761210
749285812463930559
339899274543492449
279149392263426808
527847568689575265
635811994152213453
857348524962031005
533232446067915611
130852613972906084
166331660270669748
797892947001307923
745196932063007457
254110969495248679
520146091931483848
137729145885326444
406138902219606358
226924568734101704
909451360944682229
923731361266736445
462586248056621629
909924010624923730
402426033479990516
784131472179090526
977252063795675274
243874141494176017
336821490256195035
526468204486068835
282880616441289758
241840136341546607
703558698484955907
805745549943392543
175378051083980868
856446989706056288
629273422148911186
568653012748152899
971878773057769539
132310280302100965
49425130716262671
918537814627578324
566651842474461672
507606313309475738
579498586858980887
772461891568265894
329722127050277336
177803515022224962
433903725570642573
931603473477202158
84940026495493176
734127596351157006
307685148683506227
490699834871060130
899000146532439328
96825845702443113
963700917361470486
754314426433789470
652682972100921630
244305283093157936
841118036521499364
622794055311648387
581066081801766836
262243898670665335
686883380314570642
995608752838257232
418068524423440853
740988427938794430
632931112067149750
994449981700394450
727218969781973102
372409447487264711
579449981534835245
873587084974445480
94394380330862799
688407892563711932
683666830983331182
965544965932872536
748881038603800921
155376521557468919
39079586201192513
895819959987531681
598669634138133959
953148196193378139
544328946979507734
773073416360660773
277207020225724373
82973698564343270
657893899074855295
544054124375574746
629906093494705586
545111506569718056
582781498522377954
868544286909803659
335613639264628852
813733047433307568
479126351099031752
14711033828194638
6184318607571129
244581719939266253
510377452669250155
368330557378265109
263515309415062792
506380229236980922
334245875796596281
94271970373525537
108794492706874459
49085617672722255
289564908114351720
817941555179424146
349580069043255980
344921646724183178
290136241685600061
832629151966567873
991431594542345040
61217011313814260
127203668580720603
893892004726713348
98430500751207339
561278309015948311
541774450075950206
24718640193260514
774198835522764681
713387720387721005
722421736109780759
292220268008481734
456720817831168416
269117288507948403
828090551058577882
466013392863659877
705108480728419890
307939899674185402
669731798224862108
496108265540031577
991293487872511328
549424152442886130
754534153181472882
796205189238724732
460752266097826763
847710504830859160
990250046806696496
379504974819795090
733660460672122633
245712206167885379
828576074853832893
82292447195901082
574004761372395535
77052474701378827
313771761435723468
401710200571112925
679351866815822900
660449169993442379
237204865756812388
502001812765571554
203228966861438343
72860132263057610
623800185880206683
984339391469906042
866464312288825580
162741471365314057
792799028896904136
483362684678910340
159755247301954253
630365018434043033
592699169312690639
468689059801772218
409129396729711805
163412387638314531
638878579351683581
223769085991431774
610150866306044893
292517311725219340
584638381558847382
530741956542137775
700782154363501392
887879751034090998
198991323733518691
266719201721941302
58850786268908267
197794210180277799
860441188737121732
559950236737086886
443257457552222593
305388956508005929
575529970478086059
923627843286389754
82099445345250684
402287791887239845
130800803510896190
960763693672148834
321183177630125721
873783597490608577
678521092578368991
454587207304574540
379338185234336409
471305507099679168
20533610769670214
452490095596441684
964279423098438777
295896516561475028
766206124817036120
232734860300614483
879682977990220608
76369317049452014
593769740023704540
971627604982267138
280915579001753647
145603204228224852
131315168337842713
618467315411573196
655086483561588516
764763062996397355
381810771214526031
990705733121260856
695159364253114193
956730447486115054
398325784242629405
63044548415818302
979651903563444613
633172963425373912
959168449173207087
708642427706671637
361105444966238921
157788979326483079
458618809612638355
269849100053455978
129847739207709932
825418761858866542
99679631753796948
368420245741857276
240766796414854341
97331887634045783
352757854087412207
827151789360804155
839978604846899989
346615670627928263
830288231329606364
22588010197759111
33424255833697446
17692409030977466
665737647663494130
731092609159743227
925001299161163530
848486299364785139
636302799063190286
606490366703394458
845133799974049032
62883629642730354
958791726127807621
55769576158186785
569399714839919385
177782564363651891
814177080089387914
495319171138202698
676073745016360921
870539548208902501
269867912598804184
68405670908188269
289350275976949433
699805468149463578
187888836699296545
452970865541332725
328505776095632304
158280407768620396
988056598397881557
317648365960895164
608341880415865712
456418102125199326
983861635593022769
206486323761727130
190204305327932375
617797499496807924
84491876756980132
614614672923628310
718483716424164685
872877494262595374
160626676876714223
636537885918612631
229204591053485695
701290898517584230
927398002721871698
68813075082845474
235450724854368501
835643142377694090
560889683955623735
970918284111756557
537649945768437645
133123976549922806
530617914161670035
936205489343855954
160824249540176115
662331222824366817
977018079006616692
896429447260605992
590541238878232115
704323198211185934
696401279087090031
682913026868082551
547510962285140765
99583841268146745
600828658562119225
24832637313442135
876514309911623905
434559491141110640
606878812493834524
891894751699097235
556994557678752380
781079085502141415
852333323557279080
191336826630373167
637985995556607299
811506452718775061
441864166737125395
914236063495374053
238043867817090911
107602021617290114
592222985620851750
436454154533484950
579735288825848907
33171967480488734
575370722948467486
176114964175539187
38865359217428815
521183064093579227
966306118808260028
852072581064159684
487456996652919320
708015332179804692
868841546207846968
124637164690725515
253670801769325340
781037030562329364
202240884865934044
651230189883637767
323203784855122975
27921773126391717
651213168305420947
324945897251962543
845692270436152953
472880606439006552
212733549555397144
808032567166135570
576695813373175997
68753247347364530
856739378401940374
497072902139143603
123636709098837662
184304854159602248
219696102842926282
447084984850357975
603506771461061535
133687566135716433
570683435720977375
327213985832203868
308556083512835926
957449360185689625
350988443904120396
715267455734131869
460167106795064252
532521958834199161
548839384846091063
360220156158864540
736781726588577215
420998560415169625
139502216842033152
650911167357645521
729178081404501446
581504672709768525
16747410403744428
815329475838085493
201220898364934691
878118381012953584
195114131380240520
517147191704592667
906365263702536115
544728386303356006
673319786119427208
933276373423851314
430840797151018022
597075930436540655
103752945676600792
49831016753288818
127305094523768501
4816250610801266
765311264929083469
312803781418295146
345269655596664458
729893596608391363
843187051438401280
573786053854684928
509214509877698881
986168625839827306
336301485217852600
363308957197352163
565039689093703538
997398178845735927
714088179854006898
107537967228297258
432562805867317016
5192311586771606
939223412637839837
370088300581560238
568837531744108589
416266319642330746
152859899178907601
679879386146089132
956112312097318688
400568504561478250
641035099518297837
888674562991572766
36717056876500822
828461251115884378
589728342176730626
387447533762430054
504008171330966940
688273697981843625
529441788764646017
916650037364789168
148605776964167353
780115958791425270
309573003787316008
337527444209257093
980890576836083695
33304464552793683
182648556580283476
256930059233060670
775722009080052598
334967351141455608
558122000252547234
957181648862730617
608243322006232804
981482706564263322
136760102629843306
270143623811545289
722548131670737360
565383722792397358
888722993510101802
434953344704246004
259986286756676694
17421214973867013
413145566759079434
914582731437530283
781686685622184307
99754582015500982
624696894197630604
930837455804104164
745119433316968337
841269297272434258
996139794921397691
106405358998681711
51395205871706917
548411954592829944
236498462507446777
379196856214340714
543972079919492351
308283835125866609
914388228989311813
697226051807650010
656092162875465468
362142721198910602
917701691505718235
238515801066158586
397783306299277918
855066967729182634
661613235734185126
469396239666426359
367711553647845974
642961975604413000
557696528813962695
634702370620630850
295900614352529044
659014856470585978
211446668829395235
78491040703639845
687557753955904442
83241463239848024
635523240914632884
746657832908718640
329101199076796384
286040063835129497
314024880943023936
954990702482930916
903574647487661319
621641660057757451
885810724275063995
928906265566791159
344565826376275204
717304802876482764
238918626984554240
985179585268016982
912814518661648896
735374045646468429
488781074574757105
675216790641916621
522889210067874816
165739358644613321
498318654715831432
665634292815360755
268104019862197789
313355711241463037
97438916247541974
569911700898225938
362969460409616129
654328848638679916
810507890445927371
718348446036640113
562873927157144431
198408024566185412
820976340193313945
202346574566656962
302332022821124803
498535964690972237
888209131123688528
186098676546232747
571702767710880103
434347143020281522
558548245440794446
842318817821283659
117440399830496810
111301386742758124
957872838565437371
93178658414234771
802485975626505273
443735260364059540
754197538963743086
773037616466200535
11493658913970444
651466756641910188
500404005089432292
916523238149105881
493762465088803332
825435247210358508
6340849969421078
691206635094663895
997191975491947056
492042022130459602
963813566430934994
826835438742924617
131137103347199723
582259057155029072
299018039408343157
12700956300733977
472178620890589220
908318745478967292
217671089256439881
653102560016616019
972528935574325017
583333762185979625
867734819484203276
571751840537527947
44547142645982884
736471383034317285
957763303014272359
944083444555654528
110867053786774000
926586169330646316
507503182288999301
376222590821730422
241426710397148858
23741957445777066
274937972069787516
654176733800410049
879492542546974739
528747209166737599
537227375631482839
786202449810601290
242307223438801578
788581770498165788
269785495567754019
880825383076721518
496480676740127893
260217222605211964
520400260265757650
304103581908960255
346820678019585311
433598801475951653
923233149875505927
362053939074553642
230522136948948183
45756638264740901
252405115231854082
424754367744679287
446891826778613548
305947980121133470
632591354809901071
850587330744027037
606371801410126063
462498536713627211
153214086072473878
417528629569291023
639472724664498366
410462029741207060
480877765607977586
454880940313639824
434020402786008735
849943591074926481
990917602566719009
658792063756144935
957251930742671764
737342907499015221
557735886742084250
531682169648008873
235625606036115288
566135436901211954
862040049926245149
806229839328830715
757465104125661300
104885372769889480
399432381836786727
23512762024506205
20922717517221859
68167479625199337
855706810619209175
285425761584237557
985791509545188253
842871974873293691
362977488743192208
