787
944536842800502523
823082339778293870
318746265012416241
585280574450644899
241567299538646871
576810185699745685
881133976618704387
914573274956911278
215041377824679216
663340772635340170
415021932942089646
112256223448600193
140361111669864083
167808060829563652
963389592756260790
246109417462346691
442460372006703114
376743086229117117
266045602949779605
543878665063232387
197188218652609335
464849697788262938
712998041056334361
383063654809698213
378394668075648293
420332794014625713
910645626409473988
610136477333493625
189549887426655989
473319914541160363
280002438519998518
359165628454598736
780547752843916913
138570884736790448
564137729727958902
456548511728674771
867289861405414121
862040636594434126
306996613205514161
170936979650157484
540182414402128181
423282107166341878
824159929645522118
986345806857075200
528898276981158177
566821562703511417
362182027329941116
480653058524370824
666696476683074191
456919197716820619
753136695050939641
917818633635826689
688217601682881021
522817501717263870
718675071212858189
315696335814409876
305181653957039921
422591062345572233
390616065805771749
298572430755953794
828384355859270503
533900198160516891
419206117382361885
986007905099389841
347119896276908570
499747146798505322
811324216523745184
205921357965705858
902082910782857069
306912291902627935
763723873357562637
745935084098188702
606326320357956255
572835303946493899
866939298212220015
461309171137733440
594454646933886600
607018711243784601
507346319876613277
94724068031227941
345825360916609577
27319092114737816
809918864805056741
831601213832373059
680094857759778505
286526537540132214
985536832415189160
833973815330880142
427968802112772091
178020019166747605
725435500922833146
967254838777991296
34232306994876471
492146681997777802
401854209018491650
316310424742767550
149138138262482517
273413793217853531
398508308500721070
341610275952098678
318518226602160243
708745901680706820
660619719134383970
129527454430968319
896185851711828064
886486724812206004
598172365494463616
851226923288860016
556111128051701318
784002039999452775
969764582862435849
51893269137622493
43509240161683190
422940704968332668
772250479863431145
113823449511019024
964594976051574959
929475103034057807
276272641464286621
35880659695954436
319337940647832905
269922817926784902
680795014824895648
839488663905996618
562204209762297091
507721406270849473
245273119256633587
210994298120389000
938045278473901249
234514090333910938
624513769594316586
861680028768663235
315797332842611671
571261795533682979
392027411919696296
892170540278318820
498343060062109718
786057776570453023
4944279054916027
398227064299602972
829555667380949386
805450735891149783
942105213690376183
802155213685896976
45897310721837960
990070760830301891
475409189168110580
927999507871627818
371580736117266365
966664843631087590
432528626783222731
88081449661430593
816153511813048239
785512360597868023
469655578844223933
906866696713793538
956575280460722062
297270632336536007
353198868006380770
821359828568424069
716525432499286142
58395663632394459
783495686862155666
165078600013043654
788250275215015718
102241657210106826
352224531119436266
165726089529259054
288623322015903796
151076741999426767
565606865587298375
810489170774968309
834628021873560280
564931648200101989
825672214737849803
61633764241957835
962665253715117891
921425211666091391
639158912646506207
761762056390647101
690589796997191996
661602996102726749
671287983671576499
851934023088990513
264911042073337456
556074690475799239
239446987892754091
31133330770505356
919783873550959909
808003143124995761
119871100335396608
416464723505729142
126121581277872806
237098147239580354
586150792386626342
759076881723710740
757458938870312369
431825215817741478
19854914571109723
18897394975405020
33379808450597152
194504868065094606
196661959873233440
75340681130857020
935584014078164538
438173262045268408
383701601094865087
801081372312041985
784962147110609247
89310559322761365
970786477315651495
496548876741836749
570250153346540642
490414842368635822
533932402730798907
983988724888670128
552863314560173333
201147057236611069
905182391372042242
897104719902896542
707772842850851820
238483159705282699
897808567421586771
981952867378902011
263420354165648448
83361188158794518
505572734067249590
14346197284898294
400711977682116864
698813609011372677
548076115040008091
643898138330794030
962905362765173013
760906751612994387
823872643501996943
50560326577242417
95867135471176698
849198537426219045
799894950040332544
120403651354433507
896730753179603985
436478109561295945
576584577210838678
40657517106771989
817151017500310372
605011699237428266
115959021800668850
511868691921868005
357450381289291754
41294853826655191
436542346553454604
829914080190345598
282667455977975847
288167873632791957
719403348518848029
418514408438056865
420695528063494701
2439761845606279
91976529483785560
803350972332992925
523773353154130646
376227498358207333
667391370386209369
133681200107023766
53747150401955019
571905961569052947
490490501327492163
361422217480952279
838082477511406302
259652164082065855
432980809471548322
226859280206167244
973417134878879706
813639441798596691
554832352018352276
586576182509475322
758732462650763345
638642892620669226
29940844205588270
274775671454924443
994064598436294920
296092784930654824
289064232270462491
661517608421150211
850567407558191005
37878225189503157
669447423992301814
861447005524777011
452521223106607320
752528604220889987
832886377266486511
182284757142523964
193777927010513764
710073091906209723
713603323577720107
183394961308553446
629322609104325143
603826318319010329
106771831790374756
456119141466962714
137821101327805079
778533317309215169
241144958755844711
309946644693148617
497513393421215441
57404283477546017
47904201523874671
993666183967736919
533184990224201892
859854705815349538
783968735377473160
149535365287703867
925401548909269663
429721879300839423
63961796040189461
234676954755346033
688708464111313031
873495358263168362
249372604708978671
922173407600678068
393876387844979719
303323906292686995
854120592451318133
726068736634652528
673911279658936264
385563739096864636
861907950563732917
802527665488211590
778120088080543137
850456152246652465
252231166655367268
137923635203740223
150646049843029592
618440218538937177
467657201592864915
434054117343922119
538428845024741470
338914808653585599
909107081788817673
512190224267165606
91973414714818044
577531168160305618
752455907483550929
508620706390719070
30234970748727320
477180186631553080
664812953219384269
551565247104843964
89289795178004122
939772294856911396
553105904971444477
134153709412397698
654648149114838249
7947581343480552
971175299260350289
271639314032131281
461163241905144434
133927850423647642
592041910660588003
54999610843572389
451250752236766545
544932084162588301
26864025630958594
333645867938737629
117139873878110330
540947691085650292
596225421743805813
430794340516760109
599691023713257632
548732121561890925
802448735092262399
644909142235106512
198515569179382309
854439435342645730
249782894509757091
268813423266348666
45944075135931641
853215752426569061
693738801906391183
664538419854461527
181450280525469480
473850658977044428
723761163507917186
65738396099880757
564048865109856264
416145716164989286
699803124438950774
786177857591993566
770627939782715563
588732135571352137
944456716980282558
733053289247954251
3972663458155919
127482553297611138
533938937670488630
643825419750548422
203906015730855969
614438513783436720
892959996738225657
474797327461471071
852941795574782260
80754671992319863
797156530985272745
694720714794586972
505443891467916667
480861657537520609
708467725321349416
431789260545710041
253083260331498504
725682234888442664
126984969873468649
279137336530311723
400425644523379430
747743827225815792
759323249210289303
562718603671014240
972083104660737896
30771121726047974
933670549460741987
439211681794731755
691674192912467678
245224620639220537
137236789355549372
172483868801476838
3902803955965148
456258929420303649
627840262875765931
379560002371776183
144740461492130819
702168953550365530
282378211629627489
96218308166318984
981902224340593725
857714692061200532
16271845717734571
22693546804467916
546924753312048986
501602695193228310
881753285650476675
598366808522321076
758967411927674771
808527473239113264
219533023827423103
696226567814614711
410017024468621823
221449001239105181
234699560907150948
946669957621888026
677527603172909353
423852251637784372
729701371504897933
452968773885437509
19946599773198706
295879125572524101
52622450897511302
815281131401023399
105469803447340322
903497113064106356
916651876534204800
808302152132110183
939948167549734557
62098123256422827
545043855036801371
702129721568005571
358907384372344731
237586788234368021
968743006154499243
264435218831028154
933934789372083071
873289438331259602
122467575086203846
811177361046055078
906289880282184373
322727556677162640
450896912468566604
380144415234363060
52786712220139794
94487718671809849
563400093296470415
962024492197884813
675975775576504467
445544548345762884
480301797299160886
392221535037998270
115056518793554335
989784481932418914
199559948395533215
93807235584466459
143204533963175857
335948630543028954
610900835985758829
288985710335672955
474462927930507208
424272884449890580
264410176483991060
874263560592236756
651021448262702117
39081855101218106
777308183465595119
560844828603159648
708442930694857800
43198148817179993
178708937278695819
61248674152025839
401224544837332560
368619388932951334
382589558844256065
11841175313049739
213661496983676739
600212841674391575
916632389215261396
140334737238219574
755165873715906496
638635756839057400
512088707590728423
273517720909577619
230378750294055564
359852270404016443
466399607361509509
349408996708938027
263838580939053324
177447085714792379
882611479882071438
822959698545497371
827154695088878039
614011927694057715
548082646128918884
386762248479462522
978298702867931415
714607264722885302
541620765781367088
396225717685879031
260676930514864939
169599305998187416
391280483022164100
394307497918958888
240591236197190928
585469356170605943
377601845074970608
209739945939923261
682049390003614420
392690714933847526
233857273340146491
495799879474468201
350437579326012483
189123814974793924
620198384551355974
42995284189775448
157246870447904063
521636133770778810
710704457188729118
501841344850602938
914878620898587228
252230806854178728
177871210882451166
919887713675142346
700745968230821182
885772600046042936
500817548246109168
60225644796226249
162513354243980597
447920032834805096
372025446083351215
613823193429530494
358231267557356999
13642973328747736
119844930437069780
145209281260718493
641213498555014397
204077471872255883
293323584594431211
16416283842007421
745236895843261464
686739676415531832
858782308378273031
892810245884630377
512175295220404741
521646125018324964
961164635898750726
419631593311544874
455587810688234944
386450981705789002
230099221335013935
500429775539744167
140991153713498874
482666791612513397
336756530505764010
799268862344842019
942488153787225720
45984159349575721
554354003318119941
809585002702854149
927148699854650549
753163245929633154
782025623910425652
603024866587838286
533060993489556913
125105899822379152
790837599502620768
42400028787992479
60477569206115465
741307080055518590
700731119300154720
323337173032783954
392784753108298361
64874601761336180
423413645012069201
562511897681114510
88870678875338100
676632139838945117
66716599627149402
332633514743086131
621515370613778920
701309976593279790
778830670336553776
147534152527397979
680830404337411373
369887023192449631
901142216510588895
385349034226825222
239568353539768800
623733648919089267
407215565235227102
921239361313235796
990881485163538077
181124855766091104
67474358068305141
249219504007203129
619375153396216414
698342876948688449
953303378225538433
348100075167204339
750222444091845891
716057183587966857
780432956022499052
452495223118916475
192659885018417612
352129271467757161
701028111670521867
828197858371282384
9738142762015259
117782208305189178
958328652968113334
868639715210076825
216473289857163915
656380379633072965
189220824227318186
583341655859898019
932716047985062074
542083666152261022
434041419526959365
640967062522635330
96582813493984493
466773517181242755
96536090082139971
234589946149041173
408354595065273567
931806822795738659
293459172623383268
463120426000677006
337386575149479062
916787203814576078
998719955998143217
53066486907272422
768087786484289848
73922710471067305
246318587587238788
585515561262086555
755621359772343378
361333582601306798
923607942796983973
36855268983841801
744795312907230847
295885797348032527
352135908449709416
115415448414061212
4190755833311359
273016616044059126
905888597838587763
254373177188212689
296545542257182148
537546551527759397
514799718202687748
344830311460530869
524372703816625699
635513110104137187
401184317909299836
638576580747609400
879797705862254282
44866308318098013
439660991757848453
658483831664708763
859628184930851253
641533178744316124
328403180464052489
705795711459166300
188174514979917540
331679720150211196
209020911410337078
784115661513035097
81351247007312095
107798840434578045
511316974612953562
579054818385192429
26411590192706022
866409924579404645
745084470657757068
562181198916643822
309251306925139760
182115787787071358
907079391745788523
679936494419821366
209730494584325570
994405384569272673
838506574972173425
76352179031588911
826494942769788066
992161534125170774
762717136499722211
760307261252053556
272811757438591381
801372607444648690
809379510963204101
605581653803152945
263365238373439864
403499151259660190
737416415145239937
959893216761679128
824222351618371274
36824653946018538
156590426181415119
663864226511722582
424262411750077998
160923486770511428
815257958002070238
418717897627713122
15582251916253945
318128932639226961
649959322622257019
704321715947389756
121452635856237448
750353255552990590
421756763604255178
187551257623439053
278085253992587262
696886611372083821
637126854902799085
626940773263184300
594371396854082701
553327258992239441
329555801599196680
325799876621881546
567537506314951786
194899719075363015
271922142079061624
407653011278163808
724049291034981595
329539519495366946
654554533105006456
376537837978326317
935195011794948948
354565972021566950
281286314114725573
168834468832392617
329335374938083804
403863002702959548
168563684124921562
101350764173853598
882944095905213787
165438936457357479
519115509612371264
970183313128784797
896085929364130355
481325007155955410
976614554860521257
247373630089599602
175129569977453185
383201414388351202
87284320800714219
210778417956767657
238914433653781731
363355195691193962
920351623952147322
338403130891689505
424118219771301088
470932992245542567
957156303389526773
