1000
84410339274319473
26843504893898162
468494553514863753
916399490056659654
136505716933296957
98094535743569387
623277356215247190
653398907291085354
571138311664294111
181790092267009622
620590869927652924
137666144677507635
976512774782826538
995117340282925380
226255199605241125
579102918043467554
268856963147590457
45533622183487910
482653019482074862
88466110285020648
691132636835925462
8366146709623532
301613182237306352
997561618418319659
476420155807089303
982658113356108692
287973570512376467
761042841829072317
736388563674059104
817942595587391859
546413998861373406
46782165123368761
248406837671203325
965355342070906993
790073436582370288
126374471911577182
408196997883697780
334160968369151692
313094196571570296
566394751210269087
396003911828739005
729718976480459728
649641380616418603
367595719644489639
330300490964441097
7705333341853227
562034820347339892
786789772600941023
190001210352635237
926108517966487184
91914397299093925
507033720020119239
578313194482039349
966362324418646545
189563144954512332
416975048946632887
15814212816512443
440176118283896505
262510566130665984
473889286457350685
958034986181102208
772776910157519907
788947116675512787
983791453844786729
817232116250206428
11156193980577715
151965259950011396
33822249046146893
22303079055939462
306124323998982489
644182821577118953
347247655494873483
492128743298501638
67998654320295930
467739828377691361
785331714829563201
867425839381342517
607480307866452974
749786444567613276
337939155642865094
500934890751635831
839476130353895147
829828713321444880
448061036665331902
590445317434355029
344295383734489260
585348701237078867
98453447285589493
804579920182593329
220743522206187464
687909178573429043
541058728917937295
717910016816829502
614755182648603268
187617418585151622
342113468076721042
475101753789221262
261365675501591620
701107521935814982
124515780439394893
604947958640669864
151113942702778355
466039004787332911
527376765138914038
922271093189164045
572003806193612437
976116258987985969
360992412820695794
817278486789380533
376156966790711519
894344234367236515
837352469388532635
500490315060183036
722437867458472209
690032446491537570
398298764770589692
224908783421987766
791749843729790032
809669647249271920
676312400235313205
485834447408050989
662488786878191696
480042859707795658
863802006674607890
35362778623329606
153622389431851399
92261401348585316
353899126355720000
901544588346605562
966459407503422867
579732549541905951
843673727757475828
617722715266900689
287251659728154573
5224820225962446
196383481731814226
182735005505739135
119496118611515841
734688414131376769
193717216737839838
690756942324240425
279659545415284139
489637089502734907
846162682040352282
444963085051458812
906789728712938797
201863429506052933
51116489071587386
738934853425668318
394381590918659186
96319071579900676
946905216865385330
749779942961893037
541165827533363837
784256569185487317
287074209218888520
938462570640905839
762111200775888266
402864452139165713
958790857732015191
97395155663447917
79503453457303090
424912374106104461
74931514776256714
217717850324142539
520187885583120119
893745490024397541
999100955274000689
163071145416515367
805242659982882457
696295201407229825
960894914017878781
120715460115867849
239335336769373833
482225653712861836
204539977432165146
542464787072225679
567909662158689909
187710636537673071
960726121698936897
586343778545092934
906536913794987233
309029438092541907
993795455597779839
408895626849696997
336593974453096914
276376367527092687
940902066785841788
648486188864234320
296244569807612739
520318648026885789
742904269553934360
689895739823166398
494569772235972003
668020037832821013
241080811085098736
610778880608137788
975975205537326672
851899046270181391
754660247626267584
924438547568320539
221636737244142117
675718666594076931
70925724892357146
704411002086874254
602406438477359583
886742619945886335
47419843530356891
913429062282098462
31196952582220484
377777619014084767
332208275515857346
466610243016397338
639598302593030406
202323292621725070
811975499058308117
21666783565394745
344759540863945785
564905105298374173
541725744880073967
920580331258878952
93381690429234187
171505030953168410
84963890309538002
928573497985569299
744323636628738682
42762067784753914
886306499950833134
242338453324584013
481332886955912852
689239622817471032
609979409667284656
666055670570583708
498352669763522757
842274890920034289
874227095977477687
383533149406411473
254409692987750256
73290608431682376
599802192299914965
672015121374265098
719988310320938359
68732703634638079
109139506630233238
394120889307895357
44261791646526645
150135229904095216
546201381946866609
213400284591735991
684438579026198621
766766386456512880
826123136651422482
738691357973766305
893860794547492785
715830774543222271
295897072042791641
860175595858309724
47753658947735979
551018127377346792
642470392024805711
20753118880487170
867474597816350357
683386795958702399
198596108633982456
325122592362162100
777620377660000633
230503800758871200
585500153073608399
882266890713794171
133938781219116575
794974846574592770
672244681288560278
734151750076595668
257221320587645398
486229496393568263
922595391593268452
586802016611281709
630055051516383268
426164069588421511
437494524069114034
475072547295184127
505403522343300118
135889409195438257
138732439636519283
520199649962038158
408086023952787316
157686644134705145
723590282553510523
285491815941400690
599113040341978899
106579287886424177
76572213377385687
658184927827566713
880651766056302761
910069257021728310
947674000063035628
892698904101107348
493324852488268735
359551702363115586
184233299292001853
895948592273586778
705003958553061635
499220935501887244
980095598401887336
471608824675184455
342805590040248160
364754502032457650
313557428817621879
945087571943199452
360263580864338014
77528018706904752
377461278558520864
357577629490292545
971808217646752093
547462286545678475
176449115360206864
829760504295897562
905090997595961364
131501123644566048
979644608186054292
834544948013983166
695636873785247580
885970812347460369
870373630474762299
169660700623610257
204777973451750790
770613097109000011
599071511649916652
283104901872314366
284141357063967981
47306938993958946
415950412408519274
664489882234977765
833420880277377958
657899485320997077
219991564762845571
515324917631215402
658155585671619828
749870056007682290
505352982438063469
134550186046220287
314014619519894487
755883663286235613
690607630336393282
245331986044449463
379652981769843028
653383416998229995
385763450995544716
254676126857662797
828866631399671359
978673719408807374
403487627059015089
482073899343272233
642307722836352351
117996199473861880
808725455180995201
276995070615885835
680015826608745877
475260286960739068
781698412895039333
803014972915214743
917351549996926339
826062266955695915
666878969045743518
809349305630478935
397127393148984476
487525195593527260
161437712275585155
286781125306793728
671100956482142656
121976220162448599
213653634324710892
851942147066191115
436202977151779189
208569158290419156
742736792952152785
637845130978832147
760770306488280769
518334487464943352
944686456625312208
248530475634743154
991629393702479715
758641555866505574
669649644901533063
623155135855682226
175639975256319605
328214695078543796
530259197043645220
96335020974133263
187159780259737843
578890021054542449
952150086922142955
66583111701755897
570602159318187535
943603512407452309
904955750072115409
441523899813004963
202851955774304243
603408768268107784
403638648946134186
341742804876252243
219707046847886325
177541285437292090
155551251692616468
905812976538455601
387685265580016492
219325469161871485
718727517956579745
698620789728756846
826072570209056732
375552233659254440
144490384757444977
285804054536773893
510744879523832240
584926685495338857
836352030256295387
395191031902019615
940712319511887015
710094693734057740
177273317863526573
919269001673582231
716217483044276297
947944517970615716
506541343915842757
783817883272778386
27982479217592451
985634691071363036
901863684767286447
674362056146685885
489680764758278149
582086141897356600
635604622682627834
509256632918677037
988632448412953833
735694410622383816
19890820941631176
988351278103711864
482732880894248186
808638617696487814
695682263929833041
26486678371208847
800194489650931314
678373525718165721
970375682447748456
859933087374444037
902106719724316257
460125306572828440
821500313367556593
962803568812094119
559826036139510051
370125123665239084
533369987971113049
929570308942527213
7816055024169692
407439712116029391
959404626779728940
164787825369087639
8699146894621208
268529207806096964
796040028074520195
854416594492002556
845837641987293230
342491236899012279
59129891159717533
2658559839281086
637412083172258246
452856402171673045
40270753452144703
266861199595488556
20981781389726556
942962856762531882
401926471565697590
597339337408705727
616459307581736910
941711011382676680
946239886351038703
571338712125616579
566676826569834693
659296876971648437
794394786826184956
164778864518205843
720013519251839282
543698701248421479
602259094901889895
267100024085365321
700283580772791787
979055032076451384
632174802053439064
318144169513409864
205253858722656778
503603833760674583
667250422257867672
110019318032737673
761073774244941210
573711112837552066
88711472964351723
326441816773783626
193459333112967123
237290281888718477
351445140798348985
849215068591897985
741522854751600095
571336185265058213
161789930800836222
802567562725115460
913764114793024304
29496980606454216
365686159431299922
16501717256958327
777829860060745738
631688463426783359
850097615347382857
441374473352976918
860967961631734796
158000934562022175
456368327043796465
718164012823905451
962447205487362715
638028669442527205
42659569372305311
945094510000119059
239442870831217839
416352971945951629
566259738178102163
82674385956652300
462997552258340123
892917226304751187
416687168233352757
915859955815243639
695220056933906625
481198492644308404
33114864102972224
794181902733148291
212253750393965142
172089646024066002
249310696067153155
76822499860319173
499161990005168739
623960013841899392
431674129765028017
776619361033787668
387005118927636349
605211669590678277
281158214194584843
271208020886047924
257799022159599896
296458868419085418
384099405044568252
682682970463703072
273452330137498038
413615840786479639
681821797998020314
442889996645979721
361998032879211950
236472470034931016
125822774012615539
582815120271940167
588570454617174380
433864396023790723
445315598398769686
309288256847904195
67548305078799396
905021711630589479
665039200847073330
837706197882678121
750730090534951481
930480938829239024
402268017488829886
562555421956723085
387593294729004992
607511448977106522
785421196562628495
11088256292391061
289236000029886727
727827882727149894
618515341597373952
354113594483408245
261232740946448650
97688359330456163
310806115024877397
177548700853211198
350261327750210554
49411083763493046
401188093048429141
47980410554318970
981485907031606213
855038509508794381
909705554102724258
93608561093183464
978197238673178749
535364105588727207
917013907920687466
929168542662719183
501533702197840627
552786789085348980
150537952412691910
837550307189807740
71465940107186469
87499077957282770
372474509274386237
666959038210254827
884232788525261021
646015228503336923
356887709099396693
231646387129272347
186642735086098416
304826990775383574
595598648470751491
521831480250951329
795621626086782210
71191189512598477
798401497763277616
944423996230152227
866783911327145132
357342526229430064
154281512509783770
355493053213070893
385284985766240032
952263888295886939
390629983040493856
886604197410931588
25728307684120825
320421262640844148
275065711753010652
421043920035319905
851290523484062682
961852147397575983
842054177182774527
120937988485803621
847748121247301550
352205440746023622
180742993459425825
441385940340052204
942573494061470537
202802667441479756
42165252685072095
679258417210425712
401076135684937405
807743906538449759
142598808308404585
134218527123786819
171523267037372926
151867432205843327
562427163598878481
114339351703890122
610279111281195852
354585128473445041
283810579637249717
723785619101957168
443479175774342583
942921933168719835
901099628775137082
618087605667715545
566508539637212607
887028088565939050
98579343210488374
49847125556364740
655768599193128861
874281452389651898
88261769453712949
348575705979818296
517152602654309330
819672838843077004
732563417651570544
695797979450114350
938814683974152674
650349532855248045
175827928154924064
374747538387096790
617327818587559538
823424383228869189
800373502967604511
569213626503457287
839791952898582049
882860928541336970
201004407135465556
632670345670853084
151027337937683392
778297289566208531
247779066662185282
512662532586742032
137938187624123167
139916973163240041
847362730574036332
359329577795028644
352446050265926456
511349037401480856
82467043148981010
979402282444741698
767291122176754928
19994003699913374
440059716836716367
105689586838381273
284542565934617977
35659247398620379
986176918365173515
379184605580113643
126947631246827744
363832479875001528
898042462479697175
204027263398406490
49603300567615606
257345285025291529
796995270716789489
5237633871574931
440252625692496764
246329295121364626
434362072281555229
169227297439230038
847298886467428194
137985141414200981
603179908715142593
845151799884091392
150864798391630988
706747384744815937
462492161953364738
967476326390272811
670520761290311330
434031494430310967
262006429482499503
351679584542180139
969024764203400481
684074927809381140
568554670299969435
573614404154603655
298733189450842590
526459004306111975
26577330165883972
204721722907602787
944286621706465676
163929769842500014
598338065640728852
255755290777429050
1163106429503507
53217902409927383
56352991380242992
422312337296257583
236468690658740050
636224266087957972
351393389943371447
609771760049445249
454969438383091550
139538035403966843
85333969398076794
793445419061582413
339049959628123455
14231426028309924
522082445258111795
764843300276059448
997086602886164365
645688423784021848
591892748930970044
378686352507474799
736301755424072820
448642049933396570
997695534596425084
274819498478856779
745453905301581310
509067987947467341
942518091930552790
867107685616631067
152790113669158093
698452656805434189
363404926426867906
893808701106836090
275051884484995841
238231717087523342
197900095363361035
3198511098984667
840315068579040404
428540852344822878
997446170444494494
546503921699266304
286702080313709573
16395645587330465
170897785165423404
310534420637238403
141897115916446926
171538418975645505
273478120862577792
560645924681072197
268567672137704399
588497519292246339
766609761276882232
213351259549563147
495971454014466018
267929672754315967
557002130385753865
523174290011291636
944368465145337428
210340421153139813
471047012927563640
246743529236819162
698228015600633691
632543060111938814
115043254770332191
27934748265937143
1615380426872502
477538152452688848
617936084400535402
274009160274119010
270960576246048777
698153114165647701
2152655809576680
916248057011495296
118280581307733369
232725098916043647
619518720712431074
200601539868770693
791727035415926794
399439154105626732
165355462175957455
810976695758308097
186115170782179406
130802860386537139
364566864618305241
296500536325298509
435129577726750382
524644118576977425
326859663813314664
497312712600198685
116647756723224102
225628311823058903
17560868330977686
461869924837046268
393878176343899282
803354261701096303
711859942637534114
552260857639708866
952785409601587525
769601386104842432
587191754407820437
384864320799555966
339545161010676952
695774772889749922
281214426450266663
868037619412984584
881707829412332122
896797661643906482
73148613177149853
401234257530533524
146628747958064622
933076272043236310
985632331877734064
463437281493819958
536580506883506921
936581466438299098
221491693243698531
538223136583021596
994984440742901141
313505019903239381
987832157385607174
693422304195189443
918448595408605155
491325008980994914
919542603302374854
431704799667024305
514347861254974429
589631508709913736
58941936945677086
548949921409457118
108060770870369296
868853321245550542
243697759391489123
525532670511829556
905785322832402470
409870288869789711
74687907875749415
196724327174224380
301045210980191074
468370877631717847
425225923884098032
115637246271736227
497778097858868498
106082820148798942
806166368739203719
452052747863198426
914106651586390302
147819890194916239
246919769501427341
850736190860457317
336202763459226756
728706909977969910
662176283244777827
282697353095258047
442230089819979827
925681472713337731
503725914601561599
314185364583543174
5796298650208262
271497770785692493
149044203155322323
141620373684927238
183199221759882311
568496942856769880
848204032576559961
856325351590653570
569323075925941099
311953733236716235
687040532560217496
416911676214530025
959787619257234834
306605900307974107
172389527113113216
848905816527293719
640451941892093731
299763947854695896
659457468295334255
472377706557525662
816372673101300513
61425778382629402
663552385618110918
772155827684820505
219912939105361880
202914073651526689
427654366567855943
163844633883225270
899200208680159026
308141951513284191
456324826706692283
647054432369256369
485628441644480358
921725513523305618
721638949583150164
476878821705775331
718632336237047115
732092151273669701
763644678148014142
618845495514877743
938349798106395891
772216917370276692
80835240022945046
351791520320761627
690747195673249835
659380225666144392
933998057736304436
71246387151572711
616052119425555416
116041509598388017
200233654426988196
236976045332421088
971208301925764916
673276564355991680
414583415149556130
888542257693287152
190298136302065362
648727690558396335
349576641118807550
270375106218668460
665164722051146667
803660452256549149
478954339892938644
691114989080951779
825943298853236767
471290638991531697
63630014367482077
512159627847946771
522199823420782179
368252112745065504
956942657078366569
172349707578420718
369504462225232636
45522031439944632
987577976845483589
632039352546690776
495959132068619070
543288337729731221
263983177136236216
534313483319497836
469288630724696521
494593338828427116
734464159944975987
607901201230299902
1655385561440469
900578205828850263
45508546169367061
184882902740320325
381102941655879124
955932444195707610
123088177830893269
270249258657789593
653432526245545587
889592129263747706
702187933226711739
480100508999944514
897943601553149982
769146662695830595
795482408762249697
180707386552353538
169653063429546561
196917369471150698
792457572062617488
829410625207444230
469709634688142517
514979945261317284
881351200371348189
63378175747022653
105269881093521611
200438632320177904
449998007389934319
