913
390322152627543795
855634237635485709
769925951855673274
891217839044808979
863607018788779057
941628365938576514
566751885128191666
983031777309168958
476064249763053139
799723363459777986
263680694408855571
90166709703064698
666157304551851691
613763684107828153
586999192697563209
907341002132555393
889426718154407610
588581431696864016
63401807828594679
934501025816829975
890148876340148369
838790637054780368
572915985006614215
837538325399874968
909062793666301303
194484530537205159
587879607019165617
292417890446140724
564771169219676740
402109915216178845
81726715641473949
80174694785654230
238062804810025979
69820723956512102
881501714118852053
657942799551229764
479449500888616535
678243831506013721
338469325580997755
741762632709677786
411944437108226077
449120015359353465
162493629250507569
495120657833254395
292833115210270648
106531530250335391
396516042444186465
103372632473472130
93154405039933891
84203300886639440
766422290147276001
334193718614551379
154845924055424386
362091406789809834
451873339954764908
299266956483939041
861616847724721994
234749420170605708
922032039021482532
382799308698230662
683383715804735258
1284232650377492
141660365095351310
710351243024377934
286470485994440476
265794443218494235
401163787350569628
721063326758210326
920873834563527192
451145900372434699
139647746803909987
606727441354008575
306845086039850010
548605275795952659
912401016025928366
840827397122936937
313637721712911669
915498018235563587
132488839614494968
620357194501972222
255341910260832520
228449113539073170
30122452077624650
3781926524050376
534290954974321898
439856181953526829
539236207519419730
424560648218450294
677283799908862075
330316582361899046
677095348950405558
314742811950921818
940678250657139830
162854431600155222
533014776692666500
603164694271029598
666897782453222996
629541416325665984
848547998645538739
466565484032293606
641939078668724369
741686896588115719
21840896121632841
1787484440898794
770834502665004781
442503832924942024
738384452615139068
576950031927356344
570807775410157358
375203686499951135
935818260926920868
922636258088560753
866024817968202592
773314714462939705
1847038847620801
159032864219270506
279816178945010309
326540284702882240
49220052237908966
644532507621011634
402729374882014451
227188856692266320
690089348478641238
978220662857068718
299860920934984441
195743014421352500
686462475135846011
352692432739783811
494890343118235967
511465696566904971
973903202008606046
363501819372055190
809586507397140809
322748638060141588
148268212216632112
292815300128323867
656275796325918229
370785943147497618
985798664536229822
543105370477018232
545807165617191012
140509221214805057
127638981115973889
154073588801015767
292946079429535610
520125874922090602
721966868621401026
373012010017260919
700059735441940441
75753247092486445
259234923138565742
368414783197416401
29535200446889804
747740372231437631
700931317054838359
820142091929646061
118540883284514854
708281433945421119
721103325673546431
548020789211472795
102245855251005099
337184251971518820
865324601627879468
71462403167474563
783660664264396993
808221791062217454
95428143188918007
936384977874983348
631219064867554890
714431006681295583
476720440762337180
331403417803569705
794153497315621267
436622404511582270
960921826445227383
666386474707173169
225041115694988819
749201948023566042
600708469519090980
98276956459999752
868382696704389807
329326835870965624
461709188747983607
192426558369156941
785736240925182031
410122417923788967
449896797929787280
984938803445179280
791634366932822122
319655215567331088
301279375300628051
563451661966732204
844929597964999025
125063384241035768
65944020507863524
690081356068742008
916050718581460822
932775392574352341
824600852566028985
958211187321972254
905870737057579053
817848128017274533
752236839001404272
253054523182107318
182413182576111713
517547003739970741
959272769886543245
466070960042023090
705599916453219705
370088398940031696
665485619371658689
584212213894402154
682897565597805196
652582256071320325
380919235024259717
656963461139699633
383662384032549028
167755365926468321
823260477117586070
334904027339941912
484768561771644224
168525714827165566
332806408830934448
976827174725837579
890260517325336425
196845672057675774
71724585536422755
432315853097698322
256493888909146277
498796569499895691
806856271407588986
229036698965427034
108701570841276476
186757367558604358
818801660537750748
473724334651704466
560800319563385439
452084698824984640
376767894389101789
112753630756083139
428621512253098463
896739385477319922
490564617865936820
868394245340333573
484697517181265243
170483534111375670
837465569194166398
600287133933090330
948522365079484360
488130671681737965
294228997987733736
764817996087262694
757471075787185650
858666283308842159
964397478005451153
810488151860043568
245629211316840943
36239024314414832
428326535579138612
587505706551842160
173576939190274863
987018583236526133
804250919801137446
472783597595478862
953330822229082145
362849911948546082
492129224971064877
621035489553017984
258259778802675182
487461920781024187
565269814684299728
615282723978112597
40308581075546314
405394087249306556
418833886441760787
199749443464306729
937182207147818647
829232959036241171
451920752302108397
805904371509744050
200400871177876318
738975236943724951
807076471825992334
353422517159999961
148160425176523726
218380152200911429
631746231990461488
50275483170483445
151922351562517927
481219556760256498
902495047069101662
936001751203016024
271566612028802156
386066967661921693
521424990298539507
232047174167816614
834022562489838373
811481823379973282
687731719332958365
487820844084738959
709541253119421852
510880359037755713
911378621253285571
272543250207694222
847996688814885854
652107402916866208
460047106655248854
487857483564070560
252677332453749006
674754501225025966
155667148781348811
43513434230681582
909039367314433804
343735673767083494
118852448482578826
257945456614749501
746049082108617981
322469080760486799
374579957886469018
325083281882244994
817402305646307286
530829045376638542
521604842873311339
402480571264331594
811638477206110391
389093582191161805
43281899775451917
154796620137253707
762694412060848025
198217290697090030
228064803952138614
901419732811991268
840451773233305535
173820351656779155
750147847533345587
805484295297074828
463861558559504403
181179004884243203
621933238786761693
824405266189881964
439833850385924058
37983565942064227
273630675176718194
780262113549156039
963214324384619290
728946783741110832
831785897150268187
393075050007214730
23694853043951382
279291050093491687
948703284291598176
310644743571602362
147559740209456862
627483885746826310
953233018873953517
865524890314984979
637729922598404539
187958848919203337
888248368960420056
926233728055035243
554286761411684807
864853311579128395
342268311217179694
747439786060794968
840349766398388997
631774098526818794
640396633462714898
934123839787921542
712644071097484181
883303982289441383
483182863772828735
256323205678701487
714932761464060732
408863961429553910
591848984304098866
389523641550832123
626134916637498291
889725145598201030
952985850736580073
490177353090270068
754680799440511119
191730480459993744
735683648884422992
544509695096788092
714000940576522523
409438311513140995
326934481403386614
518210531095328402
159759116263564698
451145099594970674
397983480250338801
382118468418951670
492340100370930265
27110489136599987
75356587129016246
381932185507376583
443323929108265254
33582250237109835
338254182267950467
457040723634264191
878431031679253441
312477495710842459
201699741119149786
854126156280790664
580452010031217288
425386679414550638
584765599804860921
46606923829096611
481655156810312905
484980595505914271
188729232863521380
745389793980811389
390511620109846887
507588760222280775
150497658637831534
864216642427399988
954857839137068849
451276510053155421
296908261681931935
210176187314024868
343067569376722833
736624139907029475
292547313427084368
588679380627185975
869331472536508135
705740304308315562
218800875805126165
406782626084155941
799212362215761693
392544838661084552
179039057949130571
522218340550428690
353067301176960554
679270099771106559
817153551647398294
458545077722555513
13288853140329583
724285068066962353
91681155903826250
907025788211415364
581848711510695788
55097836687374824
403009417076392991
670502374322037578
701340818393675544
938184855574050160
567499426216303272
370696404293151095
47783441871297620
305703533871264507
230591995743169410
399134602698420470
610437354217097424
707863043662123303
30082833156698697
907156506139840817
9502887468181598
589755724897149879
280862684758709347
347279293741740063
158461926319021063
926427680591021600
739757702428639876
805163379025938909
758470130011416166
282195330927415835
890264682136145748
113434063622533358
794364763007799873
578360532664410679
232960354312651224
137848356774823695
566672001293328438
288631897208209413
549482129866242803
980084208857344328
260726105865228193
614516506369837861
275792941471791140
279117476034281269
706549321705683010
68707022720465519
164360291226150422
862093793383669019
33424890304236916
804207466264200560
892614694492296195
307928843650708184
7974589647449779
837801344689286244
654267792957376511
313966078928092731
340141669876696091
208054920882916119
127993356399039186
870440116610771641
244537774137356630
855824075188782657
592673919937070693
240353129242913025
221533957686633120
254985467649104779
598770905127510345
721221700005113578
654791136105912577
132499531864091190
150955283413970718
850429804136590904
421486099352415612
278652940508002620
998126525012263620
651602539197125790
396390957864740649
669060730010716958
20012543340212550
981351108844422377
910563075533891570
922234314963961057
526819658634278329
852093970383892323
817882227308237873
791835293911281591
717702097202500573
944117238761628939
262865128005626400
669682663832111239
274838433115902887
136233498566411465
254454496031064230
598776005334510679
508620344803392476
386544004378688990
173030679532534148
972482601027685079
316758156168635523
699921666333205109
404487051822935066
209778765053338823
259956271510958450
236558950955229129
451764279731078312
584522720625560747
1750086025166939
115420821329176180
19635317388223760
362101944699625222
881551415477676791
297418381683283697
331468785725579056
65629478336400030
499266089804650157
642034540096602047
201860922387421032
840933428279270209
179436120308501418
180122241748102455
999443904418340286
898518096731588383
685607228265021921
361777435945624669
98392329729593945
499727151734458127
456168704518042051
641426867339542295
386804553139858938
55237656660236605
147049173558965923
364942904771569886
778467832815851161
311673278820196245
736147478171075875
596836077037224252
453380799674306
43705140518947397
210760886505646054
38313001993194027
314450579098582313
579441968367065667
145934538138060754
292125399234300080
144502448990360375
240502746685172665
961740731464599247
225000187091534155
329360618495629661
258054550044393137
400763050478222879
320476008763393694
309736637341520576
4724990363077482
246309102797715175
350569851543563176
666375854282460323
335481012316794080
12912426199768228
863281451865135752
122614402232779509
146089701072237402
626769982483618764
273460508051431122
422219971092731587
852854615283970275
366870031429323821
113647303232388123
870680015954565308
829045334960056277
602118089310191986
308215165692070042
273824450270170555
826342155088322349
548436866456262086
989192891845798752
171173154314829619
767890960386645337
787950154094184462
323785933906906922
175240838336840656
381106916954174573
588001191778762376
858140043180020163
959583202698828480
226211990543443472
125016922423766726
838667723953890175
768413751548578176
119858677336008370
552756081497014293
926285956718524928
537792736541092116
875208596607221809
259975857548961309
921975107327255946
593349638095998871
114089289582119792
291738750577873585
771814938002185179
936454575825001872
306263838860803917
540366532376281597
608044312341026546
13684604494537753
169138804457918208
726896862051931474
190531192340249449
430852040823634364
471818203993460901
912518304946848644
3480385609553153
615311938598137516
967463297526217152
565739837394361673
974785616228549387
323605658607443311
980361985757067691
790894333743860221
430329118746075432
879386030955218754
125557403993180215
846400775204461050
287739534285607788
785176750118783146
237818177860483597
666905186128934679
416321113166718260
802351696638515707
516645593060156217
216399002427022116
512284324291585888
430618149015650230
928505705360455608
610143655673554066
419541802843611930
621716662304687929
740387597451732949
103454569965238465
110357496349924373
710960451998223647
827680174879883486
735932838349921435
247643444922838823
373702847070007230
602714548912262502
637551035412215058
492492967122159843
929512344913922472
466864422320810480
878337697852915079
819183823627335136
431615504328294997
231847858253734765
296959084204532866
481427880941525351
222568839071913063
32279987468368803
941194477236219372
295986388021449714
427869859797655105
401466829325136326
865963648378068940
524197039474757006
500444724904002197
629277955986999524
193693213958614176
814747255358900334
244733848894444757
202599759547310716
65321040999944178
985780587310729589
502688281022023103
234650004006962920
732310693679002309
159631240988844187
631320072533627851
23518379139436010
511967145880153638
929492847126380413
138682872661919672
198264465205261082
200338799697593254
428791987278468064
956595241485585674
580548036217730710
289876482894598115
562584337326795326
559642103346489985
887361985960434480
811515210938618603
170455006363515412
735067217598524591
464247664821707604
304115668771075294
140559013148834464
937218973337891424
170013533065982755
61151990319276638
811438715000148283
898698358274484522
555558023637902131
864932933635923224
357001380633540579
953109993842730257
325862597587063335
891485475623641477
987924826775322404
611430305136238481
838869387081526466
191016718797367573
530660696105129936
722142814022264694
463828997469918876
177034662832461178
273063846350165901
762847440170102250
202047442909010522
796522727592699940
772759049137886013
270760167950082811
898511695209564750
820889435455058390
590674519911073668
826088006795602462
274192118280995998
284842395122001633
684876727386360159
945323678802652326
335477527256802322
562282382467018664
294468225328231543
238923502964314683
313947035841890943
696412672021038422
477542644187377606
980764064533068175
4258940614619414
862337796735760934
610508437015068685
357656898440060561
15146197653565742
246845541803230207
547919698934280258
747786623274425656
186605615772681885
687633781814887127
184609877810470960
294310537252002231
89777562612961850
489943616914772842
89134438600881873
663015239754413895
620543070819711052
225175786046517628
383130680879070981
779114189290760823
662938272745730376
30002112079798913
929843596445392325
417183834455390132
397354085982216190
533635392155437576
863613674535869689
265334763287184345
22786271798699098
934484318742072926
129170034497313703
204185529829953710
222699758315281865
441550831324029138
918040372316647610
149912456500569924
189682807887127468
678305856476613227
568355089213508258
579869046763753469
10190451329829446
610327980489362721
182699555308114488
692937126576752554
31920202175610941
266492690909524881
143784087047836226
405268281566286136
452416395935647036
695310354691363180
295035659656553098
153244453223482142
229614913156536264
816252089323445735
865311112403355788
425825508500504667
564144323051430556
643332304197022961
435978043290598987
818820091238173431
112013253905805080
575709758015915469
866556361834693792
54562360662539705
678571101571156845
268955282497717706
127449714539545200
627272306902369950
975348734802297606
417067462204885224
220018944965016074
670737317094092977
238036054642349986
724260846656566528
890146508933615856
82404907011475366
390466074858846270
770678382773314893
299661126420474196
389606408940943099
488964069125180572
241837829402151666
817582373306514932
326524443673634668
798026950733089645
218838336284183450
690579402989960870
862000340539236807
150852452391467663
664395001553509829
993668519556497516
660784866936712111
314184834677909875
914108008350325020
975782281046358113
276782003591786109
485946005875554755
508105645040498383
326559721917812709
284690682198612859
634631752466825650
536847316786443860
983379611165787934
465133419256529986
708559497488323698
263609306090742704
993020801432127859
148367545390811837
904597792309054993
668971444051533299
399423699880213239
452214595502068050
842349413557593672
63319836330074264
464875806146771316
225693226572155719
25413281838440534
674905389823243935
12476429796712292
591918003601801390
904812466003920341
585558913686945820
580108843474476271
397519205597249344
694403565320482790
571593958730850701
961089991324379613
791713341128362829
636264808589985297
595798479587273054
812506270742925445
855872923395648885
700655880837970588
102204605145421403
223937950682046519
913894368585856200
366104166541387008
287652442295240737
789275040001470933
334201728011187625
