1000
100634759620545720
197662875852596676
279074897044012798
468041859661427813
966169131619664933
843487269890470404
368709583563768071
843927342963947940
851066614539894294
490856193466405592
566943986371593562
492058045977627667
954525827199578880
412190755441677392
827511411352102570
874626441332061451
501566946291974854
402934491573526566
708934919217322590
962594080023736708
43511426585585878
639933176305019753
131183892958462090
318729060429426279
524925398004261031
958273105290451529
840451164047414914
455563064917835961
282546000362678283
489167516616311428
801946378682977618
384332443163333771
49995202507905487
865253056319367141
761644420738577468
741282067246900506
137583422956386877
780016438916131023
420674175040677662
161134044534370697
705373186459831188
183033118513838796
617445763259112228
102076902534105422
624334569951565432
117461894800134352
770948527241541922
685001583895379121
250927091456105614
236268077776260631
64026559170047015
828750203997806415
225947664402914025
513821347690739785
891919579326048238
715996675560924301
629809324731828362
894378017565469229
748598807955925862
782321680190101043
236462861715358969
111987344813029928
394450658889141055
994427238672458977
48690314053659819
333032320929783980
994598416435883595
354235855233862268
864648637286853999
939783166653987508
192020747695213604
141510068111750344
913972914741267251
797518602530269802
484787411135965566
962561930508184022
185414648462893117
612095374880363882
261958897409874129
144508946422335624
46082481741027265
980486119525183369
903097282584643286
300793514265547398
512473622940958469
93661647040030430
194267448032284594
845000356717231407
942744622231753058
918738637946688381
347656080601855632
728907778958191317
972196051836314502
391285426702178049
203315722738653959
781053787981973386
120829652868913806
882410093113742822
205388000783098260
812621998846703832
494013390932683298
288902707796694345
501016618940956834
358258992143992879
291585218732200691
229817694256063395
59421369543009499
193681121238492030
916535546315931993
257299854833222390
645616584533086147
120217461932509604
106253283887514542
659838710644367264
368477870048258630
968744808351493378
848275994701445867
135695774363379861
674376238303497996
766735403600248274
442286618596651798
938296076756181507
842927329153483019
992478054943873745
549119941894637530
515641068101958104
577052542875723315
136805092073364925
126944340276888788
229735375725401650
965871627695831966
641608749521348529
83057324759368269
628574588488876504
245129069910627407
504083614754425279
19781300914670517
69275877413416150
764498411702692255
797263087660254079
521284252455685085
33075628160528084
187240317502801325
211961534822558576
822451968088788444
169078260431636421
903794575003416063
620594925250844551
768757031548959028
971486474443582541
331965219139059678
950111832047516583
554858216687016097
879349874727033402
54505402203444976
288030658225786420
714175431671375454
282932826068397324
352680908925751715
843856776620985975
17979948585178801
354184961617047689
219115454870770131
309227461939570484
558281481002224263
55264101123837204
234314154606853915
56905479550059823
230499724913740248
833150122592549977
888610031373715813
408427750872267657
153698099985741736
138716113376292733
20369612472054892
207641966347813698
253854209661977748
686408548043398021
575271213720919392
436714418707681062
537238377809068374
656114892031185769
717156425658513406
584860543092375865
132283946640296792
409961805264383338
176271895828880947
22514449738816090
346055127884528593
238266208946411681
182728064860325118
56132989125120875
60041286381240345
184834698170799489
578428205793743540
25465162565924354
815143115058642480
65698614822124601
709756561895250363
964553102539295410
281134715707525484
263800794179015022
681347504133357274
209396927666679202
629830369313439929
852523038212180607
305977534414646730
190270606711633181
735193886015173438
553387368404153892
857434869211825616
233044731442073087
720020974110899418
920329910131624180
57713666162602513
147598589642692634
981678018405781167
256152365446127565
84841686320056346
427373021583807748
136130466789385076
518772754759889518
240521836104563854
572556818022997061
343865764911299113
89097332540348886
171385960331504490
960319468536966140
996909372725894774
580116319274261236
410075626795630241
56916718491898223
184695628829676785
902221825973184681
422478696666881894
722405588555630902
816569602147811294
63980137305352924
58097934967924418
737386551845107968
533602469719885585
387435647145258006
918672170977283319
611039571240766004
852856098479938993
272572787524465435
945133679888302958
240467903501574482
191589239974051107
289914483407731119
266193888515166507
467783460479835705
130512444643092070
299824495327702137
416297485615978998
383140757813340197
889004810840780426
299965463885800898
841815568924819756
132090847885783688
825872858434562848
870361840264845152
296619713336215870
262207438434907966
685242248355262523
672083515936703168
431858629213777642
683716934653519067
507185411932201312
192587437351513897
889583507226134921
700481644220409711
432204100833253204
978934278131420807
825864099206187757
922437816272197216
165272242033145297
290734893133725410
317463314773152050
826715412158368403
598752298620959619
6999944369770039
278086188257348438
740948541832562125
340118517156486994
136206674962870981
948496147735034279
366148958843480416
957115570730277515
359541356910508409
378684766347078713
447621404202504318
792024450772076993
55445096506761345
593436082252813709
421144320167805652
741867657832468388
553087591708866788
403652339725717755
869518959285786677
321380908423611635
911959797600120021
524907957758160146
110289902619484249
464620809230513453
584196538813432797
752856715727492386
456768779066030871
764188047980075583
508073772611106998
297618284099646881
474619055353889242
185532911945406936
425311771461123323
236442977825191941
779495805602086913
197435337738266576
597607292499115412
143065234463918377
406377538633731489
569443905002565814
267680100796173123
889480115317807094
918956802119187916
878218438581084752
227062032050073367
31602718146004394
565979177924559152
791340417855308811
994859719388494597
848826860061177998
986707246880202384
302326476331880857
689860979667278905
219544320047656530
543706652128403775
442903446021120341
701621563387967643
431737823572418483
941340519353493198
858162133793298716
902721504778686359
448319386055952860
719243921320131418
433578404788313188
641833748924041282
597647314709139917
727892658455878240
327036589526403377
32300130197376299
33493935067879986
621604172797870114
884857687716652768
156126997951598794
602777917837220547
71273170400967661
381327046854225189
135981050518644227
130851910514800328
547530119252540654
343738102760706698
884499770622338247
283011261352477093
247347740692823646
963788579115963620
303902085458799204
69171692921642838
945862127409100865
527486398004988911
318523498753307668
94860782565870297
896890621069760972
586049114073648035
591377957716400551
577085013351325400
796363324725787117
615027624987727818
447104968721471482
311353696866482093
99886120860613567
355064217784108696
886587981446688651
436739778587920617
160375488773204054
332295957338485305
193655232283392487
968723630576415391
637974074277190902
194040908995769125
50190393121550583
534604631773102975
852770766404774079
95170168256048879
133868409205365435
153080556004967550
497354228251298343
283855789379376770
577346621306797509
902430933026100533
940088185210115978
831183005107109066
98404268881864144
838708318974485118
206002598697447303
919267996469321507
217353424989257736
904963600165626580
584701381047842201
291547530202230727
198240834711313659
710689610392398465
249719099348188356
190345036699226856
311728700424247385
551106009139180272
908040323236179836
420013124944800375
389823440776333719
771913977612235718
177865945833785417
837815883379498737
402540630497848076
758718972081299672
803161548234608704
327236019898111236
41203919068883272
435325482948488510
6539832013889527
52731568515147747
237075536650045812
841117798983896033
176490892507832316
391710387931480009
941487118314978331
64081797669904911
543361172255265092
316413306207756971
954841614387769177
242574960856266720
657780608810022850
126577401521915496
492364377032259459
956147505745007287
413316011790649048
825804670857317772
288068393794575280
475560892655730136
739723357072357351
74084507684265399
285306587493154852
663363235658555606
432768687669482164
744641489197253641
872043497373561043
118152190946259994
606073038540998139
597057395676888534
191590280482517480
180538244810719070
437948319844341765
663471333932715744
274313635258369087
243797334685134385
231380495551063780
719437511160119319
146006696860858347
73312639680901755
459116626998099777
233264894505557504
705243921915898542
803946247852374772
274262573240136876
112852298164402989
750017973055413903
111704981548035480
351652665938875429
339367890799844022
39201630057628723
597565917681515103
550572158912258728
450049462738525919
253175935387741059
739196726457879919
960900691699614107
296058424113358709
198333872196208660
289618323936497094
589779512069604955
834287101880743
129908118379773398
76261845943684572
136307739707632131
449078398663636682
394325068542496186
232582637080563403
329480670495679986
51214918445255968
307961982528416777
320154474690077280
865323460960612177
711458681759385634
637213122575014413
355842050512414177
25408315653659983
1777310700722011
43856826024217200
285753789100032993
257647371169391012
957173490929769756
542987754686004154
833237988306678013
971156658845084985
243474418158564593
390259612343229633
670473322055148615
678072735882502778
834265428955432963
828168804563150624
766596227422948794
339388985791657954
156972974251957196
726633182147200985
330784988858105036
117839525312312974
429436759197378651
854547281686352318
842455904675141354
529642459976600733
431688314536149263
680282889758860275
957258373460702184
527709843416028632
34343101108348646
536759686021210220
425253173703150244
998477600664841229
410025656044926751
745155637267074682
907102162614498129
484788576527237017
651643181660099497
18467064298642229
175059892125773878
239548077944816646
792271376452445094
684173883006638617
271053914670818294
769517398492265552
835681314533377007
355842788427310946
962552717404127803
175499636481478568
896676885420601222
440447252374836244
724765020939324343
662010911595494963
113845208042313598
180427628344642691
667007165466383698
411516238146966761
476358754870847368
756476994158714649
468267827209244883
575229362123610183
76245832478625118
388877163931158063
246265167102249130
115462164323236652
58202724517680368
555572917855504822
229006064499573713
201483000627056416
693087148407726597
229403537499560326
168554606532984440
668003657924142839
617708313977559213
357844643268884457
363247085704139326
806334049533671702
67878278883290056
39410583576319012
150306727245042922
557935841086495277
248032559903979423
357914793578290410
729851719685126348
329754686701667229
730236954762597942
830394032437433562
743041787861029204
593447376867695092
984766872364090359
789812640765635358
688424608318182782
950393963842371451
607972134838883858
450487098904076739
536312840828986465
69917794015346353
928854099238336285
703210832221259852
564846532797816214
712220254913039043
928793079784446834
312378553443229233
857230407918643677
504124324085337609
888015087320300994
248548540879495524
33408318615019903
585044146594297007
321394148825141144
789162592962711224
994756279522464489
12540408561283302
512611260705218009
492801027239435922
617353156234879753
955805169932155333
883834324655272225
707219319830804276
781284152818621413
727599692191572845
750620385624104065
794660312679768406
846522166400453925
884393779137494470
887623192646055376
777579747806961833
851845949575591027
824433505152615674
412013567708404283
626990392370810973
641527251849316891
179322213936268232
827002304521917624
315747274283021689
4450720369564525
270153424280756277
639825613132905632
349450567913322393
744948264867997016
15329699723037691
200031387634352666
277068308247539513
603929399557190372
713593444643684619
775707845456382112
430836390646872145
604036526706033577
632712801655622132
459514635511065483
345937944027981500
277501986921573956
345781156425074836
475685617302216823
926530764102632676
583851872803945723
802733240368879216
238574424505492443
920294571317405211
30079193650106405
303646043644830524
536524743672856962
174395277830197526
186769037482925217
987207986935299953
240825918913515794
808816298160427169
65248337561160292
739384758786929837
188605397113537140
263737348768395224
885826774834524934
467623030385286216
607809338845244539
966750466603051240
604897612837465120
739677599036498889
511694658189865276
182253177465017699
189425391403928041
14606985262927724
328923781791426737
592963347380163783
955695024601147821
371769583615084710
341202542882713862
680059463218410777
146183764891337806
953746631421692588
128553698950938480
642687496949379918
706365494575850168
875668309906450113
582417903564193858
154376259384086988
656704544095409260
937475338156796170
316505035833167299
339659202293248732
489621096227879440
465110862782295731
815831535880993935
662752449896713559
934955284519701449
560818579248057539
435104543794682377
927762328769262845
453793226730333140
347541076174563934
372148479365167346
842525191870696704
788513285175482642
498344476660545902
821462053560335817
177092436387503757
159823968720306533
143947297639367409
509339727354803073
913183378551760692
544859199710531662
496091090133574585
52145996483972035
389731590595029915
340815866111514978
68045020014042822
897720247724976556
161360783491512238
244885441446088381
699830896108335042
340690194172873748
255205916160734071
830786627955921833
73039423182620040
327205731690223148
782630100426146142
659350823264464088
732571260449167544
934309150016607235
902253944596502726
945234542048744780
170858641929196577
262094155618233577
335578378417352312
340436563924058723
933872872560897839
54368880288965664
129260538705123143
668242690602788012
307383168222613672
504444926949083414
166812343150277241
343262043709650505
562198766163542251
602280825152171563
963997336171013673
880646080864835946
919435243061666952
893900642325120784
577896907137281541
197132661458378455
335142762342141662
563679840117558076
60895590408802220
372303852914464873
353105963977003659
460492411682295588
723644802366445959
349158339651278184
390983940115920803
17713701824175475
367826348149851069
288439998943238203
41626703720789120
249820783370196736
776246068507893012
523576780296962049
578998993640762599
508139393321465413
697113227780765892
1409199007330568
549558066174386953
407203673803104791
206225335487303037
967804274276984166
528027207672025561
264107055311543363
621854603152404503
967021808469556049
474365899569368481
893488676548708374
208857540849618428
464568533503928234
764897567148424830
75824004810116287
507781468209694616
228369064347376805
178253202980069615
466141144765209070
615783221796347655
227696092014602253
324226429259418675
795204484928816205
401899072567499885
247700460957062639
224189351827728092
299551069675866081
899033713111242351
484559615701036303
205732977872068464
218554523157257911
103151962449049821
23156299131200865
287203438118844757
638420741851371291
653362393471874179
971023067527122961
679613011580562215
376743485787179677
326740101188250194
88335596244297377
105902440280230159
798342163447234905
191270336889441112
241072571837831454
733966328769788900
873173615955300985
825021829190073706
323965308554534542
479824821081787128
198105401663912092
109742165688430817
439951236745654421
627695116149646987
619765541036926805
549302431952895053
133506342051819949
442815621464980395
485311484866979057
455281037924796396
105242463253417037
637165336335631074
504009823887562016
53562973249749891
464986711771738235
675377711762703219
794723914997672468
4742192313020439
607050033499616833
622257328837956307
207420110056841561
417967791252218948
752142233474780740
540996573169713970
100263111341660755
404266488625611377
561546512775632965
564510010113852919
319393605329722541
482360627681753994
351242009910195596
887020337368974914
451666575361004289
396742683694730110
319446684395503994
907995998177143622
198098921976789267
263565086181467540
241170333336947212
483825587904498962
592175928887160490
133147049186680597
992355864558918216
787004567889911511
522723166490724788
653586645977163210
415324429741574338
929624462381120889
996122615176733462
104728138798432858
203153728005083201
6771238398060053
778157785349738745
367430151274285284
226913655536980975
772110954142547061
744862769380086620
420406152232705936
973571900492354621
910022277835478941
672090723587982485
121215471150423776
477112060822363406
80894172803197514
287438457963481025
861829962582376026
808198938324398690
303179977485331297
566943379846034800
341359247276945112
498647157138008698
77256417398218712
719143446640227204
456849717633211403
516566752929341563
187725230664919985
797041919082886520
875179671931641674
967185823001565143
859707725441433196
334729943706064159
899010056154120152
820535608720400214
746674684916393678
912065676919282752
29873477335418785
321348422091996758
330565829120429955
619091930829588622
420607631282924965
330295294012610448
367793486105844602
712313928994378809
637646791861528162
878111645563016007
647935767323103346
215377728511525979
395598560667317897
20019907068282901
223597037196175762
348532853311452567
578336712564943173
612476170007576883
809742555103939018
497585359836048995
350470084981145317
686860762308593419
198409333042458190
897865143504528329
82124803011353920
669592084005168589
97729491253177162
477617857189539767
322811176561173590
330856812374548945
122907782586164253
724475779206899081
768708171950055070
161925902311164965
977919811776478725
88022225958459051
480365401670640050
169326909287711500
112444475004214946
771061214629752016
446100596947968205
643670763569943688
727291041284911692
516924019077828303
166311493025835307
480286505090846893
644838318726045901
376954985375911630
860521929225908377
929399316426226276
11673582271592877
567163900687526148
416312802826073096
445390415711147464
436035611829094602
864617883850590207
159442834686919667
6429788471292058
839216279123284719
444694398501557079
363838036868447982
777933314945952971
903927103157335566
112260090022406158
307324938703151127
254472436455663389
172860722027051555
326208863599117083
871445038884689334
821932332079790944
443660917394599754
179093081108061683
264205038753258386
79295670205802806
24829377328320143
499374722178461928
533076282235295113
636369629521672801
480029780945280086
259388869578101733
915906498761844238
917906972267240136
494421585729611931
