812
59479516899295459
664814098227836342
997733601434089100
197155104638973059
709018784893687040
83074505617598839
252369793637678946
51490276366459342
960459167556202860
936105954284215802
888967409020845697
291449241812305002
59719304091125356
210608792638865629
791944629362572598
336393065302112104
577047735604802412
860758007412442458
101751337420684466
359737497762846196
212731581616265093
432833924661926774
515385042844827521
439730920256954311
968636261764817311
265113587628857245
974699306853755120
554271961745973126
213571779778357190
880346950051309943
893587942900612015
135721648214331492
624432553090848250
751747865079533330
502350490048558300
265825764341772113
814898013567561386
953156606359065612
652951903156229263
134685570461802950
901705150334673260
166081377431052079
599320426858433393
684164786814479902
449582568039637312
844563236617003145
705655741965562367
501710128385171987
75925379282764085
915250741178163118
391873222064956676
35965211896738647
604301219752074450
103230887609795693
407537364930001407
421473012402425534
151610510030881072
291567047708292521
397556150001292985
526048489470377228
1496369666393983
810305107449299616
407841031719888403
302580427902633934
630802436992675468
635826316456315821
246417621775141426
595379508842241462
738943660810065841
467519802904795743
783991804866967968
524375243350444123
957862733839636716
220345619813173138
32820800786904034
223977326227342572
757631358352376661
922618279412908000
388230505459831261
206207084813665430
250326038350192561
952590595655919191
388487052188865291
593185822071954148
869563535768874502
791775438546211945
703226751850176260
482613149852017782
852127238537786473
885602829978628139
70496246469146282
833562175907565347
887547390221617149
666646917944515848
184657423348996177
985669035138511141
521959735645132207
591520692112488535
774627895790491915
383062067813914417
97419551715670476
422111107763405699
998520935742710749
878596544030781817
79301099006044169
585504431358547991
743033281850706402
678499901726564679
570007202184723214
688540396774721993
900316678102770942
454815642686586258
427614324782297787
595037376543478363
946977519816417065
45539513161274405
476556406695811926
486120809116195998
184454891162780443
699383673542452236
116952671398075409
814145580957928696
883764630161790119
127651832015058434
494390558769244030
51735407762570684
191681284857453870
713292318978268448
879117822295017996
534120931580907993
329699943277671504
948646673754357044
193603192631918733
427135533487138595
626029299161900617
696626320160093020
523525005943391943
86670057474433292
659419335570198640
425722293850998393
502696445005849049
420414902608886534
14724490303508429
937038779465223064
230490934852691657
270614830866411258
695492008867028862
556553715507898024
551805005941011190
304300943906577368
970988954527316312
902699282799570118
616350273511808696
947256567750226982
553587110415044674
683359633284895976
144936020010556854
519470668856756317
159759839373777627
181215117298527298
448881490473621382
359429118472793462
178870687955941829
828193311204386485
88614624872761892
297173379775754630
96712032615916133
140238696641654665
25736194969957984
320572015874616835
554445782296465722
815244744589795759
133539959835576978
730472780531272334
388448462853052507
759110683891822697
503363773226866369
780767045128269097
975003337018132514
968063869449771958
261815381393240465
490193090506928882
719538454466406253
331961747919464679
343718905383775322
730430619997604468
552135399800171592
719526547993767676
783660182038259296
273394477719236203
900633144644390228
671417846921370897
794011919750857674
849652505289467810
331463893133168110
440748536169092291
896567456777867489
16216122699561588
378944402729176114
86596773672872731
532819136640724292
512857729876142204
99509993401776945
480372278727818081
548440314694213797
386746410444654331
731842599619711052
241660680420556012
197637950473152813
645874212893965139
734914358796100007
494795677829626706
3366570698343454
6708089031203727
6019458852571811
445373897998561070
764625666602808879
72432399345424611
144280604027097212
321940315803824232
544432207680473624
971701482072773148
517100690074958994
533702201811332829
414504394445787419
835551334538089009
687291774368055579
37546223251630268
449517023959783292
969814404484383941
718540084315424152
456496389069558567
326270044760435976
587042986908324486
628209479387521844
272402093110617242
409760091568994271
328776507332562293
420764910649933686
216894199038768461
940471718625101651
919637477475324070
364383339420069517
448380092276858289
386434489026273294
87707024392849796
237130330160803725
922975220613321830
529162585852267424
607076971992593255
586860597800901559
968207865758569016
96427744136314433
73264997994381112
455333987944616886
399281893149896326
269127071000869444
332879718004146578
575411868890701188
903134557144083454
331382640050576777
373661233621904776
192799102570863624
364277606416139885
369548018285499251
982418815023970113
83538748133802042
524692524091039923
380494540344495549
193553960302852705
525784809132740353
447584042138880886
855563263377982431
984228043457687328
621051525235273223
160318206057749395
133148947727730377
315715959088833274
888365458935547051
816432865466299691
763585540388760959
668966804835529470
626873425360745639
351941252022270050
810971240874315657
571394402679885406
247586279003773544
3526407527732126
387840113682979168
938558360350079230
52901942039692709
588738974015289940
182406613842478355
439023662278068686
580694562400034270
211925984512714030
485142550727108781
820302162916510064
973501288495199952
177937552777966288
488442027527587011
101871808525547198
487682221232809722
424717131251121236
533920659130836703
163537181526487313
892488214458015784
721385928530024853
976601587012604970
385932743358460665
657304983865556446
760262986414861300
623509551493977528
827182452413153268
618602805954067600
395565556811994927
256290184509444861
554852743264768783
317140944817002854
131049862869726924
237713216315356145
139651259673366491
507408183212435341
308101101044221182
451560626020267786
367575456298621296
541578022850280100
652193412485985647
62463328927673891
656611459160884892
842869531867993257
849167699714632387
812180358615166302
229878881124892936
955048294866166283
333465072810170085
525508582761285592
323511214810642934
815268597107941519
306917207199841662
672620504697494001
569708564113094300
112006548195692408
696860300541458043
107617414525958665
228848249660249289
539880818610990151
966641332733399181
287171894780465876
283792476528269626
634826724715775753
269886539724825522
918159957508320230
783875790472785968
721497128077267722
892406706525317544
433950720436859973
184774531405733896
897807256677718815
434300555243592291
937861658328076508
786931705773443461
722600510262954591
684567836591689390
214081294204307175
825597118481710729
217875839722024545
940544949893586570
644365226562487961
7977913188930651
186660537666205185
933915065508506049
510233859835315579
206325759139064941
909100033232205228
52755950046591083
483383142211975436
92444240471302811
104539277795744253
686238250793199966
524234088406152999
246653032358536634
87325062897964579
402730906861292705
954065837367822454
250243200303695942
548890291744413835
313558059323621914
851510238225427748
31183651884916385
980707532988737315
926738419680621540
616774239882511159
120038955559172039
906113888340450339
452725985690782952
560176329532834071
439284115512090016
903920267783724622
320828273574589257
606242950253026827
13531594472027059
655460124299550612
593283751441323762
461063478583339721
661424581817515885
710227048994160010
467651006273128973
250473500148541407
988270214166469849
603969650141024736
267433693218745757
541672067065373766
389086723743594239
161004616173208304
95153953824973257
436773927048346084
981140691833317982
994460944840977989
4651614320062613
224485787348876268
781502846598119312
734760137822083824
955221687786262068
586389441879710601
210633208236727196
453684272529327159
859548681211995073
852327853118890559
948218368639571100
724232381308294680
500825503186045289
618035262872029313
894396608640643109
256280906113834381
170339487795472194
301609020862208530
215684764605542355
181357965238941005
301668207725570977
809857856180138678
868150230979203539
717074544454906424
181232627958311314
641670151240949372
964956843660975424
287237259858103229
671714622514876277
881705699532598379
8215221895868607
778322605623642234
148367625421479249
139731591571959505
47596171846106372
999031876583690938
913535979078957468
276014336730193402
645073496278181192
886256438646337241
600347734238050665
790757238925620371
934471554115445677
131569083338648045
381404918210296103
103431832060655147
811786353822824957
185804958563781656
654794732348549378
60059581142785957
343453129244131306
251456105991954741
369406832267463019
810616445909494236
126366873357917631
495447802938314044
684009656344805767
426964488763679241
665632923738172603
589561389745697467
882259179787025368
744182053505794632
880484292996545952
936499042119335280
385759014529073311
231723186247035414
867289831212940619
291235652089158861
865396906171159627
56537006608644319
181676296454364931
386616975747932235
57444704839021613
802304161783351394
256010455303501603
151699673871775771
605095197060617416
89858790253808460
226621638728784763
157712018061713289
624503015565949033
995635372645744050
176497716406343153
554634052464224131
359665187252737945
940962878983906525
882409508178893612
290069391514891697
710570153849313571
519304488322114990
702967758339826734
416971139482818369
464459227458363838
664569330145128773
280693208138752875
841231688962113202
809646343976304129
379477898135085214
131354507441432422
495059625629049494
789800740624470629
303368814493183763
976525024884147404
760710884982098515
831621545170898907
50850504974424364
754275567322525413
175975121744568457
794750212513617456
557859735704904924
801326288688175031
979935800651728517
826860748613966363
178152921897679995
774029755286154364
169553034580271615
814373976495804276
431372262865866819
209817584166754384
837863156313269777
649393731831562847
239260628570311767
184356638427879919
818607857630141714
814376364665474547
834015302961772185
996275345291704778
566957023246313677
241466693889607475
884132309472805574
161096222305587877
439752380628988633
522929331195313083
106197866015785632
483834134394667015
757748842472943436
696471685425735700
859426938545063039
938662169335421619
634522840219196169
923294423695238747
574901467367706626
806333515179400491
417850990056783455
675322385557593271
163008800947047513
628399825018999383
245889767910683015
90020875245675963
436562224948708560
763891428644470699
878109656502163731
785555284221587215
334889845696175473
108096510419750941
575234984817490053
123247693847742943
115461367087637329
926668176195639486
905418102160267099
354151577133586224
788575125735943880
340014339656846456
217442626461909297
889871796822528503
859452373646417305
573620945301560555
755541941606870038
309970060063443246
33260317834962802
305673330021247511
962827004520572997
825203661188335497
774098126214303498
804200229010622838
422799984811698171
416873965685424982
120122904643179866
724713847496629836
211139937179245049
709815492751522578
326504907984720383
4978107972818532
633774935680639487
611137802206734791
676485431147794435
458049071762819150
641724280939269462
527559648213834689
871016759701395994
362595661399752200
987612259729246543
133498363928075488
417664276591669058
756951254731704193
428366156660970943
203966699336007480
861071616397760251
440507298117989754
713061992752914746
92546447030885649
288578795307654059
307812572918875350
259152358683995376
719582643291432341
469353146028851211
990497845369846316
709509059747555267
930856986338618313
122282103446580392
625689169196982373
769729270006076729
127893027771577738
182894274314722891
775683355045323109
780381618419306391
127597946131176946
744151931331989677
911499565051085967
29163160526505011
206350478625070536
686214953829110530
156576909092947284
585154013188753420
164589103413269574
981951663749354557
531043542199795112
465067000888575068
297616776678754623
465168160894270915
500885180820442234
140954185919240918
85232125079687643
550628508015869425
792645021134387274
987494197559753987
747554158321204838
842760211921086865
760994723318216146
282019895947832309
107233066646954693
656864869364564811
219795843963166094
139227064078668945
829355491723598588
664710213074787090
950645933817137175
391545668884253169
494867896313600459
241293897130054364
477750023085917062
96453331662648791
443919935509558687
238741780168470286
924829190056848924
69784996546737876
539944910935640351
251427320728080350
491096125422431695
697761119655763837
299540504280904536
20728890341250130
911812437841913336
98106093445309747
418929122143965916
188473043685490785
113994944438044573
227717889962518216
285883435863010901
178713629221264836
83058060315763716
652970816465510130
19693675208574185
442727972304524882
933488934788256074
219483580519234757
384772521465765030
403524121587052686
342598367490347713
812714934828086854
926876183233853261
178365516506891274
622006807644957069
408116450781577418
297400670070108796
619325102091967499
392506357236266748
755592921701597088
602890082434521197
942908962555023350
980453332210787647
953388833847148645
88293016346576461
340226941574327256
402421246687715259
67635246444546477
402123553431184084
338798981863204582
557859758260506011
310067587056159080
392306579870099149
364861413401537096
749979318621444470
37022957768808903
511956312069102081
206769197823609317
748368219943563521
870814917101943355
97852762681214002
50215600352378869
526574458040722770
742341503307395062
182385250343349783
373134297208956454
950192564800260130
914607909269776210
598639411874265399
475048463496051414
811463101901009352
778393821402126558
78649232004925901
854397018694407359
695879404869229466
255982011558797754
194482179971296093
559864096657864107
970771066822188663
513903194481749059
950500592961546561
951756294846249102
357853677421399350
336335270376135774
816346150338384641
439334339236383848
992348416718475575
229485885104177713
223507111274945260
909426902038053007
244523011902975706
824334944527010403
463517320898379415
715198921667713862
737481562186786837
512387991568912602
769998788617503081
531022186691480609
309012528506302158
521930746895441178
765590291189374201
786521595659899059
860177365892282752
348945830178800841
335864612159388590
925273414567509202
521758441191527824
910834418088225332
235738122305280804
119224843008039260
248199626049186301
974709619008102084
768694094796712660
281935434820227701
377842652252269510
164012741721885063
616532042433319018
34545206394840625
987627348617138284
593595880308312514
979418583142459986
32477099928423692
996258511264962159
264446617011111228
513559766645034570
561662595970766955
657033497014722021
287113623802200322
54400901226853835
801580452995334913
371465324943224530
667389419517651374
563516661497771665
992575953331178360
691948213792672199
740552447878777864
518906838191223078
796197529270308049
622735526823763034
770411641561513855
933355955186408266
732560112527695112
993322409647173029
272119452135833757
313152206581252746
