1000
484698995429332470
497237878808106321
736087364420062108
220509429654478437
602010447056324572
672773531329252085
904584687220509709
843485951449482850
452887077010399451
608622628679788858
517489892699750107
786311491579194908
439551151333214448
984775429000094467
355694243158166392
805033673711368910
921094296020380470
319294092791749870
544033684315136909
731099238826176099
472919630456904136
602371177458439061
811662951999935003
260990249377555824
783731166789220161
913539923456368894
153365901734226220
631718695588736993
162944333786218554
632030396603475226
259511430414891245
793910719119632990
2230289115218282
888798710890434387
669151439794209704
131552049178793281
325734697605422514
340470338901958388
279881141162442779
375154677487339253
526748499031588041
576276107404917705
423358834248054787
78999407551012516
765537653726836141
373000289707468894
702477230198423222
305336003217277565
409438105546385173
225829513469320886
900828792459794811
894726158483453037
978961639940371447
320317567502233273
823905676091911715
669920491721826851
158290049773599406
560811897934898058
910902308805907265
852120992495550407
601889894479813619
290906395062930589
577727080457078824
849748150731355778
989364528751386582
703128344059876354
741658441985890786
282288071313879910
404184331059262983
840659384936551678
84385156159222672
457511895108104518
52816565195154537
631252760701915083
502658628150855761
79823716914868187
884563129112638064
777869968200550860
546983025929372927
437830963865460292
399644962872809340
227989863566732798
189900479368609462
547954184971178890
503176035836522373
713133831275113872
881705098387725662
307485618616993555
358932287092991360
50205416949442108
536237501100623385
20632195595461925
205219533954783205
399402334662465793
597995971904716161
290593895230842675
349976515574730857
18237496944298436
730048260300740009
173877649041093734
740000380756044596
312738636532561876
772748730603069338
961423711857893262
121863233722239142
823469045830359863
667029434056383537
879329962752941095
925779993676398935
891911571803622651
203878423020621237
933363816029335490
165300495605704529
105683848299112525
381584864631932995
185187714280435830
297252396758177517
305419377299179317
494722929463107177
809501593151485273
213373576525822736
451690013735100156
805070840541800327
112121066059209467
661754440095050181
798738128761971885
69399970499913844
509838316633731578
718803938238174913
174207569242469266
302340111780983281
312188995997994878
187363281276409300
583014207004810694
469917831215272700
789950161161119147
66606699751544698
306419466254827168
636685710007105962
338112306827859494
67395731304475993
16707141558622523
808238114965548874
19991942374888092
628956053490001074
874776284706768107
464954889054914349
159663609121665857
816100819007654116
521553127307461867
718966744936314180
510846819984980985
459664330589454205
423608975350555427
623100715381353330
710573383134915817
32789296165144498
452700980309818992
876217610399173431
146366556140696471
34790811341345920
130527003017888130
403828347340994848
209529396370828214
767098128756890039
903295372919231741
101785970418184841
30519512599489226
658117416999496824
187023530159576735
182846509619527712
615142686668824575
280939700831243070
842039694811595832
270295453439379535
885669803855627994
704122442558919194
300071032416300448
884178987182735780
779229771225308902
232921050295888280
394670251692053304
322075410422950876
255396172101865526
872408325269475204
158913905487379298
536620964488239306
516050226721571700
257143573140893389
634020208999651346
879413225222952455
377855791638361502
646410678974210754
683149616074102116
369018531215274979
955731589047658496
396313929421785049
143748888022427140
207247940833255920
272709702367242467
403817161907396071
267318472643884007
963656694659082640
354749113486476756
794418274890375398
889486042488789625
397958037070644318
855133638642697325
743043853645906249
558078743457492157
593159613133969552
135875604741860106
461032068812914778
650203040743371006
39622346241058694
657967497380973754
399762866348287124
857590366447885304
46223124777995094
967325524163981720
264536319912687404
500452053036975492
240962444459482487
499333088670438943
862576645248667753
290645165858155071
894933774338516058
138275222613583140
4427773701444652
649922414593961707
582060341891727400
951356420367852884
912132526492117728
288362626608916331
362393110278322094
814500281079685975
823224905036135184
516938009811340934
921563622556916080
309592088628984365
384333769501012406
884569658745776437
373791646976414664
654054173452905391
147221551837551478
538260877961221775
957134061546235259
556788064154917966
291772839841194497
840939210333303102
229318355972268142
58639897562485212
595134625199220136
921274135804676570
448391788426672717
671649861006955765
710490751129641840
15659998769203072
65148722288787302
83227494496740358
420150806781685232
923352199244033132
642133281894774618
876669410155382033
217790893354802016
501491406416169385
297376400998692150
256877296973782018
581639994641899516
90186111762786096
481194410967136631
301365606236119741
922733238938271948
971275081270645812
165610066324990414
590170188934121194
385616721006180413
850645146650123249
153096090365844882
569487121498239105
70846377448870061
712810575163074617
56326300129099317
249673171082068010
374139077931656391
456054397596828095
377982724817997265
165373495975008745
954680511701299763
360049222936333734
328627628100083058
742606303249562095
395302608536475066
283439916133356185
63910605723640007
273583540489006811
814880203666512210
351380276897550766
911141325591300776
514399075791035454
972647830103557484
407052508390815369
998390339376614684
102230232655368546
70890083701569541
619991695064983536
24294202200783495
884825387020850826
339396322119804035
475801671181990701
325731219601248878
190657944293269189
426749625920521900
951472917248975284
54903663156476893
787207231771562751
787273300154737578
830965409106099092
892415589341312898
512895769600725929
70866305176279521
783190035452878500
159370738350453645
952277803329768729
696098431065764696
810255586817737991
277895464934740474
833292457635020886
889436544582999602
969918737099979173
339282694939238194
556743429149803338
35957819990650679
227076597583150749
328095284744931968
788427971376405359
710762224330277465
238143730248047067
233067241445048468
727925228918746175
959024837108190493
35594084325328275
382256328524243452
723698056232610764
458556577287076689
352824300702767290
808541947681004478
263718055400440072
417330999516852025
412970194425031547
227457477714089397
920457424346525821
71784648581922402
835778689909962207
433081568465796878
256589308895649474
240729220505014238
691427145731856926
672075505207758090
858222201031443689
711414546756611336
576852956550047033
542588171811603196
588755636864146871
245912335754729851
980938795578404783
249251703733597860
506346062651388171
686044432753643252
654532800227139233
955082102200898408
941169587391583654
876189856485705703
995885945583572378
527743623888835455
864067102202751076
432919720100408172
226874799762497722
585993363211620351
56400685065178811
91630718071103464
923377938454554363
579044345419947422
763246396342581077
318998362449547104
640396779666792116
285009431678318334
866695182343867499
438864195306001982
310376161983258170
693607400522027349
995382854845007979
665661490462805416
399225611003936299
465643173145856216
605294109038411348
435156198173037054
918681349497554972
568835186870117687
288242621226860631
343897468443546990
547250405157300456
146117774764535360
842284637935215179
550175957552510054
757840368214735743
614990584378614831
975705267152493091
756990017071924768
566548030988117761
469242668496745022
985562521255632507
166634165443125521
131061008658513307
137556754485785409
662272761596183824
888099619616066921
46496721264555713
251289847096751621
342906389011903301
31232403207839150
129532006942852058
456244588443566029
275408818752238749
668088819628312872
952305076132616892
841770036252667650
232823042040880961
57628326652676704
158134826536030717
931688392509796216
768323694968239241
757344314421112213
978107453739302841
9060139231975686
948014133268366172
508379239643686745
422770084645095404
592412246742977031
711778388195372757
289097114883278600
95155213393241306
776512673778499062
584994234451353771
18906054642365750
127227171713872339
903399876725465507
649209284626289608
482354824960450623
955545137456676199
717662988425338384
358072081498417821
878754197045206709
581273690325946921
11581839583459495
618689345268369887
964097951437273102
523119817452549368
150687611133458897
809887265999730884
431855941725166304
600276034067268510
844630890879461268
434224482350378452
980308016021563810
437387756818301262
926368295146568687
361423888818051861
825431945819482882
989017062562615587
415415759423493984
741587352144347826
160189037694578796
976923940530065549
936867706394088808
459099930969644439
271735363017653925
995196252615732714
818676429457635598
839849634398646710
985765302712099348
633272705878873332
788814391927308657
693075241999905468
866637722826314634
30452610625465695
289307581822965768
661780554221383783
541741601497345662
656639386268828968
369340585832613245
649551201155855144
411061977470104510
815849388639479091
537359604951848410
962702780059952772
436703553481715158
642822831567413217
243396245458195276
610099638871804847
784436120489172881
84719013417333600
21294355472120938
169403609965062659
752346315554072715
17501034704031816
679761520224562901
654458357499185018
927858911641464206
951725556042870294
859082407744581060
986774383635584304
183263089275513144
662612250770692513
622046472558514263
486166514923378152
34232671438019694
459008649700544952
213969426052826696
282554340301859463
495435426081638098
705885761826510209
907274515639373891
245326691295900308
167996669094167369
349836219374960903
349324148413126795
949189659574057669
981479423496093817
202742161411919804
543164221567958351
559088228518482801
427238785041336155
364685928332007777
534637586860097790
195383259210142108
150976427809221725
181763953062269574
843381856316294800
802040243301236277
192714657768346272
845157618672659448
420253300675270751
479848260431331302
701340372431647673
339448699666690822
804001173536858702
230145206141288863
29036815697313156
632248947851784597
364974308128393328
744259343504276280
860192706682463833
741342088240921185
208991076846649186
625844519825541029
895371431115116375
305584937054047187
262718605653838573
267502229175601088
372042795014337813
99764359333709379
523170087784895637
314386701103852171
526451708535714314
428990869844255890
107501665587934692
945920141816351716
689842544199017216
859362872394404519
36690436477978396
599723854626263781
831729606965563843
944409959796770699
138592851267125330
779282554397459820
809515123141455306
61426530785299524
179707804539373926
738673217735572726
748754744576051764
412622215197921899
812032924118160884
383144712706951135
632880252228894752
205061268681968575
621021446635129644
656642939399155806
434909955105356807
610534227287968058
524796104349340657
656909465439361077
94701847700773472
344742344851998568
16971414709885807
800756824677957347
660493058916643896
607376421818071805
895670506318316973
200332199306363514
340400468737329549
49072860112613721
748276521031700944
580765790458591679
488634204506790377
49577771345650939
377743693570978003
667640782406300414
181348999971356375
321065192149564929
198524298357698043
703359575755150422
654634816034814574
701787853606467242
146954309982492489
29150387715184210
320846608831861175
723669901531742198
839255917765224461
17634089550367840
520923261431889755
621567630970254302
539113317213247813
959098184743930195
128730751351637487
564521424770909720
594781866303585354
363826922451012564
144719576561129622
227019902953445504
679059614892405032
140691943939557632
762049407709062508
153430592738640788
747095242636962100
406969942414185176
360671304936824361
430499008147022057
230760814979803029
117768566355377841
161106083925060717
994904618716646847
648253673952256925
976671172017572319
385404080322393210
59937455929550723
300338005863540602
106091058205565440
457194415937342834
286493153940067903
36816259684807826
186825293743695260
31887759968016920
789010734619904795
42859707026920453
15714444456723123
826509151646705445
217623995244936945
486811839909080398
244779149449860359
205503657492666852
845759640606669499
52965456829146266
348205965412611800
800679256532920970
828041095644121600
493674347625818981
718577228470986569
147679277673444078
916878683081879948
584990144908631774
512300711816445136
264397116739008212
521845919000989635
144980917685465239
113383431897299921
944382525024934548
300605733787170091
964451631173035208
737300609754138908
858439061748970369
948173149227973853
471417575034312945
30878370482488922
590051509707766391
612221721783819580
305351325811956334
485066664113997976
513376862484600911
392583537770723898
590750159543232705
938018731138626759
969658397771704935
335504097856622045
369279183081895497
395667305061581383
17914304046747430
352471622561267426
702492007796911243
739831091702412633
87216660451453557
39665309861392187
313155656850182386
938986400242164618
821277363762446920
21211755257839696
966919102548149536
708497768078781036
986311783398583138
195667855378915822
382602944934153777
997071583342542868
958507093945804154
777768275770637514
959860664669336760
44473590025666178
135425904328688319
891618616322992955
878440715592116636
202721673043350047
988546208814281452
376988413873656142
577725697323171416
938876583525234214
30320026013683595
842418321859752316
719684434321384060
609042884181153533
531978427945305919
211660249792707845
263950406072443925
336644771962477353
393591039305375496
581981117634801572
204350149020775286
795366252957202423
31383462063644689
941213557876089307
900346591227954074
777302399804164775
792468006510812094
738494276073925669
137229186892220507
568665302924959026
235503619746018592
246545618113109786
413269351015262010
983296632333920484
816294195069967702
723130248879950061
977818451217989630
650156580640654565
360336001333712386
846680457470228458
60815400748026692
471900334894038745
410778170187895243
513752797028336403
670526777961641187
979875439157824831
523728829577883351
988751143806322815
5214657838411383
180684007785970157
944902768853930837
857867140675600895
108896763641212888
219775469840678571
928862681879880173
87075051694529894
621669199148979
300578930510187935
914322753364439657
583758764034626380
915024679432684512
326008719842846686
557670142684883432
635809499224006486
374829406873373716
958244161767729615
31672607398318014
243844838353947357
398757529848374855
139708654417918912
660643279935481247
644811604609115987
395314346079265560
123032511630940291
160974550815795802
210280146368818391
881567356500503696
754552670693867929
360989661156968491
493700227252384417
85980666959951968
134231149465056272
92900073668108647
78521283180513933
426385203315740352
804614094020573408
597287492337566401
48793030267890133
261605247431777540
996040567255959149
998360807921704902
451793719217514056
927423440442252535
572549317038627677
368367101637089651
415095890558597541
657187072797616691
833091026865928979
41884901443288125
170709005277765118
402477163958669353
398998719963736434
493061227913955505
336563699528500268
265932381920968370
955067803136084831
772313925236553243
581623053864934024
512952036802036039
722911071938001607
391336859657182743
228476933648661968
220894720302662542
928252223635193532
841855686345357270
104266045600773260
268571461971038502
374203290774383149
830810434950601816
944952579877830937
924256880277916681
979355938446354390
556413382142090189
5015126067026130
653762906908040111
893310775867366828
547804668759654419
614897853728551015
8953187367197074
469485379364126005
454134533992144227
696947098104570465
60327673455623103
183714323945451069
505945537924410032
44257022250280379
232566928771696909
556629748868076590
922044791960249433
90748020466414178
111913667181147427
356390908225928663
902119621427241338
235399440968603130
54886446643794925
595372482524654135
365642705334455552
159348287041770469
816788582825622903
403833260491635752
524017314743336837
838584053500587454
942354267618216625
624461033446036395
302933105594978602
259570809158242364
703543728654502827
874595344856704664
232875486355847044
774218521860824099
458648342832522426
369360181267071135
763977512157105337
48898749171297843
16991621578992873
548122200194918362
642811110363021291
677645078345395705
284701753119644822
298959496028280133
362423848983161799
308682137373501442
815959687018223579
686884046279437631
395827106735028982
850844298159474848
426854448573078800
588162242126336019
963421256624866474
428750353038679087
669628763969648485
416237538767950943
57757079910658844
291736972481815997
459256210927438641
812851391832162748
759929937899508224
281861710242112883
907654974560474288
757606799384615690
221598007421430047
915771727093422897
110152613424256580
875546040811722020
299176298498090664
843893373711781592
642100771599118114
971242426000401733
289165089468998633
995210742119215378
36722003228193220
813513125736571785
457678706599181231
444420896980413341
160102233825345133
965163232528226160
460381386250983101
784905798286389205
481881756875890064
914383330288809563
222368336248190574
487599194322280772
612739475626761330
66448858010279443
689891014673140497
629897013179633166
960230854412568470
839117867138273603
15125032052782215
576075932566142343
200374720183381337
81878404368659103
221127480011995300
470559985488259640
555340443489807413
476682812418430411
159651318702426220
61727216040804245
850541930234241609
860748089013468007
246524465979990702
14478835626535409
743147905369282411
38214224373144659
923217439990095927
912355982476870082
490595564961863227
797558137626090387
279030775344816022
636789823546790295
194611697222083401
265326465434419331
753888918032683881
337320458173049552
206354866957022063
150734887789375908
973546489555647732
921751393795740195
800305039770706056
478069104233832170
666800059653336249
639445159479154663
667014416758950840
186600816079217747
26050813621041338
899754727686411492
936218609076959761
917794135204399409
972667896475955829
398585011679195414
56441050613488792
918782497388196599
229778499477586272
562597460796095266
50554917941309449
411026303004586003
603467536019739165
534020373125222890
473605928393154479
612598001808957464
457552071159247210
459747924538843422
589271625639241514
241391819704057048
535025270715729095
425276693933682370
482897648251505933
832420241580558012
592757272854428425
154687671662736239
740906353894150475
608568856507948708
241527068992726637
473587976690243190
282187546762402233
980489448926743159
