100 100 12 76
1176 -63 6962 3137 8000 -57 -23 4178 -63 -60 273 6935 749 885 -30 -1 -73 4903 -46 -52 9955 -73 7411 7463 4762 -85 -38 -75 -10 6272 -78 4993 -93 -61 -29 9934 -22 9325 7586 9243 6118 -67 -65 -47 3486 -91 5267 6389 -26 8701 -46 609 -25 4746 8971 -88 9918 -98 3632 1527 1271 -58 426 -81 -37 -89 5762 3205 1370 8053 3387 -77 5092 828 2771 6394 -42 -69 -71 5471 -56 -80 -19 7616 -10 5710 -76 -86 -71 -24 -94 2164 -70 -78 -68 -4 9197 6606 4679 -4 
-73 398 5492 -77 6935 5075 -37 6478 4793 8720 -36 377 3829 -51 9856 -75 -17 -85 -78 5954 -59 3428 3029 1145 6648 -91 6097 4886 -75 -68 7758 3998 9883 -30 -30 -4 -42 -75 3420 1422 9248 2473 -54 232 1656 -18 -57 -95 8593 -61 6304 -16 495 -58 7943 4678 3599 -31 -43 -24 5385 -86 -88 -6 -73 3103 -58 -55 -8 6011 2524 8388 -10 -71 -99 3124 9258 6171 -21 6044 -3 -43 3123 7828 -98 8960 -10 1326 -28 -39 390 6296 -58 -25 -16 -67 -2 -75 -78 5478 
4376 -86 -65 8133 1114 5818 7183 2464 4228 -14 8771 -50 2202 7918 9523 5553 4336 2086 -65 198 1787 -6 -89 7397 -26 3983 6682 4682 6769 -37 -64 8103 -96 -55 8510 -21 2323 -74 4416 -42 -48 -53 -25 -4 -41 -58 -16 3863 -61 -14 9294 7448 -80 5979 6555 5867 -51 1342 -3 -77 1873 9124 5301 3689 3473 -93 -10 -17 1293 5559 1318 444 -43 402 -88 -50 6063 -77 -97 2400 -2 8150 -78 3466 -5 -54 -88 -6 -15 8978 1936 4088 7419 -57 7198 -31 -28 -53 6588 -70 
8234 -67 -53 7180 -24 -37 0 -1 -23 -47 2872 2243 -66 -16 -4 2421 1009 -96 -95 5496 6041 -99 8183 -45 -11 8237 -98 2437 3595 5300 -3 4760 -31 557 -83 -16 -22 -83 5332 -60 7930 -34 -67 2027 -36 -9 8277 5954 6718 306 1256 4533 5782 4126 9661 -85 -2 3458 7269 -85 -63 8890 5722 10079 6324 -41 4365 -11 605 8814 2644 6574 -39 1373 -87 -43 -60 -34 -17 -98 -74 3984 -22 2649 2733 973 -88 3953 -3 -13 -97 -42 4406 4088 -43 8162 6084 8158 -66 -29 
5495 4856 -13 7864 -4 5785 -88 1929 8025 -23 -23 1511 3763 4971 -8 817 2276 -41 -9 9152 2626 -73 1776 -40 -61 379 3573 -15 8506 -68 -72 -53 7574 -87 -39 1377 3496 -96 767 -16 1179 5889 -6 -30 4694 -41 -49 1125 -39 -31 -20 -67 -57 -94 -76 -67 4295 -92 -61 -41 -59 7812 -20 882 -7 -66 5296 2863 2101 -85 3042 -56 -75 2665 -7 -47 -56 -64 3590 7871 5095 -38 7939 1883 -59 7379 4248 1954 -97 7645 -35 3373 3030 2319 -74 -2 -23 5815 2534 -16 
2565 -62 -34 -57 -82 7762 2582 8905 6842 -74 9096 -72 -43 3983 -64 7556 -11 7384 6420 700 -87 4263 -64 -1 -18 -10 -34 -1 -61 1619 -22 -31 9516 -99 -67 -83 6081 2311 9713 -14 -34 -65 -57 -74 -47 1166 -53 7663 3860 -99 -19 6062 7730 -37 -80 3674 -71 -50 4213 274 6797 -12 9550 -60 0 -12 -66 5428 6044 -76 -86 2479 3727 -30 -34 -1 8860 -41 -93 1539 -74 -32 7577 -32 1013 7871 8573 -45 -71 -26 -69 -76 -96 -12 2091 6422 -36 -26 -8 -46 
-14 -76 449 2860 3920 -76 -23 -99 -92 5479 -69 8990 9880 5867 -22 5719 386 -86 -70 7955 -42 -11 -72 9737 -28 -94 5177 -58 5618 -33 -26 8199 5434 4713 5725 -98 -4 1501 6795 4126 -29 4401 -22 -4 -52 6803 1105 1869 -81 -4 -42 0 6660 -41 8912 3774 -88 -83 8726 7511 -5 -6 254 6725 -12 -61 -5 6977 5170 913 -65 5111 361 -40 4943 6201 1183 5823 -47 9262 1438 8514 2972 -74 1479 -15 -88 7607 3861 -81 1391 6119 1555 -65 -17 5334 5267 -60 1518 -25 
7658 8333 -52 2972 -70 -85 526 4746 -76 0 -22 3045 -33 -5 -62 1257 5873 6422 4690 9595 -41 791 814 3659 6281 3774 -31 -30 8286 6464 3798 -76 -7 707 -80 -46 7925 -13 -69 -8 -14 6709 -38 -19 -86 -14 3101 8694 6383 4108 -72 7349 3132 7149 949 -59 7170 -90 -51 4722 -7 -96 7922 3813 -35 -93 -12 -73 599 5916 6416 -54 -40 1342 3589 1655 -3 9047 4666 8964 6709 2981 -45 -53 -79 8165 -13 1196 -73 512 -18 4337 -78 -93 -65 144 5883 5498 -17 2441 
-96 -37 9930 3599 5283 2441 7805 -81 9418 -51 -15 -75 -18 -14 -27 7979 -7 7111 4234 3632 -65 -11 -46 8195 -31 9552 5419 -66 7915 1979 2564 -42 -51 666 5086 -15 6723 -33 7611 9990 -73 431 -85 -72 -83 8775 -52 3836 5990 960 -97 -6 1664 -95 -49 3955 -13 2834 2522 8130 -97 -8 7877 2583 954 -46 558 -35 9782 -50 1797 -99 -8 -5 -64 1471 7502 -76 -63 -65 5204 -59 2247 6268 -30 -90 -75 6475 -74 -37 9548 9084 1538 -18 2218 8790 -96 -53 -92 6462 
-23 -34 6457 222 -42 7672 3841 -90 -1 -93 8497 8674 -50 -34 5474 343 3821 6553 -65 4833 -33 -3 2194 1870 4192 6300 208 6650 7059 -49 -23 6049 141 3700 -34 3578 -88 4427 5928 7096 -69 -25 875 1276 -23 -47 -60 953 -54 -86 8761 8446 -22 -28 -34 -19 3187 7216 -89 -56 -43 2259 -83 9476 -18 10040 7823 -44 646 -52 8157 8860 -52 -74 4050 -78 3302 1665 -5 6182 2396 5249 -39 -53 6369 1305 5524 2406 2020 2143 -30 8653 -44 -32 -82 -96 8008 -12 -12 5030 
2692 537 2770 -54 9488 -5 9684 -69 -12 -23 -78 -89 -53 6027 8869 4517 4714 -32 -22 3088 5155 -79 5893 -92 9359 -27 373 -93 8347 1139 -11 -72 3380 1373 -42 -11 -22 1063 -68 6446 1162 -53 -65 1726 -40 9268 3049 7443 -92 -70 2402 2171 -47 -40 -69 -17 -10 -26 -18 -45 4330 6710 -61 -45 -58 9955 -36 1754 151 -84 -14 -99 -2 -86 6418 7539 9478 6274 9102 -59 3811 -58 4427 -42 -16 -4 -55 -38 -14 1094 -76 -42 -44 -1 -10 -89 -84 -82 5799 -78 
5219 2702 -1 -6 0 -76 4062 6091 -25 -18 5862 -79 950 5952 -90 -90 7095 6416 2035 -48 1777 7892 -21 -96 -39 7659 8651 -56 -79 -72 -20 1938 9310 9575 -86 -84 -73 1190 -64 9114 -17 -32 -23 9042 2725 1402 8177 2241 8234 6489 9522 -53 7387 -67 7857 6463 -63 -95 -29 -28 3773 -98 6060 1258 -74 10063 -84 -77 2675 -47 4903 1806 4590 -83 -27 0 -21 9335 -32 -8 4887 -28 1539 4210 1400 362 9654 5682 4130 3696 -50 5928 2395 5755 8859 -55 -98 9652 -88 4947 
3849 -29 3716 -17 -86 -27 -50 8424 -70 2467 274 3212 -32 -85 -74 -35 -31 6797 -37 -81 7142 -68 -97 -61 3126 4362 -43 -35 -42 7601 -72 -4 3275 -1 -89 7275 3049 5514 -42 5651 -93 5443 -90 4010 2991 6119 -46 632 5306 -69 525 -46 -59 -66 4086 -91 -33 4678 -90 7979 1201 -50 2286 -71 623 -67 -2 -82 -25 -22 -99 6184 6323 -60 -10 505 -34 -89 -2 3070 2508 -67 2338 4871 -33 -69 6302 -79 5094 2391 6448 6769 2968 5315 977 5486 -81 9452 -62 5853 
-50 2049 1245 -1 -10 9689 4047 -42 6249 -57 -32 -7 1162 9494 5875 -53 -16 -1 7101 -60 -49 -77 3480 -38 -34 -23 -87 1990 -83 -53 5436 9165 -3 -48 5870 -26 2549 2123 2431 -49 3735 4797 -95 9443 7146 645 6018 7241 -11 -46 4276 -80 2065 -54 7442 -7 4614 8270 -44 9613 -16 1409 -83 -37 -22 -97 -74 5712 -33 -16 -9 -1 9371 3836 5381 -23 -17 -80 6802 9668 9996 2723 -68 -99 8101 -39 8208 -58 5444 -88 -96 -64 -50 6223 7639 -20 1554 6510 -23 8052 
9721 4096 9968 -20 -69 3855 2312 5545 4506 667 6219 -35 5585 1962 5049 -95 4585 -87 7517 2495 -28 815 6926 -87 193 -84 8703 9623 3090 -87 7864 -78 8832 2301 -24 9294 1731 7779 5132 -52 6758 -5 1106 5360 6548 -21 -65 4943 -19 -61 9027 -47 -24 7882 -75 -43 3110 -31 -56 -89 -71 1956 -50 -43 8936 -4 -62 4446 -38 -97 -95 -14 -8 -84 1926 9621 -71 1266 6149 -81 3215 -94 -32 -84 -81 9188 6872 -40 -33 -48 -17 1116 4136 7518 494 2116 1490 -65 3069 1577 
-74 -62 3127 -48 -20 -36 -17 7597 100 -86 8785 -80 5086 -34 2847 -23 2113 8318 6082 -66 -3 -55 4446 8793 5358 -4 7186 6944 -35 -90 4447 1405 2659 -12 1151 7172 10028 9032 5341 8026 7658 9439 -22 7104 -80 -62 5255 -25 6678 6436 5570 -6 -54 -96 8911 968 608 7263 8589 -39 794 -50 -35 -42 -22 6312 292 8930 9060 -36 -91 -6 -60 -48 -26 1176 6946 -56 6090 -53 2381 8787 -1 -31 2633 580 4822 9285 5747 -52 -43 -45 -21 9288 -30 9023 -51 -52 -72 1155 
5164 -34 9193 3139 -27 -54 -85 -66 -11 3412 1890 8289 1256 -12 -63 8719 2482 9216 158 -81 630 -2 1646 -33 3547 -84 -47 -83 1684 -49 -86 -62 -87 -18 744 -73 7094 -87 4996 3709 -48 1680 4846 -72 -6 -82 5622 8651 2594 -71 2084 -32 4171 -11 8864 3493 -36 1616 6674 -64 3649 -90 -58 5889 -3 -85 4073 6351 -47 5128 -54 7909 4301 633 -48 1535 4589 -9 -44 -57 -3 -45 -56 -88 -24 7126 6636 8537 -26 7515 -49 9709 -99 -75 -46 -13 -21 4903 4179 8039 
106 -23 871 -64 2568 6807 -71 -44 1479 6053 5467 -47 8911 8142 -69 -62 -53 -4 -29 9732 2632 3531 -29 9381 -91 4295 3624 -53 6155 -29 -29 6957 -48 8804 -87 -90 -79 7441 1446 10030 -4 -12 -43 -61 -78 -52 -40 -16 717 5865 -72 -77 -2 -73 8443 1867 -54 5493 8635 -56 -30 9465 9347 -53 2042 7474 -8 8138 4010 3516 -63 -8 2574 3178 9092 -53 -83 -85 -41 -70 3134 176 -71 8277 9380 5935 6181 612 6669 7041 -52 -94 -88 -36 4890 6987 -16 2276 7655 3060 
-23 2041 4858 6520 3665 1721 5826 7129 6298 -46 1981 7793 -84 -44 -80 -65 7879 -46 6468 4807 -66 3048 4036 7531 361 4929 233 9581 2327 -21 -88 4458 1393 -60 5581 9376 9829 0 -86 895 5544 10015 457 -36 -96 -90 4522 257 -99 -14 3986 8751 -79 -96 6769 426 -39 6741 -45 6050 -4 -70 -29 2071 1094 2886 -10 2003 0 -76 2172 -52 -31 -25 5049 9940 2779 -37 -70 6797 5731 4302 4997 -86 1049 7063 -2 -78 -79 -70 -22 4321 9409 -6 2155 -36 -27 1503 10055 -38 
8442 3412 2317 -87 6646 -38 7113 9031 -81 8793 8330 -43 332 2768 5934 -20 -97 2222 2323 -39 2594 -51 -84 -68 9210 -84 -80 -71 -55 9737 -8 -11 -43 3894 -87 7137 -42 6116 -24 1173 -53 -65 -78 6392 8929 -30 -35 2169 -90 9880 -65 -29 -96 1826 3915 -36 8567 9440 -25 -59 9213 4780 3852 -66 9186 3946 2319 1891 3634 8001 8460 -93 -44 -39 7461 -80 9256 8629 1380 1886 -83 -79 -20 -36 -69 -20 -94 -85 -53 -92 3961 3905 -78 -38 0 6290 -32 -66 -22 -40 
-26 2892 4646 -60 -73 -48 -9 -89 -17 -44 0 -66 6756 -22 2860 6601 -35 -71 -38 -19 -21 -59 -71 -31 -92 -52 -1 7578 9815 -41 -5 4465 -18 -84 6643 -97 -24 7392 6114 -15 6918 2254 -82 4038 -94 -57 1078 -94 -54 4308 -94 -6 7004 7066 6442 -21 -79 -76 7760 -98 -38 1221 8426 3001 -14 -92 -18 -7 4672 1668 -29 1718 -4 -99 814 -39 8793 -90 -84 -28 5520 -10 -86 -62 6392 -43 -68 -55 -63 8473 -49 1628 -10 2414 -12 3888 8721 -2 2657 -60 
5971 6598 -4 -60 -14 -68 380 -24 -5 -86 -22 -38 -85 4032 2481 8074 -42 -43 1730 -14 1826 4028 -39 -92 -46 244 -87 -25 6900 -46 1469 6773 -35 -82 -30 6801 3576 -49 -86 -42 -43 -69 8806 506 1331 2406 8094 -90 -26 8946 1739 4031 3548 -81 -97 4556 -49 -42 6465 4392 1388 7947 476 1051 -63 -35 -52 3830 1225 5378 4266 3068 6760 -6 8425 7451 -52 463 9916 -97 8707 7742 -13 1699 7113 5681 -8 -4 3536 -94 3816 -43 -90 -41 -89 8067 -70 -33 2893 -88 
-46 9368 -60 -85 -78 315 9262 1598 -19 -52 -20 5991 -69 9229 -40 -83 4833 -25 -80 2978 821 1454 2676 4388 -34 -2 -64 -46 9790 -44 3293 346 -1 337 8838 -18 -17 -58 -90 7641 4885 -40 1322 -60 -8 -44 2010 -56 -85 -43 -66 -59 -98 9379 443 -23 8551 -63 7999 -86 9807 3318 -90 -44 0 1265 -85 4926 7174 -8 1031 -82 7446 -42 -10 -59 2523 -33 -86 -14 -55 5019 7026 208 6900 -85 2276 8723 -47 1209 8754 -88 433 7896 6892 -93 -62 -5 1582 -7 
3610 -65 1323 -21 4964 -34 -89 -51 5001 6777 -31 9627 7215 1666 -54 -91 5886 -4 2130 1509 2117 9416 5905 -85 8703 3324 -99 -40 9377 -5 6512 -7 5271 6529 -73 -26 7907 -8 -54 3714 2607 -83 -82 -86 -75 -27 -35 -79 8028 -17 8842 -67 8253 857 -55 -63 -69 -32 10026 -36 9375 -26 -90 4127 -69 5417 4520 -29 3510 -47 -9 -41 -11 -54 -72 -61 -4 -81 7305 6804 5165 5983 5689 -70 7870 8003 -6 8218 -18 9279 -61 -34 7410 2388 -10 -16 1934 1451 6591 -58 
-32 -65 4828 7456 0 -96 9873 -12 -55 -51 9671 -33 7550 5957 3609 9693 4611 6980 -35 311 5525 -84 4372 -96 -55 6328 -81 3646 7177 4305 -76 -68 6004 -28 8430 8369 7170 -14 5095 9708 -64 3004 -84 9101 -93 -12 6527 1840 -91 -90 6896 -51 814 -20 -81 -86 7610 -13 9064 7010 9463 6933 2484 -42 5878 -53 7366 3986 4251 -53 4660 5022 9033 9175 1172 -29 7391 -12 -28 4202 6537 1136 -45 -63 -5 692 5358 3944 5344 982 -89 -67 -93 6550 -19 -62 5517 -45 -55 5489 
5998 154 -77 7149 9556 829 3637 -49 -8 7129 2078 7166 5112 6449 9777 -53 9100 6825 -9 5564 -37 -40 721 -57 6359 6186 -75 -1 -59 -57 5450 -27 1267 -3 -13 -26 6094 809 2651 -78 6887 3077 -5 -17 -90 9128 -92 5761 -9 -92 -30 3305 -67 -20 -69 -85 -55 984 5277 4653 7998 -6 -58 6151 -62 -33 7069 228 -89 1823 658 579 -48 -22 3840 -21 -55 -82 -31 7002 -12 -37 -28 -44 -13 -9 -17 6447 -9 2240 2046 1597 1405 -49 -59 -32 2099 -6 9400 8329 
1297 2312 5082 8725 -59 3314 8403 -10 5341 -79 -71 -86 -81 -61 -4 8981 754 -75 -69 9160 -2 5350 -82 -75 -59 -12 1344 -16 5071 -13 5503 -14 5768 -2 -21 4613 -95 7763 9554 -81 -90 -58 -86 6903 -16 -92 -20 273 -60 5168 -63 4566 -62 -7 -41 -55 -36 4981 5267 3454 4441 -68 3031 -25 3278 -40 574 -72 -41 5391 -17 -76 -20 3972 -95 -8 -66 8932 9174 4429 -91 1306 4499 -22 -42 3487 9036 -18 -75 -75 5436 -60 2959 1465 4240 -25 1611 -23 -6 -8 
-91 -46 8580 5529 -69 -63 -92 -88 991 5599 -54 -64 6409 706 -95 5601 -37 4988 -50 -10 3612 -49 413 -10 -73 -24 4297 -22 -92 4893 -29 -77 -31 825 8227 8357 -26 -48 -70 -36 6315 6108 8408 -93 -95 2029 -46 -45 5617 9488 -14 8313 -91 -45 -30 4446 1611 -74 640 -78 -69 -98 -7 7933 -80 -37 8394 392 7127 -82 -45 -11 4462 -92 -98 -60 7222 -35 -27 3250 -54 1073 -34 3518 8894 1492 -58 -41 -65 -46 -17 9060 7259 -87 -92 -25 5290 2096 9857 -41 
6207 858 9777 -87 6212 6038 866 -66 -31 -8 1001 4591 4391 1972 7573 -99 2556 -18 9515 -10 8356 2334 -76 -18 -46 -76 -24 -6 -83 3699 565 8583 5449 289 3997 4342 -99 5824 1864 -46 -60 -93 1242 -37 -9 9180 4142 -27 -58 1305 2349 -72 -71 -94 2376 -10 1459 -27 5575 7879 5524 9876 7266 4958 -62 -34 -94 5605 2747 2221 -83 7015 -69 250 -38 6433 7801 -80 -23 -81 -72 1511 3624 -53 -91 -69 -70 1404 -22 -58 -15 7336 4788 -5 629 2599 6376 -80 808 -42 
2544 6928 -14 6776 5518 -69 4245 9732 -20 -27 -63 -49 -71 -30 4804 -93 -93 7868 4224 4517 -49 4475 1501 8621 8821 3974 6403 7371 -59 -5 -50 8097 -41 -57 -93 -60 -32 -37 -22 1360 3138 -78 9056 -51 9119 -99 -77 5957 -82 9935 4418 3746 -34 2282 1733 -19 -45 3846 3864 -89 -99 -76 4384 9966 2757 -99 2262 -94 -64 1327 1987 -17 1494 0 3257 5161 7897 2865 3494 7026 3014 -58 -22 -43 6563 -97 9116 625 4548 -69 8332 -51 -5 -43 -91 -90 -68 -79 -88 822 
-24 5271 -81 4091 1092 -48 9568 2869 3397 1697 -31 -36 -54 0 -46 -13 9078 9874 -19 -16 -49 6590 -61 -87 -97 5337 -66 -92 1822 -36 9510 3821 8471 -37 9029 -68 4053 -14 -20 -84 9283 1530 -23 9027 7594 2090 -83 -23 -99 4589 -47 8752 -30 -75 6642 6960 2100 -2 -39 -75 5213 6266 9219 7316 7324 9205 5236 1223 8391 1327 -46 -23 -13 5155 -37 1342 -9 8515 6098 1540 6147 -40 -32 2139 -89 6413 7425 -70 -35 -28 -57 2981 9457 5082 -36 4157 -78 -15 6062 -11 
3609 4729 -36 9619 6736 6506 -70 6143 -27 9047 -69 4004 2123 9743 142 2450 7657 8204 -91 7539 -19 -70 5104 7881 -14 -38 -33 -37 -73 8250 -7 -35 768 -43 -55 -16 10029 9460 5969 -24 -60 -15 -73 -71 -70 -29 -28 1241 -89 -49 -94 -79 4736 -31 5393 7783 7832 -29 -59 2892 -2 -89 427 8630 9598 6680 -94 -86 8764 9632 7406 -54 -90 -38 2150 6914 -50 7354 -67 425 5865 -34 -12 -49 -42 -53 1896 5011 -95 -92 -64 -71 9962 9437 -37 -87 3691 -25 -82 1250 
9724 -36 -57 -89 -48 7297 0 -27 -8 -20 -34 3667 1170 -18 2943 9426 -30 -83 -95 236 7851 -21 -16 6618 4372 -97 -96 4938 4399 4796 6605 7335 2191 1694 8962 4322 5119 2517 1858 -81 6369 -10 4584 -42 5816 -26 5390 3334 9092 3530 9844 537 4397 1148 -66 8628 7844 -41 -86 6046 -86 -70 1783 -89 5146 7092 6142 4530 4772 -24 5870 2390 -11 6627 6830 -94 5405 8423 9911 -27 2478 7638 -22 9691 1198 -81 -94 -84 4626 515 5108 -23 1839 -3 -6 1115 7935 8626 -12 -66 
7435 3785 6805 544 -65 2789 -55 1102 -52 -17 6702 -59 -93 5758 -96 4527 -95 4893 -29 3317 -44 4606 6669 325 -34 4244 982 -21 -24 -78 -63 -6 134 8972 4412 -86 3728 9264 4192 553 -61 3974 -75 -85 3733 6308 -94 8019 9205 9242 1404 -62 0 -90 -48 -78 7048 -20 -90 -13 -93 -20 -66 4232 5197 2291 -67 -43 -44 -69 -60 8983 4554 -49 -72 -84 10068 -23 9074 6891 2735 -67 680 8854 -84 4187 -31 -78 3718 -83 8663 3277 -96 1578 -75 -11 -21 1218 942 191 
-36 -66 0 -18 0 -92 -17 -12 -87 -63 -34 -41 -31 -51 -36 1388 2942 -66 4436 8946 -16 4067 -31 -34 3988 -2 -83 -24 6125 1664 -71 -93 5713 -25 4606 4923 -16 -13 2706 -5 -47 8212 -99 -1 -63 -18 -60 3083 -93 -89 -16 -66 10088 6267 -98 1906 4727 4177 -59 858 703 -25 -91 -65 7174 489 6342 -81 -90 -24 7801 -83 -26 -33 -7 -23 8518 -64 0 8199 7937 -38 -7 296 7289 522 2951 3664 -19 -14 -46 -8 2897 2068 -4 -90 8963 -96 -7 -62 
276 3193 -47 -29 9059 -14 -26 4156 -21 -31 -67 745 -40 818 -88 -2 -27 -24 7609 4809 608 -84 -80 -5 -38 287 9380 -82 1641 -63 7882 3214 -11 1523 -67 4655 -21 -25 -12 8595 -99 -24 1869 1276 -32 -17 3893 -69 -6 -48 -71 7531 2587 -21 -25 733 8611 3437 -46 809 1779 9142 -84 8252 -25 -92 1624 -53 2639 1602 5491 -8 -59 9544 -84 613 4554 -46 2971 8931 -95 3396 -8 -57 -78 -50 -27 -90 -54 1241 7140 3432 5599 8166 5909 8035 6520 -12 3560 8868 
-81 -52 -32 6892 9114 -82 -34 3554 -8 -34 -7 8798 9385 7140 3551 3976 6655 -92 -5 -40 2290 -83 -66 8343 5454 1612 3166 1286 7482 -79 -33 6207 7247 5579 -50 6761 3761 -14 -11 8232 1204 894 -10 7312 331 7637 3114 -60 3174 2342 -66 -4 -99 -54 6344 5229 6278 -48 0 8565 7594 -9 7794 1654 8325 3625 -74 7520 1981 -18 2132 -40 -29 2814 -1 -6 -19 -3 -22 4131 2199 5459 7768 9095 -9 -28 -40 9450 -4 -68 -85 -1 -27 -3 9129 -34 2939 8762 -16 6853 
-94 5448 -17 2136 5138 3392 -73 7500 -75 7650 3134 -83 -9 -27 566 -17 4859 8584 3597 -74 5907 7105 -9 -53 7968 -18 -46 7769 1338 8255 7311 3839 -43 3571 2330 -97 5741 -18 4737 7356 1213 -36 4308 7215 8658 1255 672 -58 -17 1161 -35 2710 8925 -90 -29 8627 5562 8683 4792 -14 6448 -28 9291 -84 7291 -78 -1 9770 7426 -4 2091 982 -7 1546 -78 9696 306 2779 4571 -29 -38 7273 -81 6822 2735 2786 1760 5046 7910 7731 5016 282 -47 1724 5413 -93 -87 2947 -94 -85 
6847 -97 7832 -92 -37 -14 4051 -13 4202 1466 413 3934 -89 -51 -2 -84 -43 -41 -97 5249 -65 -66 -24 7469 -83 9870 9062 8676 9766 -42 -99 2602 934 -15 226 -29 9403 -12 2733 -40 -31 7471 -91 -32 -31 9545 2686 -95 1910 -25 -92 3560 -46 -72 -76 4851 -47 7884 101 -90 5084 6378 3741 -31 7772 -39 -83 -23 2403 217 8081 -25 -39 4917 -48 9559 -44 6448 -39 -14 3308 0 -41 -78 4363 -30 -15 2977 -78 3141 -87 -14 -39 -85 -48 -32 -85 8187 -9 -92 
1892 -55 -12 5598 435 4689 2313 -58 3551 -48 3831 9308 5753 -39 1076 3037 -39 1492 650 6599 6814 -12 -93 -85 -23 9923 -36 4126 741 -5 980 2124 -72 9687 -1 -87 7953 472 -27 -45 -47 -47 8484 -95 8087 -96 -45 7761 5209 7363 2261 -31 -26 -21 -32 -26 -69 8331 6644 -37 -70 -63 -66 -54 5378 7958 -19 -33 8453 9878 1596 1621 2167 -14 -13 -76 -49 -80 -20 2428 -82 6886 -21 4065 2503 3766 -83 -5 5452 7039 -36 9174 5755 2225 -67 4206 8933 6171 5035 5342 
-85 -69 -64 -93 9062 7244 2829 10049 0 8559 8943 9096 -40 -19 9601 10017 5953 -90 9681 -16 -51 2622 7444 -87 -52 -3 5540 -60 2560 2113 5608 9890 1647 -59 -66 588 -68 1641 -2 -8 -23 -89 -83 -81 1522 9056 0 3358 520 5269 -77 7558 -64 7461 -16 -47 4024 -42 1466 -82 -86 -84 -72 -42 9682 -78 -66 9394 -6 6061 5865 -57 -32 9105 -69 1047 9258 -83 6762 -64 -48 8276 347 4599 3352 7315 2207 -12 -4 7836 4471 4626 -77 6671 5340 -40 0 5100 3719 4518 
8370 0 311 6097 -56 4678 -2 4696 8369 -35 -10 -27 7167 -6 -71 -71 6180 5810 -16 -93 -18 6337 -71 6067 7740 -40 1711 9777 2461 -63 6033 -15 2171 -46 7191 -24 802 -61 -98 7761 -12 4912 -21 3055 1960 5863 5071 -88 4808 -47 4625 -24 6702 10009 6190 4258 -22 9419 -64 9818 -86 -72 -76 9508 1994 7335 3766 4554 2380 -83 3596 -99 7574 -62 -88 -18 -72 -72 5507 -16 414 4925 -23 -31 -83 1997 -26 -60 -65 -41 -24 4919 -34 -55 3656 -59 5952 287 9857 -7 
-42 3489 3886 -22 -42 -1 3036 -56 -85 5234 3381 129 8860 2384 7998 -14 -21 1248 8851 3050 8713 1720 -63 4552 -55 -50 6972 4782 -30 3874 8652 -2 -51 6838 4875 525 927 6438 7294 -54 1182 1322 117 955 3687 -46 -99 6685 3028 3329 -90 -51 -95 8212 -8 8424 1713 -79 3596 -99 -32 -45 3327 -26 -77 2340 -20 -43 3754 139 -71 -41 1026 8986 1029 8633 -79 8021 -56 6544 4187 4032 10075 4416 3833 -15 1525 -79 -3 9695 -14 2645 7647 -98 -39 9572 -79 9873 -92 4412 
-94 1866 397 4071 9802 8833 4688 -55 3727 -70 -19 -73 4994 5527 642 2528 -95 -94 6774 -13 -79 3159 -45 -31 -7 -82 8081 -39 3706 -80 682 -78 -32 8128 6636 -26 -95 -27 6931 4062 6519 -64 -29 3625 -85 -67 -25 -18 -67 -37 -44 -31 5094 -95 -71 -42 2245 4242 -20 5589 -59 5806 2401 -39 -14 -98 4777 1666 -4 643 4201 8688 -70 6585 -29 3657 -60 174 -26 4942 -23 1580 6596 -58 1882 7053 -30 -97 -89 -11 -27 -56 -44 -94 2951 -60 -24 -37 -35 3442 
-97 6401 -25 3514 -27 -29 -2 -96 114 8989 -63 -91 7185 -44 -96 -22 -49 -44 8102 7445 6330 267 4910 741 2027 527 -87 3391 -36 5721 4878 -2 2661 1082 3444 -52 -9 2371 -93 6519 6355 6112 -26 -99 475 575 4610 1125 -41 7293 -17 1883 8048 205 4486 2443 2582 -86 4215 4052 -27 -92 -66 2881 -50 -28 -97 -91 -36 3873 -31 3291 8201 -17 7704 -90 -71 5274 10092 7597 5471 5742 -6 5915 9038 -44 -70 8340 6395 4711 6033 4603 -99 -12 -93 -8 -60 5703 -2 2257 
1792 7607 -35 3239 -83 5824 9752 9267 -39 -75 -72 -52 -99 9170 1133 -47 770 -63 -83 -92 8871 -29 -20 -26 6282 -61 -52 -9 6776 -10 -63 -91 -45 6470 -71 -99 -9 -27 -90 -80 4568 -54 -75 -54 4925 2863 -54 3124 8494 -55 0 9622 -37 -82 9867 9002 1410 2522 2731 -15 -1 -52 5834 5092 -10 -23 -13 1676 -28 1634 6232 8942 5391 -56 -76 2228 -27 5485 -32 -24 1375 3681 -24 -99 4261 -44 4545 -90 -14 7462 2124 2397 -60 -84 -48 5811 -61 884 8617 895 
-8 8919 -91 1189 8428 7830 917 -66 -67 -88 -94 2983 -97 4276 944 9695 -18 -27 9946 -2 386 1311 0 3926 -96 -14 2018 8265 8144 8356 2038 -44 7475 128 317 396 5154 783 5688 -54 4652 -30 -68 2374 3699 -31 0 9089 -2 3441 5418 5760 -13 10014 9317 -70 -63 2019 4775 -50 -64 2066 667 5263 -39 -18 8234 2818 5928 -99 167 -75 -33 8417 9808 9481 -94 -40 -52 -3 6952 -54 9572 186 -61 -7 8824 2478 -12 -48 -62 3868 7990 -3 6346 7594 8557 309 3836 6845 
-70 6616 -38 -52 -17 -84 5224 5467 -3 -5 8426 931 1724 5402 6130 1682 -80 -89 9811 -97 1118 -93 -65 -1 -94 1728 -77 7804 9345 9252 -32 1958 9848 1189 921 -12 -25 -31 1002 -72 -23 -15 -74 -32 -61 -76 -5 8068 7193 2605 2795 6072 -76 5103 -77 -81 -8 6552 -8 -76 1629 -21 -48 4694 9816 -49 -22 -52 -77 -63 -67 -52 2233 -25 -78 5988 -73 1496 1469 -66 9430 -47 333 -92 6253 6091 5115 938 9478 -61 -16 -51 3817 740 -19 5861 8833 6271 -89 -69 
-84 5204 -61 857 8587 -18 2472 7822 -41 3160 -54 3059 9757 1351 -77 -85 4206 5633 8033 5990 3864 -52 -80 -92 5293 9198 7243 -67 -33 3279 2481 -19 -98 -9 5319 -4 -52 -27 5168 370 -82 2210 -69 2275 8001 6906 1470 -35 -65 -96 2784 -58 -97 -68 4255 4779 -80 149 2958 9402 10010 -61 -23 5292 -98 -99 2163 -78 -32 -49 5261 -72 6039 666 7755 -47 2032 -88 5560 -92 1400 6931 8428 -75 -64 -95 -93 7393 301 5611 -81 3188 4861 -5 -49 2645 2821 2825 7428 -93 
-86 5395 -25 2395 -79 -49 -80 -58 1326 6089 1936 -98 -44 -39 3199 -55 484 4010 8626 -26 -3 8726 5207 1048 9159 3155 2570 -7 1879 4017 -86 -52 -24 -59 5306 -17 -39 4970 7669 -7 5644 -50 3841 6748 2960 1942 -75 -81 -84 -91 6857 -57 2062 3335 982 6400 6996 9171 -6 2461 -57 -29 -65 -9 9410 -57 4656 -42 -51 -4 8274 5375 8719 3664 9111 2575 -64 -17 5558 137 -61 -13 -20 7929 -43 -13 -58 4049 -67 925 8921 9269 3091 9924 -34 8064 9305 -92 7058 -77 
3616 9987 7566 -2 9089 -84 10072 -77 -41 8857 3142 1167 -39 -44 2733 3870 7180 -16 -2 -26 264 -1 3562 -11 1693 9920 -76 -90 4116 6945 -22 5922 -94 7102 7523 -78 -87 8976 0 5862 1675 9341 2823 8728 -40 -34 100 -43 -78 -73 2926 -2 3953 5202 9771 2150 8966 5966 10021 4685 9246 8479 -62 -25 625 7868 -34 4420 -6 2887 -12 -41 -93 -57 -23 -24 -1 -63 8476 7032 2727 -10 3092 -88 -87 4054 6972 -7 492 -44 666 -3 567 -33 8480 -50 1276 3301 -44 -92 
-63 1663 -36 -90 -66 -20 4063 5096 7572 -29 -36 9227 -37 -32 3997 3181 -32 -98 9561 -2 4394 4728 -57 -80 4271 -14 6732 9886 4808 -78 4816 2954 -67 1973 3904 -47 3148 4067 4032 -65 5463 -21 2583 -33 2923 -11 2812 -35 -83 -96 4741 -67 -89 8450 -10 -22 -23 -49 -10 -37 -26 283 -95 8843 7401 224 8790 -11 -97 -40 -6 -83 -40 -16 8697 -93 -13 2990 -1 6607 -55 5022 -88 976 3067 -83 5165 -20 -84 -23 2264 1862 6147 -69 -58 205 -18 -81 -16 2867 
6252 -83 8291 9422 -46 7179 6787 6557 5037 869 -56 -63 -20 -19 218 -35 8769 6660 8792 7552 -12 -69 -5 8971 8130 -72 -29 5576 6535 10040 -27 -46 -85 -12 -61 -43 2189 9612 -44 -35 8747 9408 -91 -51 8501 -64 -5 8119 5296 4603 6536 -12 -36 8730 2878 -19 -67 5893 3745 -17 -13 7407 -98 9668 -27 -58 7710 9253 -49 1288 2868 -27 -21 7912 440 4091 10093 -80 -61 8107 -22 -16 -49 -53 3541 -63 -37 6814 7289 -7 4545 -53 8251 5138 -73 9012 -16 8598 -67 10092 
-39 7926 6624 6209 -31 -59 -26 5975 6070 -97 124 7460 8132 3293 -63 6148 5771 -3 -47 -18 1864 -99 -59 -7 8345 3682 -22 6002 -84 4550 0 420 -12 -32 -12 5261 4008 1642 -96 -4 -20 7994 4671 -48 -15 -74 -60 2340 -24 -89 -69 -8 -39 -79 -97 333 931 -64 7675 -12 -34 -78 3133 4832 -88 6038 -86 924 -32 -48 3845 -4 1781 -72 1833 -8 409 9723 -87 -75 1389 -97 -46 -83 -59 -69 -57 -55 -83 1802 -22 -1 3003 2647 7760 -9 4229 -32 -84 -85 
-16 7991 3750 7374 1379 5520 4261 8684 9564 6544 -79 6559 -13 3800 -90 9045 -2 2366 678 -4 9811 4321 -87 -76 7167 5176 3009 -15 0 -85 -36 767 -13 6136 -75 2403 9967 -26 -43 -55 4148 717 -38 -84 -89 2502 -70 6541 4964 7467 1000 -90 -27 2470 -20 -53 -61 -53 -9 2276 2018 8400 6600 3109 9451 3090 -32 -68 7222 6021 -68 2199 1510 -34 3624 1844 390 1766 5523 8057 -88 4652 -25 8637 5474 6027 954 -99 -96 -17 -78 7778 -96 -77 9980 8554 -32 -72 -5 -99 
4635 -30 10004 6798 4188 4919 3392 2179 2373 -84 -96 -16 362 0 -7 -87 1225 0 5346 -6 0 -2 -68 -84 9804 7460 8883 -33 3386 7152 -66 3995 -73 391 -76 1917 -79 9702 -64 2231 3950 1016 -97 2620 -32 4809 -81 898 5738 4193 9067 9316 0 5123 -64 3571 -95 -40 8144 -6 -49 -73 -87 5507 -62 7058 -7 1821 7590 7018 1994 4553 -38 1738 -91 -67 -7 3325 2988 3383 -74 2763 5380 3125 1672 -15 2796 2704 -22 -73 8123 9430 5151 1461 8156 -18 8431 -65 -81 -66 
3804 -40 4587 6130 5339 2287 3083 -30 4529 -55 -18 -59 10098 9202 -68 -86 -13 2930 1878 -92 4877 9002 -79 1310 -58 2424 0 2765 9771 7452 4063 -43 2807 -5 -38 -73 -38 7708 8643 5816 8878 -24 3757 -65 2374 6861 -86 5287 -29 5788 5039 -73 -21 7903 -73 0 3445 -37 105 2679 -40 -46 1758 1643 -83 4983 1907 -84 -26 -22 -4 -35 6820 -5 4636 -77 -2 -36 8351 -79 -3 -75 -76 7413 -89 -67 7332 -2 9479 -61 7696 -18 -82 -80 -89 2323 -21 7865 1212 4703 
-71 -20 6794 -94 -45 -12 -32 6250 5291 -98 944 -9 -24 7855 -91 -92 6737 4042 -41 7806 9606 -66 9717 222 -83 -89 -97 6170 -14 6576 -1 -9 -96 4101 -98 -97 -57 5210 648 8086 9373 -96 -55 4365 9909 -29 -89 -72 1580 8035 -93 3611 -81 8723 7997 -54 2480 -39 -68 -12 -84 -53 -59 -12 -4 -57 -84 5038 4168 1716 3217 6931 9710 -89 -56 3693 7326 8578 8388 -65 2377 9908 5746 9378 696 8776 -19 5230 -3 2483 -29 5987 -11 -54 -92 -30 9864 -16 7206 -14 
-52 -78 4404 -23 7401 -15 -4 -94 -37 -74 -8 -68 6028 1202 8293 3423 591 6921 2285 2069 3411 6785 1538 -48 6252 -83 7992 1712 4663 -58 8288 -58 2870 5561 2815 -21 -73 -82 2749 4486 -18 -37 -94 -84 -78 9587 9396 6113 -43 -81 -87 173 6475 1766 -92 6004 -90 1848 655 -94 -94 8969 313 8228 -68 -37 9322 6318 4562 3100 -58 -59 -32 7524 1378 2235 2304 -57 -16 1821 4839 -39 4010 7664 3731 -25 2109 -25 9280 -48 2723 -50 7549 9475 3722 632 -79 2042 -64 -87 
544 -78 -62 -84 4029 -29 8180 4435 4308 1036 -1 -22 -36 -69 -15 -98 -5 2161 7228 9379 3095 3966 -12 1052 -72 -85 6621 9454 -30 626 -90 -57 -28 5420 -26 5681 5051 -85 -64 5709 4290 -25 -79 -43 2697 9294 -98 -69 -41 -80 7787 -83 -64 -93 9602 -10 -44 8328 -9 2889 -88 8173 -8 -80 10055 3764 -59 417 -32 2354 -52 7900 -77 -14 885 1641 -99 8949 -70 2775 -16 9775 943 7597 1935 8874 5989 -84 -64 7333 1292 5690 8844 1226 6975 1536 671 2943 8921 3295 
4126 4216 -20 4263 7740 6844 -48 -51 -70 -52 -87 8305 -37 5853 -17 912 -41 5996 -50 -13 -83 -81 5619 733 -80 -5 9973 3226 2000 5165 -20 7637 8039 3197 9438 6761 -60 3664 -74 -93 -7 6397 -6 1153 194 2502 -95 -63 -46 8662 -96 -15 -93 -33 -74 -75 4840 6078 -39 -76 -93 -33 -20 1481 2318 -27 4335 3969 4205 9407 4867 6722 8489 9028 -28 -33 8360 -58 -92 2681 5133 2163 8292 2935 9213 -2 -33 -1 -66 -97 -97 -76 9043 -78 1933 3642 -22 5204 -30 585 
7070 3231 -41 -50 -33 1020 5187 -13 -64 7818 -3 -36 -62 6517 4790 -88 9425 5239 8169 0 -5 7313 -80 3151 -14 -13 5722 -5 4316 6791 -15 6919 5875 1363 1813 -18 -69 1743 -51 426 -49 956 -70 4146 -37 -13 8060 710 6899 6979 -25 4685 -86 7114 5991 4192 -81 0 1494 -69 -52 4810 -8 2921 6460 -69 -50 4761 3771 7433 2298 -72 -50 9990 8632 -68 -9 -93 -93 -59 4609 3592 -31 -81 -21 6349 2348 4042 7916 5527 8056 -49 -93 272 9056 -38 8361 8368 5827 9855 
-54 3653 7565 3268 -42 3022 -71 -75 -6 -22 7306 9595 -61 4943 -88 5611 7914 7975 3455 -46 -32 9889 3614 -44 -37 1700 -55 -67 2981 -64 4113 -19 1047 1926 7664 523 -92 -60 5238 5436 4290 394 -46 6734 4118 1770 -95 -41 -69 -80 2933 -63 -26 1934 812 -43 -50 1894 3910 -40 5631 8680 7706 534 7512 -49 9768 7838 -29 -52 -18 -99 -17 -43 9791 6137 5752 2385 7657 9346 6614 429 919 -54 -49 5996 7511 8616 -34 -89 5310 -44 9479 1070 -39 -27 6187 5955 -83 -78 
-63 -50 -3 1469 9437 6242 7635 2739 -96 6189 -5 6502 3193 121 9881 9289 6008 -58 -91 -15 -34 -33 5631 -28 4317 4254 6554 -82 -25 -69 -60 9730 9472 -46 9690 -95 -83 -40 4667 -4 856 -66 9177 4075 2906 8652 2227 6728 -63 6195 -91 -20 2890 7769 2267 1206 8904 6025 -78 2680 -12 7201 -71 5235 -94 8633 1587 -61 3497 3178 3042 -77 -47 -97 8396 3707 -51 -91 -5 8531 6994 9138 -30 6321 617 4916 9814 -37 2009 -54 -52 -37 -30 -12 8581 8185 9011 5480 -93 10030 
-60 -19 -34 1629 5210 2328 -9 2702 1380 -5 -79 -16 1406 9290 7734 -45 640 5384 -16 -68 8520 -67 -16 8932 -54 1294 -14 -77 -54 -79 733 -88 9875 8501 -34 6190 4982 -10 6078 -68 2226 4571 2950 -30 -63 -30 7778 -17 6382 -85 -3 6245 1530 -34 -45 1748 9283 5117 9775 -69 6164 1028 -12 -65 8856 6672 -24 0 4747 6690 6133 -58 -38 2687 1621 -90 -13 1723 -73 -91 -71 -29 -34 1020 -45 -27 6811 -75 637 -71 5982 6640 5682 -37 -38 -84 -56 -74 -86 -9 
7529 7104 7647 1242 -69 715 9692 -63 2737 6823 7626 1419 1367 5385 5221 -4 -85 -9 -94 4412 3922 -32 1998 -24 -45 2657 4027 2851 3231 -44 3003 9377 4318 1836 4437 9499 -10 -60 6170 4454 9709 -62 -76 -83 2977 -39 147 7766 7632 3757 4087 -35 6294 -6 2005 1093 9184 -9 -72 2593 5559 -70 -35 1756 9304 -13 -20 -17 2282 -90 -73 -89 -8 5877 9059 6994 1057 7763 -23 -95 4916 -41 -25 0 5346 4052 -82 5417 -26 1753 -93 -49 813 -74 7784 5401 8767 9794 5158 7422 
-56 -70 -90 2907 -58 8403 -13 9858 9829 -8 4099 6577 5225 -87 6178 9948 7868 -74 -84 -36 8801 9733 3959 -89 -69 -61 -68 4924 1395 8709 -31 -76 -13 -68 6665 5075 -35 -79 -46 -20 8110 2549 6920 6943 -54 5757 -97 -21 6021 -45 1743 1416 -33 9287 -66 457 -56 9193 -39 -71 4484 9361 -63 9986 -63 3478 -42 -80 -49 -73 -66 -88 2560 6517 1055 6415 306 -25 -92 -73 3656 6194 3707 3453 -43 -67 -13 -21 1963 381 6875 -92 9979 -3 -20 347 -39 3481 -52 1789 
4324 2861 -81 6141 2185 2030 4159 -33 6392 -79 3150 8426 -11 7288 5555 6344 5166 -82 -50 0 -31 -71 3646 -49 4698 2009 4299 -41 5004 -72 -17 6001 6897 4456 -74 -45 8776 -10 4731 -8 9119 1717 7839 9167 -88 7150 2704 6685 -96 741 -58 749 -50 -93 6854 -80 1810 -27 -54 -94 -56 7273 -97 9234 6162 -65 -34 7964 -11 2996 -28 -83 -31 2054 2413 -16 -30 9016 7876 -19 8920 -11 -16 5830 -43 5127 -70 5371 3955 -51 -27 5286 3987 4157 5073 7325 -24 9245 -32 -90 
-81 -21 598 -75 -34 -60 -47 6321 -49 -22 9897 4633 -96 -63 8519 -24 133 -23 -68 6012 -60 5456 -80 -62 2860 5480 7762 -69 -68 4708 9315 5135 -99 -75 486 4889 227 6584 -4 4606 -52 3435 -50 2760 5189 9660 -71 3070 -28 -25 -47 -95 3714 1238 3642 -48 -62 3051 7859 8567 -92 4977 255 2985 -66 9274 6409 2285 -73 -53 -24 8592 -85 -93 4339 2075 -94 -4 -45 -89 -74 4265 8422 5388 -77 833 167 2062 9855 5174 3189 8069 6556 -60 -70 -19 -3 -90 4297 6015 
-77 -75 -2 -97 4584 -67 9383 -40 -87 -89 9913 -84 7312 -77 -12 6984 -79 7770 353 2145 1663 -19 8656 484 4697 -43 9270 5100 -11 -29 7127 8635 9179 5100 -68 5624 -21 4190 8181 -97 952 -74 4815 8165 -45 -78 -44 -24 4892 1045 -51 123 860 -14 -71 -24 9852 7574 -31 -39 7186 2742 -98 -17 7180 3579 -85 -62 -97 2009 7915 835 -92 8215 -4 -46 -65 -90 6505 -66 4776 5436 -23 8468 -28 9667 -80 7607 -77 -64 330 -93 -69 8031 7312 3473 -21 6812 -74 -60 
-14 1572 -54 4562 748 -35 -7 -91 -57 -22 9744 -19 -95 4816 -94 -4 2248 5091 -17 155 -64 -22 -75 -78 -27 1760 4305 8344 4405 -5 2110 -91 3623 2687 -59 8962 1701 -49 9756 -28 -70 -14 3958 5022 9846 -22 2324 5005 7104 -51 2165 866 4502 -20 4078 1775 -33 -28 -63 4597 3034 -75 1365 7293 -50 -84 -23 9986 3088 4076 -77 -54 -27 3353 -72 9406 -17 6656 373 1300 4320 -80 1521 5223 -87 -92 -89 -63 4253 6959 6332 -44 885 -26 4796 -92 2716 -95 -58 271 
-67 -46 5204 6096 -65 -3 -11 -58 629 7104 2521 -97 7887 7647 6319 5484 -85 4334 7904 2100 -32 7782 9338 6677 -36 9732 -67 -22 -53 -76 5737 1868 3922 -28 9962 493 -76 -51 -23 -29 2908 -11 -36 -85 -15 8552 9837 1640 -17 -89 7272 -21 -37 3605 325 -44 6412 590 8329 710 3893 -67 665 -97 -80 4587 -96 5393 -45 -56 5373 -32 -61 -65 8124 4588 9392 3825 -79 -49 -27 -99 8977 -35 -65 2689 7027 5498 -48 -83 -57 345 7946 -56 2882 8191 7479 -9 -8 2214 
261 6140 -35 4213 1838 -85 -98 -87 5886 5445 159 5277 6457 -88 8046 3699 5981 -46 9886 9760 5156 -24 2011 3555 -80 -57 1510 5779 3826 -29 -99 -15 9654 -19 -49 1724 -95 -99 -83 -79 8766 810 -87 898 -46 9044 -4 -81 1295 972 1576 8396 7681 -65 4821 519 -50 978 -73 -51 -26 9362 -3 -56 5446 6953 -54 -23 10089 6353 -78 1467 9046 9651 -11 -81 7498 2029 0 4379 -51 -39 1404 -39 -39 -57 -50 2485 6101 -7 5428 -66 -86 2009 -64 7846 -94 1825 -62 -8 
421 1967 -55 4321 -67 613 8367 4640 6152 -45 -16 7032 -66 2886 1774 -29 -77 4356 -61 1874 -97 -82 7209 2934 9216 7497 5024 -11 7173 -16 718 -24 7157 681 -20 -61 -5 8305 3272 -87 -16 7074 2716 6620 -47 1470 3139 -31 3728 6792 7981 -23 -45 -83 5004 5950 -21 6108 9566 -34 -62 3844 -29 -78 -17 -11 0 1527 -72 10048 -98 9105 7772 -46 -94 2403 8378 6306 4111 -23 -54 -94 4796 5520 8918 3955 3574 2343 772 8054 2787 -80 -71 1004 -34 4999 4980 1817 5826 -93 
4016 -20 -37 -76 5476 -65 -93 -2 10026 -90 2019 5967 -2 -24 -62 -64 -7 6798 -96 274 -13 4407 1042 -4 -65 -67 5058 -77 4682 471 -15 -52 -26 -65 8181 -66 7488 -70 -91 -94 9249 2289 5183 2986 5950 857 -25 8821 5869 8977 -36 2422 9926 3080 -53 -92 -72 3000 5512 -31 -1 6078 -6 8887 -49 6458 -37 8567 -6 5427 -5 -26 8377 5177 2309 3519 -46 7294 2376 2484 203 4421 -66 -44 -7 -83 2567 -33 3015 -88 8672 -91 -89 2322 9510 -29 -72 -8 -29 -87 
2071 -55 -1 -96 -4 -67 8462 7255 6111 -96 -77 10014 -8 6284 5077 -81 101 -33 8863 7440 -70 3571 -73 -14 9130 3011 -86 6956 -24 -48 734 -18 9609 -41 -35 4352 5569 1606 -38 2093 6707 -82 3864 -40 6604 -51 -8 7983 9313 4644 3667 -99 7779 9502 -33 -88 -74 8608 860 7118 -40 -77 -78 5665 4984 251 -39 -73 6444 8528 4697 -20 7067 6920 -4 8547 5063 5983 1199 -23 -58 7494 -35 2114 -90 8943 3219 -21 -55 2601 -60 -45 2246 4030 2884 -63 7965 -6 -54 -17 
-69 -2 -9 5235 -91 -13 -69 -58 -62 -95 2453 -95 1349 2076 -98 -47 4168 3944 -30 3760 -99 -65 2942 412 200 811 2762 -36 -43 1150 5851 6801 596 -3 -43 -84 3499 4566 -14 7289 -21 -17 -18 -33 3573 -23 -36 4113 5484 -37 2835 -90 5076 -32 7312 -8 -81 8444 3485 -55 7341 6190 -94 1141 -82 -67 7320 -32 -58 8422 -96 6141 5875 9887 7937 -89 4693 -2 -52 -29 9583 -31 -5 3150 -1 -52 -68 1724 8024 -50 -72 -76 -20 951 2281 5470 -94 5469 8286 -46 
6706 -92 -34 3717 -27 2710 -49 -54 -35 4121 -33 3665 8182 -97 10056 -73 -60 -59 -77 4132 7259 2863 -46 -66 3634 -2 -66 -20 -86 -37 -67 -31 2471 -77 3420 9531 8662 -32 3518 -59 8116 5773 224 -34 -16 6374 9254 4938 7371 -74 3757 0 -43 -84 -95 -8 -16 -34 6800 -30 9048 -38 -19 4825 7883 8089 -7 -94 -17 -40 629 4852 5073 6315 -44 9379 -35 5656 2383 584 -92 -34 1345 2502 6929 3916 7269 1836 3254 -66 6073 9739 -23 5873 -55 9473 -71 3725 9537 4079 
6013 6552 -76 2021 -71 6831 -66 5454 7782 -79 6697 -93 9173 -81 276 -1 194 -62 6415 -79 -70 8371 2563 -7 -74 -62 289 5007 137 -21 -65 719 -15 8960 496 -49 -83 4236 6620 3634 -80 -13 9210 -87 7828 1482 -60 8651 -2 -36 923 1312 -6 5112 5873 -40 -58 -15 8846 -67 1220 6291 -45 -48 -13 7127 -40 -40 3559 6299 -25 4125 6762 8860 9501 209 3253 -57 7230 2273 402 -55 -67 5182 -84 -93 2785 111 -61 6626 7275 223 -6 -62 6859 3798 2571 -1 5917 -3 
9186 8272 3260 -7 5135 -59 9769 -36 3294 1950 -3 7432 8982 543 2326 6621 7357 6900 -76 1965 -32 -24 -52 -74 -30 2813 8988 -56 7726 -31 -12 2948 10053 3511 292 5984 6914 1241 -31 -43 -15 8811 9943 6717 4192 8730 9592 7526 214 -23 -68 -60 1263 -92 -83 2550 -70 5111 -38 1116 -94 -30 2974 4453 4327 -62 -27 -81 4780 2509 4339 -58 -43 8333 -99 -95 -30 9619 9188 4991 -72 7790 -68 -89 -22 -57 4148 -26 4148 6583 -66 -72 4137 -33 3434 -31 -70 -85 -61 8074 
-29 -25 4997 8688 -28 7745 -64 -8 230 5341 9262 -79 6191 4005 1045 -95 4073 -38 -43 -69 -55 -50 5177 -78 10019 -58 5858 2287 3028 548 9926 10087 -13 1465 2816 9965 -70 -9 1812 -97 -9 -49 -8 3575 -86 1280 1041 -89 -39 9495 -47 -83 -89 -26 -17 6153 6125 7241 6696 -69 -76 5294 8365 -93 -1 7830 373 6164 990 9869 -60 8937 -23 -4 -46 -66 -90 -85 4377 1652 809 -72 556 -40 -69 6022 383 -68 -82 -85 4355 770 -95 8460 -78 -85 700 -50 -76 0 
-42 -89 4631 -84 4990 -63 1379 -1 -32 1872 7217 -27 -97 -16 560 2743 -6 -32 6520 -85 -6 2263 -55 4209 2191 8323 1474 -4 -98 -95 8137 -89 -29 2144 -23 -52 -22 -78 5747 7675 7479 -68 4602 6536 -58 -87 2198 8699 -5 -16 5229 8546 6167 -37 7943 -5 799 785 4555 9560 -61 -6 7949 -40 -57 3486 -63 -99 -11 5288 5357 406 -9 6825 1419 0 5453 -47 -15 -1 4056 7157 3330 7072 -49 -80 1225 2946 8621 -17 -58 2090 -67 2196 4277 -3 -54 -94 -27 8019 
7609 2586 6774 5003 -95 -84 6504 -50 -99 3314 9967 -82 -64 958 6516 626 -91 -78 2885 9920 -18 2199 8452 -18 -58 -20 2231 -16 -42 7131 -85 -99 -90 6452 7695 6914 7586 4936 -72 7952 -64 1399 4476 7022 -13 -42 -84 4683 2467 6338 8461 -20 -38 -64 -82 7922 5722 -64 8430 3268 -22 -47 2841 8235 5992 326 4233 887 338 7052 -74 -99 672 3483 102 7737 9504 -14 -41 -31 -51 -89 -42 -63 2995 239 9605 -43 -52 573 8711 3894 3663 7519 -52 5206 -90 -23 1197 -96 
0 2063 6002 -45 6385 9277 7451 5049 1571 -83 -70 -69 -26 -49 -21 -72 -63 -61 7996 4404 -66 -23 -82 -71 -47 -35 10035 609 -73 -6 -21 2425 -72 -67 -30 -43 -52 -70 4014 2029 1289 -68 1693 9785 8750 -93 5267 1765 -38 -6 10042 -66 3194 7911 -78 -6 -84 -2 -5 8520 -46 2254 973 -17 5709 5161 -31 1923 -82 -15 342 -72 -58 2206 502 -48 -92 -76 -69 8970 -38 -92 4680 9206 -39 6474 354 -55 -80 6750 -39 2254 8406 -37 -68 1554 5601 3395 7326 -1 
9431 -88 -12 3174 -41 9940 -5 -52 -66 -19 4627 7923 5140 6748 6905 4403 7914 -92 -41 5520 -50 -10 -49 7968 7898 -81 7168 3092 8020 498 9824 -93 3016 -13 2716 1264 4080 -70 -5 -95 4163 -60 -47 5136 -85 7643 6327 2902 -66 723 -36 -44 -60 4258 -1 -62 -73 -6 7735 8801 5731 4960 -61 -81 -16 7723 -76 -27 2472 -91 -38 1158 -14 5767 -20 -12 359 3909 9306 -27 8092 411 7246 -7 287 5951 -2 -81 -54 3225 -66 -8 8623 -77 -50 2681 -97 1587 3470 -39 
-80 3884 -12 1568 -13 5782 -53 -64 2243 3000 -34 5869 -85 -45 6539 -36 -12 4662 -40 -23 8069 -51 2220 -25 1222 -43 -63 -21 -2 2681 -81 -9 -77 6303 -12 2897 -25 -75 5091 -62 -70 7940 -82 -90 -99 5751 -46 -24 355 -16 -25 -76 -88 -48 4624 1478 418 -11 -28 4732 -47 -9 8548 -83 -13 4532 8142 8045 -62 4584 1294 -19 -39 -77 -38 -86 9896 -76 10059 -25 1848 -27 -67 -58 -44 8546 -99 -55 252 1434 6195 -40 -8 125 -23 2502 8757 -3 7628 -6 
6785 -71 -33 6683 7783 3451 -47 -77 6037 -19 -7 -88 9106 4041 -82 1995 1596 3920 3775 9077 -95 -68 4012 6301 192 -54 2121 -40 -70 6909 -27 7218 7995 7751 8581 6373 9971 -32 1623 3961 -23 -48 7679 -65 5720 9426 1713 -3 1278 8153 -21 -94 -36 -59 -83 4495 5785 302 7083 -50 5096 -3 744 -64 9492 -78 9975 -74 -55 1194 -8 2586 7460 -39 -61 -89 -83 7723 -81 278 7786 4889 -64 5886 8530 7898 1546 -21 4546 -87 4545 -77 843 1508 6021 -9 -39 -87 7167 6807 
7482 -94 4050 -83 -83 9076 -81 4757 9042 5065 -6 541 2502 -79 8434 -8 -60 7376 -39 7876 2613 -46 -7 6471 -71 6924 9394 6902 1443 3372 2560 3501 -41 3460 4199 476 4834 -14 7709 2814 3220 -6 8427 4803 -64 -63 8101 6789 -82 8669 -93 6371 -85 -73 -65 -51 -1 8532 -69 5475 1668 410 -7 -86 4422 3376 -11 3757 -74 1234 3048 -71 -5 -4 -85 2407 1906 -56 4448 4093 -61 2047 7328 -13 -42 -6 5449 -75 -84 -28 6347 -64 -11 9859 6501 4002 7088 9061 -76 8529 
5979 9061 4494 -68 8033 -15 2339 1195 -4 -67 -61 4368 5447 9312 -85 6329 8164 -52 -81 -25 1113 -20 -89 4625 7411 108 9636 -78 4205 6335 7973 6072 -51 5305 -99 4941 -31 -68 -74 -80 9390 -63 5586 1435 -67 3351 -34 7808 3192 7442 6652 4584 -40 4985 -13 752 7954 3709 4074 1846 9828 9982 -98 1115 -99 -53 -57 4558 7966 -65 2751 9398 -9 -49 1358 8671 1071 -11 7414 7244 8125 -3 -44 -12 -40 5095 -93 -41 -46 8774 0 1433 5059 -75 2296 -12 4623 6820 2326 0 
2862 -8 9974 5474 -4 9765 5783 -77 2920 -61 -7 6008 4353 2796 9464 -11 4540 7824 -6 3251 9677 -60 111 3035 9538 -6 -28 -31 394 5928 2758 -82 7522 -91 10058 9464 5891 -47 -76 -64 9972 -71 -5 2796 -64 1894 8363 5485 2871 -73 9010 7801 -89 4814 -48 -33 5126 5158 3900 -45 8775 -21 -33 -83 -64 5909 -7 -91 9234 -95 4817 -62 -34 5434 -64 1832 -10 5105 -21 -65 -38 -56 608 9486 2223 -78 2919 -68 -53 3701 -32 7481 -81 5787 4003 5095 9898 8904 9917 -32 
-23 0 2101 -15 9682 7591 5188 -94 5165 -73 -62 -78 -86 2150 523 -78 9626 6385 3184 860 8998 4078 5768 1272 -85 -71 1912 3429 5362 -63 -28 2570 8372 -4 -15 281 2317 8754 5923 7657 6207 -29 5681 -20 -10 -76 9654 9154 7892 4363 -29 216 -26 4845 3384 -7 7842 -1 9559 -29 2222 -24 -16 -25 4442 7790 -32 8757 -50 6433 588 -91 -77 7437 577 -56 4162 0 -13 -74 2054 10010 2757 6841 867 5537 -66 -84 7220 -39 6427 2572 -39 -21 8793 -12 -89 9755 5633 -33 
9116 5884 5532 -23 8926 2545 -95 -20 7448 2043 -95 5859 -58 1704 -35 5963 -79 5203 703 -33 9951 1564 -77 4183 8369 -56 -92 -16 6333 -59 874 -21 5741 -76 -35 -58 -1 -17 -91 898 -45 -38 -39 -76 -73 8475 -6 4089 2058 9655 -9 4155 9085 1153 -2 -98 -20 -56 -38 6624 -71 6589 4492 8806 -2 -78 -42 -90 8485 -32 -36 9111 4737 -4 7182 -57 -78 -84 8665 -7 1909 3446 3465 -12 -13 -86 4835 9769 -29 -88 8048 2158 5181 -32 6987 -82 10040 -70 8618 -15 
3039 -85 3888 -58 -29 -10 -49 7970 367 -77 2155 9780 -93 555 5805 4871 -31 1024 -11 4878 -53 6137 7083 -44 -91 933 7202 -5 -41 -30 -93 7882 7032 105 -78 -31 8741 2265 4665 250 7256 3779 -82 5088 3671 194 2431 -52 5605 -85 1222 -72 8631 -59 2980 1216 690 2509 -91 9305 -52 1265 6458 5492 -90 8771 -4 0 6845 1848 -15 597 -22 4344 3408 575 9567 -34 -4 8477 -48 -58 -22 -70 -47 -90 978 6490 -8 5934 1034 -20 2176 2569 -57 5511 -35 -75 -84 -15 
-61 2528 3471 -20 2970 -13 3328 -40 9833 -42 8555 -60 -4 -88 5287 -73 -21 3690 2009 -77 2788 9932 6056 6667 -10 -86 3696 5036 -61 -36 -13 6987 -81 -10 -69 1616 1242 8007 7331 8943 777 296 -28 7443 -13 2643 -94 -56 -81 6822 -93 4170 1547 9047 -45 -8 -36 6586 -23 -90 -91 4043 5765 -2 -1 5393 4722 -37 3107 2269 2855 -68 -55 -5 -94 1318 7976 5209 8015 4425 7871 9963 -8 6977 -84 -20 -35 -58 9006 -52 -26 -3 -20 9825 4165 -99 5591 -2 -31 2855 
928 329 562 -17 2807 565 -65 -81 3153 6325 -79 -71 3348 8955 -96 -23 1658 -82 -2 5667 7155 -3 3965 5896 -75 -30 -99 4930 1207 5841 8138 -48 3470 -40 708 4401 9062 -26 3204 -16 5065 8346 3488 -74 -57 -16 -29 7157 4709 -56 6656 -76 9087 4650 5165 -97 10074 -68 -6 3841 3439 -13 683 -41 -99 -60 6920 785 -53 5807 -46 3779 2341 -47 -41 -63 -93 6516 -50 -49 -64 -51 6869 -58 -70 2459 9771 10002 -63 1099 6436 9107 -80 -8 -36 2662 -84 2693 1946 -67 
409 1470 7735 -49 -23 9709 -62 -62 313 0 -30 -26 2522 6869 -88 5658 -53 1155 -99 8057 -67 -18 4157 3202 -43 9632 -30 6188 -54 5002 8705 -20 -18 1484 6202 1476 -37 -63 -17 705 8696 8746 2352 -91 -59 -57 6626 6950 -39 -78 -36 -72 -37 -97 -59 7283 -42 -78 -4 -84 5492 8378 -59 3898 -13 317 -67 7032 9532 6084 -20 -19 -11 0 9416 6244 -96 -50 6877 -80 -79 -83 7860 9461 -22 1625 -96 -37 -54 1459 1703 1376 -3 -8 4480 -93 -43 -88 -81 5551 
665 -40 -41 9220 971 3859 446 1088 -21 8601 -79 3358 719 3439 6928 5859 5325 -28 362 -34 5340 863 8539 3384 9488 -51 6512 -73 -95 481 7457 -88 -77 -96 -95 9814 6378 -98 -63 8515 3700 7074 9312 617 -69 -66 -39 6377 -63 2756 -59 -9 -82 -91 -37 -51 -69 2701 6225 -60 -29 -96 -69 -96 -24 1603 7753 -50 -34 -77 1096 -17 421 6892 3915 5596 -13 6187 1618 -21 405 8315 -92 8017 -72 8716 -35 9794 3986 -24 6323 -31 -48 -46 -41 -56 -1 8441 -95 9411 
-11 -32 7835 -52 4857 2439 5033 -17 6659 -29 -11 -17 -77 5405 111 -90 -20 4833 -29 8026 9201 -88 -62 -27 6424 7980 8793 7082 3161 -45 -72 9237 7495 7561 1077 5450 -30 -26 -75 4168 -89 -98 -24 3348 -93 -4 5775 3622 7879 971 -76 -54 4910 7435 -70 2449 6226 2870 9841 -22 -87 -43 0 5248 1404 1841 5764 8107 -40 3981 7123 -24 7567 -45 -59 -34 1450 673 0 -82 -45 -28 0 -4 960 -72 9504 8174 -25 -60 -51 -58 -79 9082 -20 5741 1312 -36 -68 -99 
-1 -64 -32 8131 3185 4594 4869 -23 -58 7864 -11 2517 -52 644 7248 -12 7677 -67 5279 5800 1120 5484 -31 -13 787 -50 6725 -98 9006 -40 9501 -33 4225 2155 6701 -43 9667 -86 7151 -43 7671 -55 -70 7736 -87 1676 4685 3713 6818 7795 0 -20 -61 -57 -40 4352 4829 -46 -26 1348 -4 -15 -3 9776 8751 -57 9324 921 -37 -69 507 5214 9943 722 5265 8701 -7 -89 1950 4832 -84 8855 -34 8167 -90 -14 -52 -80 3598 -65 5780 3879 3831 3696 8499 -70 864 4481 -25 7191 
2144 3953 1741 -46 523 5260 3957 -41 207 282 8667 -6 -16 9993 -56 -72 -43 -79 -91 4638 -15 8848 -61 -56 -35 -45 -46 677 6979 -55 -23 4367 -6 9201 4385 1071 -58 -46 9045 9087 6656 7947 8988 -77 4429 -60 -45 -29 -82 -69 -82 -23 124 7817 9382 -80 9807 -5 3326 9466 3762 5851 1301 626 -96 -61 -54 -34 -24 8153 5914 5759 7545 -87 -81 6207 1577 -25 469 -63 3599 9221 -25 7614 -91 2004 195 9166 -20 6200 -84 5139 0 -3 4754 -77 9548 -97 -25 7157 
