100 100 12 76
-77 -69 -29 -45 -61 -2 -95 -45 -86 -2 -74 -22 -89 -63 -86 -91 -94 -94 -99 -23 -93 -75 -92 -61 -40 -66 -48 -87 -92 -52 -63 -86 -85 -23 -10 -41 -47 -2 -99 -36 -15 -25 -72 -16 -90 -57 -32 -93 -29 -27 -63 -70 -7 -72 -57 -81 -17 -11 -38 -87 -25 -95 -65 -71 -42 -98 -66 -17 -92 -99 -95 -76 -95 -37 -3 -19 -30 -52 -100 -34 -78 -79 -34 -30 -11 -22 -79 -87 -59 -99 -31 -5 -43 -34 -3 -23 -92 -74 -81 -41 
-38 -32 -10 -17 -4 -58 -21 -20 -31 -9 -60 -41 -11 -72 -100 -25 -92 -49 -22 -44 -61 -29 -17 -91 -97 -30 -64 -3 -77 -87 -66 -34 -71 -24 -69 -29 -87 -23 -95 -55 -73 -37 -7 -90 -6 -17 -84 -46 -55 -70 -38 -81 -62 -6 -44 -49 -66 -32 -64 -62 -53 -95 -63 -56 -58 -12 -4 -18 -13 -91 -2 -94 -18 -23 -4 -98 -55 -36 -37 -64 -78 -3 -16 -16 -89 -40 -20 -99 -36 -81 -89 -47 -35 -90 -81 -56 -1 -2 -73 -44 
-67 -17 -3 -97 -96 -100 -38 -27 -38 -35 -28 -5 -17 -20 -61 -35 -68 -20 -37 -67 -21 -83 -27 -62 -3 -59 -36 -91 -100 -63 -12 -6 -88 -85 -75 -44 -26 -99 -26 -25 -41 -54 -4 -14 -16 -27 -7 -40 -14 -81 -77 -73 -98 -30 -54 -39 -57 -14 -65 -5 -86 -24 -15 -37 -72 -9 -91 -10 -91 -82 -17 -30 -83 -96 -88 -75 -88 -40 -97 -7 -27 -58 -70 -46 -100 -54 -26 -14 -36 -58 -52 -31 -88 -100 -66 -99 -83 -7 -64 -21 
-31 -64 -10 -34 -72 -91 -78 -50 -60 -73 -19 -46 -55 -31 -75 -25 -50 -60 -58 -83 -99 -6 -68 -37 -73 -44 -98 -100 -85 -39 -39 -64 -2 -46 -18 -16 -23 -32 -100 -84 -55 -14 -82 -74 -75 -11 -33 -64 -38 -22 -28 -96 -14 -75 -98 -85 -51 -61 -54 -88 -6 -24 -39 -62 -88 -80 -15 -33 -75 -10 -78 -1 -74 -72 -27 -70 -77 -97 -1 -64 -27 -9 -47 -44 -77 -61 -39 -100 -66 -91 -41 -20 -87 -71 -79 -34 -12 -47 -38 -24 
-78 -59 -27 -81 -47 -89 -26 -66 -67 -41 -44 -86 -4 -43 -61 -59 -14 -32 -87 -7 -55 -26 -62 -78 -49 -14 -66 -51 -3 -41 -44 -87 -13 -55 -73 -97 -80 -92 -8 -38 -79 -66 -18 -35 -52 -38 -26 -75 -80 -73 -47 -77 -54 -30 -34 -63 -74 -5 -15 -5 -75 -82 -37 -77 -8 -81 -79 -67 -76 -81 -2 -86 -63 -9 -99 -33 -71 -79 -60 -91 -19 -23 -8 -94 -17 -66 -35 -16 -75 -51 -59 -27 -79 -82 -46 -81 -6 -11 -5 -34 
-38 -79 -92 -45 -84 -84 -24 -94 -72 -51 -35 -84 -42 -6 -53 -90 -60 -2 -15 -65 -47 -92 -47 -81 -32 -53 -20 -79 -80 -65 -52 -99 -16 -89 -89 -91 -4 -70 -26 -87 -71 -37 -7 -65 -96 -50 -56 -35 -23 -4 -46 -27 -84 -9 -9 -49 -17 -82 -28 -98 -65 -77 -64 -66 -24 -48 -62 -31 -88 -55 -76 -60 -49 -90 -19 -19 -87 -97 -99 -23 -43 -76 -68 -84 -35 -75 -29 -34 -95 -18 -93 -63 -97 -50 -24 -1 -1 -79 -89 -44 
-63 -29 -70 -70 -8 -12 -48 -61 -9 -87 -25 -47 -23 -26 -17 -28 -44 -84 -8 -5 -57 -24 -45 -21 -61 -92 -70 -83 -41 -50 -17 -6 -7 -21 -21 -31 -86 -97 -13 -50 -94 -54 -14 -10 -28 -26 -65 -15 -39 -80 -83 -40 -88 -33 -37 -70 -17 -41 -64 -70 -21 -78 -41 -18 -11 -19 -43 -11 -31 -12 -11 -52 -85 -15 -86 -89 -19 -79 -75 -60 -12 -14 -17 -68 -39 -95 -77 -43 -32 -83 -79 -3 -6 -1 -77 -40 -60 -20 -6 -49 
-53 -91 -70 -49 -78 -40 -76 -86 -57 -73 -19 -83 -11 -76 -67 -15 -18 -90 -25 -3 -81 -22 -57 -23 -88 -64 -10 -8 -74 -75 -7 -76 -4 -45 -28 -33 -48 -90 -95 -11 -63 -31 -36 -46 -39 -96 -57 -33 -78 -53 -86 -40 -59 -71 -24 -2 -39 -13 -33 -52 -68 -18 -71 -58 -5 -43 -43 -88 -63 -78 -90 -72 -31 -33 -43 -52 -44 -79 -71 -7 -70 -26 -40 -34 -46 -92 -87 -78 -83 -70 -100 -61 -59 -6 -90 -71 -25 -23 -55 -3 
-80 -50 -92 -64 -69 -9 -7 -94 -74 -45 -21 -96 -84 -11 -50 -58 -33 -49 -86 -61 -84 -57 -74 -24 -19 -37 -91 -52 -49 -58 -50 -24 -50 -36 -47 -96 -9 -46 -49 -42 -20 -55 -43 -8 -46 -95 -59 -14 -84 -23 -75 -34 -2 -90 -52 -29 -3 -45 -2 -21 -8 -45 -89 -58 -21 -15 -65 -4 -21 -7 -69 -14 -79 -13 -55 -6 -55 -50 -96 -86 -87 -69 -29 -13 -85 -27 -61 -78 -78 -81 -33 -95 -17 -21 -89 -6 -35 -65 -22 -34 
-28 -25 -32 -52 -57 -89 -84 -44 -38 -96 -9 -22 -72 -12 -61 -12 -32 -95 -60 -34 -73 -2 -49 -11 -91 -85 -79 -98 -15 -28 -28 -54 -73 -48 -27 -35 -48 -21 -17 -51 -24 -2 -1 -19 -14 -87 -97 -91 -44 -69 -18 -99 -73 -42 -7 -59 -56 -87 -64 -71 -43 -12 -6 -72 -82 -51 -64 -13 -2 -45 -43 -92 -7 -20 -84 -17 -47 -57 -23 -50 -86 -59 -61 -48 -57 -60 -46 -89 -11 -48 -10 -65 -15 -22 -19 -54 -86 -34 -13 -64 
-20 -43 -59 -82 -34 -84 -16 -62 -68 -96 -78 -95 -97 -37 -13 -67 -73 -7 -56 -52 -95 -72 -33 -43 -34 -75 -43 -50 -59 -62 -34 -1 -29 -55 -10 -2 -49 -63 -45 -58 -4 -52 -44 -55 -37 -38 -27 -75 -56 -10 -26 -14 -31 -4 -41 -80 -7 -41 -20 -14 -60 -54 -94 -89 -17 -54 -26 -33 -27 -42 -93 -25 -37 -56 -98 -58 -49 -5 -34 -97 -95 -56 -94 -44 -86 -40 -16 -76 -26 -28 -44 -18 -65 -55 -57 -94 -19 -54 -43 -5 
-40 -16 -25 -79 -93 -42 -71 -1 -48 -36 -6 -66 -12 -37 -9 -76 -30 -24 -20 -65 -89 -27 -71 -62 -98 -54 -74 -80 -64 -59 -8 -30 -35 -75 -35 -30 -2 -87 -49 -28 -22 -77 -98 -64 -3 -7 -45 -100 -4 -37 -91 -45 -1 -87 -80 -31 -79 -58 -60 -52 -71 -30 -72 -95 -87 -20 -88 -77 -84 -26 -50 -41 -27 -43 -49 0 -10 -13 -52 -94 -26 -22 -10 -21 -84 -28 -100 -51 -43 -34 -23 -56 -47 -39 -71 -32 -82 -87 -83 -27 
-22 -89 -24 -67 -52 -85 -67 -11 -72 -38 -9 -12 -44 -30 -43 -74 -84 -93 -89 -74 -72 -21 -49 -81 -66 -16 -37 -83 -41 -53 -67 -87 -71 -18 -85 -80 -61 -58 -74 -81 -57 -18 -48 -92 -32 -93 -39 -60 -91 -33 -67 -66 -16 -9 -47 -61 -92 -28 -57 -28 -13 -22 -70 -72 -32 -93 -8 -35 -42 -44 -19 -52 -14 -97 -93 -15 -22 -77 -95 -67 -9 -7 -70 -70 -3 -61 -99 -22 -84 -6 -4 -19 -97 -69 -11 -12 -8 -30 -11 -87 
-63 -30 -6 -74 -50 -29 -11 -24 -68 -89 -87 -58 -61 -15 -69 -84 -88 -100 -40 -43 -75 -43 -31 -32 -29 -40 -47 -20 -47 -36 -68 -53 -77 -87 -5 -80 -84 -89 -19 -32 -84 -2 -41 -57 -64 -13 -85 -77 -42 -53 -38 -26 -67 -69 -67 -7 -26 -64 -77 -16 -56 -9 -5 -37 -83 -44 -38 -80 -84 -28 -78 -93 -86 -93 -63 -94 -94 -98 -1 -26 -51 -8 -26 -57 -84 -32 -47 -59 -39 -45 -50 -71 -92 -89 -57 -74 -14 -4 -19 -52 
-64 -78 -8 -91 -45 -1 -12 -27 -75 -9 -32 -83 -47 -68 -100 -87 -15 -19 -7 -27 -1 -77 -87 -89 -78 -93 -63 -76 -79 -11 -13 -80 -77 -35 -2 -28 -96 -71 -58 -92 -21 -15 -21 -85 -35 -22 -80 -65 -8 -72 -65 -27 -36 -41 -18 -24 -8 -100 -10 -37 -76 -27 -36 -54 -17 -8 -35 -34 -12 -55 -62 -5 -41 -51 -56 -78 -69 -2 -92 -62 -15 -23 -28 -17 -19 -52 -59 -82 -13 -57 -86 -53 -34 -52 -34 -75 -15 -10 -94 -46 
-94 -73 -12 -56 -63 -36 -21 -78 -43 -92 -60 -67 -10 -2 -65 -92 -52 -8 -28 -82 -87 -90 -70 -63 -93 -93 -67 -87 -42 -95 -35 -90 -91 -11 -13 -43 -91 -57 -93 -53 -39 -25 -90 -68 -50 -88 -18 -1 -90 -55 -57 -36 -70 -9 -7 -13 -64 -97 -72 -63 -68 -89 -65 -38 -7 -58 -60 -76 -2 -52 -43 -4 -14 -59 -39 -68 -78 -6 -72 -63 -29 -93 -62 -40 -94 -68 -44 -77 -85 -78 -46 -21 -59 -60 -15 -18 -2 -38 -22 -56 
-3 -13 -38 -38 -18 -64 -22 -27 -45 -98 -50 -57 -7 -12 -63 -83 -87 -60 -80 -72 -87 -82 -89 -45 -94 -53 -46 -77 -45 -50 -10 -4 -15 -58 -81 -62 -93 -61 -74 -37 -49 -21 -55 -44 -18 -32 -6 -5 -8 -80 -42 -97 -67 -30 -44 -23 -93 -88 -90 -20 -61 -66 -41 -26 -16 -24 -42 -55 -92 -93 -25 -64 -7 -14 -56 -38 -51 -11 -36 -64 -14 -11 -74 -86 -10 -8 -58 -27 -71 -75 -84 -68 -22 -29 -18 -76 -27 -14 -46 -44 
-16 -75 -6 -79 -24 -58 -79 -4 -83 -21 -56 -78 -82 -65 -99 -28 -51 -55 -10 -76 -35 -88 -59 -47 -37 -95 -60 -88 -6 -69 -97 -43 -61 -59 -78 -62 -57 -54 -9 -85 -93 -100 -25 -56 -1 -16 -57 -48 -72 -88 -36 -84 -54 -43 -58 -59 -40 -61 -43 -38 -10 -41 -33 -95 -32 -36 -28 -55 -87 -72 -29 -16 -21 -27 -22 -77 -75 -34 -81 -4 -36 -54 -71 -5 -38 -79 -21 -93 -77 -9 -26 -67 -55 -70 -97 -28 -50 -72 -31 -48 
-94 -45 -48 -44 -15 -47 -72 -4 -94 -98 -79 -90 -72 -43 -20 -78 -8 -99 -91 -47 -17 -98 -22 -98 -89 -27 -84 -63 -13 -93 -36 -95 -9 -29 -15 -52 -69 -64 -91 -37 -37 -94 -93 -6 -44 -36 -69 -89 -37 -93 -28 -29 -61 -98 -58 -38 -14 -15 -47 -17 -50 -91 -88 -53 -20 -23 -38 -83 -26 -69 -54 -22 -31 -90 -95 -91 -100 -63 -38 -97 -3 -14 -39 -29 -52 -65 -92 -51 -43 -26 -88 -24 -14 -74 -36 -10 -58 -29 -83 -37 
-58 -26 -61 -12 -10 -72 -96 -37 -7 -71 -70 -40 -59 -44 -1 -59 -97 -73 -92 -84 -71 -51 -82 -15 -39 -74 -80 -91 -56 -1 -56 -16 -72 -4 -32 -12 -72 -14 -77 -53 -77 -60 -28 -58 -34 -4 -99 -66 -87 -65 -96 -96 -21 -69 -51 -4 -66 -50 -54 -96 -34 -54 -63 -94 -34 -11 -44 -12 -37 -90 -49 -1 -64 -21 -36 -71 -71 -23 -27 -31 -2 -19 -76 -75 -51 -47 -43 -36 -92 -95 -89 -85 -23 -20 -18 -18 -82 -70 -11 -45 
-10 -45 -53 -33 -97 -69 -43 -11 -29 -87 -47 -63 -54 -47 -70 -43 -45 -53 -91 -12 -41 -31 -9 -71 -12 -28 -24 -23 -16 -51 -24 -18 -36 -7 -16 -86 -13 -37 -68 -35 -92 -90 -53 -3 -3 -60 -97 -94 -30 -45 -7 -66 -32 -45 -22 -25 -79 -64 -7 -89 -33 -13 -29 -65 -93 -54 -62 -75 -76 -37 -70 -67 -25 -43 -5 -46 -91 -79 -80 -94 -67 -33 -51 -68 -44 -45 -70 -84 -32 -73 -90 -68 -79 -23 -81 -55 -85 -41 -32 -84 
-32 -8 -67 -70 -91 -19 -92 -37 -34 -1 -93 -64 -54 -4 -52 -35 -89 -29 -59 -75 -34 -68 -16 -25 -26 -65 -43 -7 -14 -27 -58 -100 -32 -62 -70 -83 -84 -90 -17 -100 -62 -99 -7 -69 -78 -59 -44 -92 -71 -90 -43 -98 -27 -2 -84 -8 -24 -65 -81 -38 -40 -97 -23 -29 -63 -6 -15 -68 -77 -29 -91 -64 -8 -37 -94 -8 -17 -16 -68 -41 -3 -28 -10 -48 -30 -6 -91 -88 -93 -14 -83 -12 -80 -46 -66 -13 -4 -25 -77 -33 
-38 -96 -28 -84 -24 -75 -25 -20 -39 -99 -38 -8 -17 -13 -100 -82 -82 -54 -3 -9 -66 -6 -7 -29 -89 -97 -9 -70 -26 -28 -91 -12 -69 -33 -19 -10 -36 -13 -35 -88 -33 -68 -69 -44 -49 -9 -8 -93 -71 -52 -77 -56 -6 -66 -21 -11 -13 -5 -100 -67 -8 -62 -37 -32 -33 -5 -95 -11 -13 -31 -61 -31 -5 -25 -97 -71 -49 -1 -65 -83 -67 -19 -21 -41 -81 -38 -68 -88 -4 -51 -100 -54 -1 -69 -96 -10 -29 -5 -8 -2 
-28 -91 -6 -40 -17 -54 -45 -49 -17 -75 -60 -33 -51 -31 -68 -42 -27 -60 -55 -59 -42 -45 -69 -19 -70 -39 -56 -44 -35 -31 -51 -20 -47 -23 -37 -43 -97 -59 -11 -27 -91 -91 -63 -93 -15 -64 -28 -42 -74 -49 -75 -83 -15 -58 -96 -7 -80 -45 -39 -72 -86 -49 -27 -87 -17 -79 -48 -14 -94 -95 -93 -43 -53 -69 -14 -39 -44 -38 -74 -98 -46 -74 -92 -63 -25 -20 -42 -61 -3 -9 -16 -70 -100 -32 -74 -42 -95 -26 -6 -71 
-11 -26 -48 -15 -12 -37 -89 -73 -28 -7 -67 -91 -82 -38 -11 -60 -45 -49 -40 -15 -1 -43 -53 -12 -9 -42 -40 -72 -33 -79 -10 -93 -56 -13 -46 -36 -92 -3 -32 -9 -100 -77 -14 -35 -13 -94 -46 -37 -84 -2 -88 -89 -73 -48 -48 -68 -88 -97 -46 -64 -76 -27 -64 -79 -45 -71 -64 -53 -26 -45 -97 -21 -77 -50 -81 -21 -24 -83 -22 -4 -6 -37 -91 -89 -77 -82 -45 -30 -100 -77 -99 -61 -97 -64 -100 -65 -54 -96 -23 -45 
-13 -61 -25 -87 -73 -9 -16 -60 -64 -16 -24 -90 -84 -82 -25 -1 -59 -5 -52 -97 -80 -25 -1 -67 -83 -87 -73 -27 -14 -33 -62 -66 -29 -84 -63 -49 -82 -3 -48 -33 -65 -78 -44 -25 -10 -59 -72 -51 -37 -69 -19 -71 -12 -98 -79 -19 -11 -71 -36 -61 -14 -94 -19 -63 -72 -41 -41 -78 -24 -64 -60 -80 -24 -89 -92 -25 -8 -99 -62 -82 -61 -36 -48 -46 -2 -71 -15 -94 -52 -6 -95 -36 -67 -55 -81 -77 -75 -63 -42 -73 
-8 -4 -49 -92 -76 -61 -72 -20 -93 -33 -53 -6 -38 -30 -22 -29 -37 -38 -52 -47 -83 -61 -23 -99 -30 -12 -51 -21 -64 -64 -88 -69 -47 -31 -38 -49 -52 -68 -48 -9 -21 -67 -17 -1 -56 -57 -29 -74 -89 -13 -84 -99 -64 -33 -27 -41 -37 -19 -72 -89 -86 -80 -22 -33 -100 -44 -38 -16 -4 -96 -15 -25 -18 -95 -44 -95 -7 -72 -71 -52 -55 -28 -43 -56 -95 -75 -80 -31 -54 -100 -37 -10 -81 -92 -96 -33 -40 -37 -20 -65 
-30 -26 -86 -26 -70 -85 -95 -4 -64 -77 -46 -42 -21 -90 -60 -58 -51 -2 -15 -35 -16 -75 -2 -86 -78 -3 -1 -27 -82 -55 -70 -44 -90 -12 -45 -86 -36 -92 -69 -2 -26 -15 -24 -3 -43 -90 -92 -50 -63 -49 -45 -45 -28 -5 -92 -37 -77 -79 -26 -10 -52 -10 -72 -63 -62 -45 -76 -5 -7 -26 -60 -81 -43 -61 -21 -83 -16 -78 -67 -82 -51 -29 -98 -37 -3 -92 -59 -38 -81 -39 -45 -71 -41 -96 -12 -34 -40 -32 -57 -60 
-43 -58 -17 -81 -40 -84 -58 -68 -90 -2 -91 -65 -34 -7 -22 -93 -72 -21 -62 -53 -10 -67 -18 -64 -79 -71 -100 -54 -56 -2 -100 -1 -80 -100 -90 -29 -16 -2 -24 -14 -16 -24 -16 -61 -33 -43 -92 -77 -28 -54 -56 -13 -39 -82 -13 -40 -21 -78 -68 -32 -87 -55 -21 -81 -9 -20 -11 -11 -78 -9 -68 -94 -44 -96 -26 -12 -1 -27 -87 -19 -66 -83 -20 -59 -76 -3 -97 -51 -91 -84 -89 -53 -31 -75 -90 -3 -42 -54 -14 -15 
-18 -64 -47 -92 -61 -6 -52 -98 -14 -3 -19 -76 -34 -84 -98 -13 -95 -41 -58 -69 -95 -20 -84 -25 -79 -13 -49 -47 -69 -79 -94 -25 -95 -58 -38 -19 -3 -53 -85 -52 -83 -48 -84 -17 -51 -61 -50 -19 -94 -66 -2 -43 -80 -78 -46 -53 -9 -98 -9 -84 -95 -73 -24 -54 -62 -77 -80 -11 -71 -60 -94 -57 -62 -9 -53 -99 -66 -44 -2 -22 -28 -74 -88 -82 -31 -82 -79 -86 -89 -94 -34 -79 -60 -89 -9 -94 -43 -7 -62 -34 
-72 -85 -19 -58 -2 -24 -58 -31 -90 -43 -60 -97 -53 -52 -92 -56 -83 -21 -65 -52 -72 -68 -24 -56 -96 -23 -53 -61 -64 -69 -7 -14 -24 -68 -81 -1 -3 -62 -24 -54 -21 -22 -74 -52 -76 -3 -75 -67 -77 -98 -33 -93 -14 -11 -32 -84 -46 -55 -94 -21 -50 -46 -53 -96 -60 -55 -37 -100 -85 -40 -3 -8 -49 -37 -25 -52 -73 -40 -53 -60 -53 -72 -49 -55 -13 -49 -61 -43 -76 -82 -85 -58 -20 -9 -25 -1 -97 -91 -88 -77 
-62 -58 -30 -66 -94 -44 -57 -43 -52 -91 -49 -50 -18 -38 -62 -82 -30 -68 -95 -22 -70 -30 -27 -35 -77 -6 -93 -78 -65 -81 -3 -100 -40 -16 -58 -11 -45 -27 -77 -48 -40 -2 -94 -69 -28 -17 -95 -3 -88 -66 -84 -63 -16 -93 -24 -98 -35 -2 -27 -3 -39 -19 -3 -51 -59 -46 -87 -80 -63 -15 -69 -35 -78 -47 -88 -42 -94 -58 -24 -2 -70 -75 -28 -64 -27 -98 -4 -78 -51 -41 -68 -34 -84 -73 -81 -93 -40 -73 -30 -90 
-33 -98 -4 -29 -58 -72 -67 -63 -87 -39 -29 -19 -39 -5 -31 -40 -97 -20 -12 -26 -87 -34 -23 -82 -1 -57 -2 -41 -41 -17 -98 -29 -22 -33 -96 -9 -71 -84 -66 -85 -18 -70 -59 -2 -20 -53 -27 -94 -67 -93 -57 -21 -20 -2 -36 -87 -66 -53 -99 -72 -30 -77 -36 -88 -47 -86 -44 -90 -45 -36 -48 -52 -65 -15 -19 -4 -24 -31 -68 -18 -14 -8 -99 -69 -95 -12 -28 -36 -55 -85 -27 -94 -95 -8 -23 -55 -64 -8 -67 -52 
-19 -29 -99 -68 -100 -40 -79 -87 -31 -17 -83 -71 -43 -9 -49 -34 -37 -61 -4 -18 -80 -51 -3 -1 -36 -88 -52 -9 -5 -63 -46 -49 -16 -18 -23 -25 -90 -40 -46 -34 -32 -65 -60 -10 -89 -72 -84 -75 -46 -75 -82 -18 -51 -10 -16 -13 -56 -14 -84 -70 -56 -84 -74 -2 -4 -77 -42 -76 -79 -85 -75 -80 -55 -72 -26 -23 -6 -38 -37 -43 -62 -71 -61 -30 -12 -1 -86 -37 -7 -96 -32 -61 -99 -99 -82 -54 -13 -3 -65 -49 
-68 -1 -13 -24 -2 -32 -10 -22 -20 -75 -1 -87 -94 -33 -23 -60 -100 -15 -98 -45 -17 -63 -69 -83 -53 -86 -89 -60 -9 -2 -97 -18 -77 -2 -12 -99 -55 -28 -100 -75 -89 -74 -97 -17 -63 -1 -90 -28 -92 -3 -55 -61 -34 -69 -67 -66 -18 -80 -3 -65 -32 -51 -21 -48 -22 -99 -57 -77 -59 -68 -93 -15 -33 -96 -45 -98 -74 -55 -70 -84 -11 -70 -56 -24 -98 -37 -26 -89 -33 -18 -64 -81 -68 -1 -27 -23 -63 -24 -94 -62 
-48 -63 -32 -36 -45 -67 -95 -40 -22 -45 -70 -60 -99 -62 -56 -99 -31 -93 -90 -80 -13 -59 -24 -26 -72 -89 -64 -67 -90 -74 -77 -17 -25 -37 -81 -5 -87 -88 -57 -74 -53 -74 -1 -34 -42 -1 -65 -56 -17 -17 -84 -84 -19 -27 -36 -21 -6 -18 -56 -52 -34 -35 -46 -68 -73 -3 -80 -97 -83 -81 -95 -66 -13 -28 -95 -13 -52 -45 -10 -33 -56 -64 -95 -17 -43 -13 -1 -23 -90 -98 -71 -26 -97 -41 -18 -52 -6 -89 -93 -43 
-36 -82 -24 -79 -75 -81 -69 -13 -6 -60 -13 -68 -53 -32 -49 -32 -97 -90 -57 -63 -35 -89 -66 -23 -45 -35 -97 -52 -92 -84 -88 -17 -53 -79 -5 -24 -74 -5 -95 -94 -87 -34 -86 -70 -86 -76 -53 -84 -15 -64 -89 -28 -89 -74 -83 -27 -87 -4 -48 -62 -8 -95 -97 -61 -76 -74 -17 -84 -18 -14 -14 -82 -23 -63 -63 -59 -33 -43 -5 -88 -27 -11 -65 -37 -10 -7 -81 -51 -75 -76 -80 -60 -79 -6 -23 -81 -91 -9 -86 -23 
-70 -16 -35 -13 -56 -26 -47 -27 -91 -29 -27 -82 -52 -62 -44 -98 -92 -14 -26 -42 -81 -77 -74 -96 -29 -81 -37 -60 -4 -84 -1 -81 -23 -42 -100 -37 -32 -67 -76 -59 -98 -75 -85 -73 -49 -91 -37 -72 -29 -15 -32 -64 -1 -49 -52 -53 -88 -83 -32 -27 -13 -50 -84 -56 -7 -81 -99 -1 -66 -79 -80 -11 -98 -43 -50 -4 -42 -7 -3 -25 -64 -8 -60 -64 -47 -41 -60 -62 -34 -7 -37 -36 -69 -43 -70 -13 -81 -68 -45 -26 
-83 -1 -93 -82 -36 -14 -84 -66 -4 -46 -90 -36 -5 -31 -39 -32 -34 -51 -6 -78 -14 -41 -94 -40 -10 -60 -19 -14 -81 -31 -34 -65 -22 -43 -72 -13 -11 -20 -56 -17 -52 -4 -28 -38 -14 -80 -7 -100 -69 -23 -82 -15 -92 -1 -14 -99 -24 -61 -47 -72 -34 -22 -52 -99 -69 -10 -94 -46 -47 -78 -29 -43 -79 -55 -75 -60 -73 -57 -39 -83 -28 -98 -55 -54 -66 -69 -43 -78 -73 -96 -62 -89 -15 -79 -93 -58 -90 -52 -38 -17 
-48 -29 -5 -48 -19 -76 -5 -93 -54 -25 -84 -71 -96 -70 -29 -64 -79 -35 -8 -28 -51 -18 -33 -81 -7 -75 -30 -97 -53 -24 -26 -44 -92 -53 -86 -58 -66 -9 -55 -97 -17 -100 -11 -45 -10 -40 -99 -80 -92 -23 -43 -36 -27 -97 -61 -6 -22 -98 -47 -60 -59 -92 -54 -6 -83 -18 -55 -55 -83 -26 -70 -31 -52 -96 -96 -35 -65 -57 -79 -89 -76 -7 -86 -67 -29 -61 -77 -83 -55 -2 -95 -15 -10 -34 -53 -83 -56 -48 -98 -83 
-8 -96 -34 -85 -7 -94 -22 -18 -11 -15 -87 -10 -53 -38 -31 -55 -90 -81 -94 -100 -66 -30 -11 -23 -90 -3 -13 -28 -100 -17 -91 -77 -56 -49 -79 -26 -85 -68 -33 -12 -14 -72 -89 -76 -2 -61 -69 -92 -32 -29 -48 -100 -15 -27 -83 -86 -53 -46 -72 -17 -92 -18 -76 -70 -57 -66 -52 -45 -61 -64 -4 -16 -100 -15 -4 -55 -12 -76 -6 -35 -57 -78 -28 -78 -44 -51 -76 -21 -51 -16 -64 -27 -71 -71 -83 -20 -13 -60 -10 -24 
-34 -13 -39 -31 -28 -32 -78 -4 -78 -18 -44 -21 -10 -68 -65 -77 -84 -40 -1 -77 -76 -95 -94 -25 -79 -28 -93 -21 -14 -78 -95 -66 -34 -53 -54 -27 -14 -46 -54 -67 -51 -74 -57 -91 -59 -84 -35 -100 -52 -2 -79 -49 -69 -75 -85 -37 -88 -34 -60 -44 -88 -49 -32 -38 -18 -21 -76 -30 -25 -69 -39 -44 -58 -90 -22 -41 -34 -7 -57 -8 -44 -19 -88 -99 -64 -34 -43 -14 -89 -25 -18 -16 -3 -74 -57 -61 -8 -54 -22 -64 
-3 -93 -3 -40 -34 -17 -65 -49 -82 -55 -86 -60 -34 -80 -51 -84 -55 -63 -67 -83 -51 -48 -36 -45 -99 -83 -39 -90 -29 -69 -57 -46 -87 -60 -13 -32 -9 -18 -43 -1 -81 -7 -100 -74 -69 -78 -34 -55 -95 -26 -21 -4 -32 -33 -34 -90 -51 -77 -20 -17 -31 -44 -51 -26 -28 -87 -73 -79 -11 -25 -46 -82 -29 -76 -61 -8 -98 -34 -97 -29 -20 -25 -1 -66 -13 -61 -63 -81 -70 -35 -9 -16 -48 -4 -21 -55 -85 -5 -90 -81 
-79 -90 -61 -72 -30 -70 -26 -12 -63 -30 -47 -60 -49 -41 -83 -86 -74 -62 -93 -40 -40 -55 -84 -92 -68 -63 -31 -81 -1 -46 -52 -42 -76 -98 -45 -68 -56 -99 -85 -73 -85 -21 -15 -64 -86 -4 -46 -44 -1 -65 -81 -39 -84 -77 -91 -53 -81 -82 -68 -25 -48 -46 -1 -65 -84 -6 -98 -75 -32 -53 -43 -52 -89 -63 -8 -68 -5 -64 -71 -77 -54 -24 -69 -29 -81 -31 -94 -49 -13 -22 -68 -75 -15 -73 -79 -63 -7 -86 -56 -50 
-67 -45 -48 -46 -22 -18 -56 -65 -23 -76 -10 -89 -61 -6 -45 -44 -6 -67 -24 -26 -23 -29 -15 -59 -11 -8 -23 -35 -6 -5 -52 -66 -67 -45 -21 -40 -76 -34 -64 -45 -49 -49 -38 -35 -30 -89 -77 -33 -100 -19 -66 -1 -43 -42 -44 -7 -33 -8 -57 -12 -79 -96 -52 -66 -8 -84 -67 -74 -13 -45 -63 -86 -15 -36 -93 -66 -90 -33 -23 -77 -18 -99 -69 -4 -14 -22 -16 -87 -4 -85 -98 -72 -22 -38 -36 -91 -26 -45 -64 -5 
-43 -95 -11 -38 -79 -66 -81 -88 -21 -64 -53 -100 -66 -81 -45 -93 -38 -28 -5 -78 -90 -47 -99 -22 -66 -91 -92 -74 -90 -52 -91 -33 -62 -61 -72 -5 -84 -100 -23 -97 -60 -64 -89 -36 -59 -47 -98 -67 -12 -58 -15 -81 -38 -48 -16 -96 -18 -96 -80 -8 -32 -4 -85 -96 -9 -15 -83 -60 -66 -74 -8 -76 -79 -4 -57 -24 -100 -23 -47 -26 -68 -89 -99 -30 -43 -56 -96 -5 -46 -21 -29 -67 -83 -78 -15 -26 -9 -61 -68 -14 
-68 -46 -46 -17 -70 -1 -87 -30 -78 -18 -98 -83 -1 -7 -50 -12 -71 -37 -74 -71 -45 -48 -61 -73 -62 -70 -97 -17 -66 -70 -14 -71 -40 -1 -35 -93 -82 -46 -84 -50 -51 -29 -9 -67 -72 -97 -45 -79 -18 -44 -69 -28 -91 -77 -47 -95 -9 -79 -27 -14 -52 -97 -55 -39 -35 -73 -55 -12 -36 -35 -100 -81 -18 -77 -21 -54 -94 -100 -6 -20 -59 -65 -67 -97 -2 -10 -65 -10 -60 -38 -39 -16 -32 -33 -21 -58 -7 -1 -78 -30 
-54 -93 -73 -30 -32 -57 -79 -12 -64 -100 -85 -7 -54 -2 -27 -83 -77 -23 -41 -20 -95 -87 -4 -45 -74 -25 -34 -16 -18 -99 -78 -9 -30 -20 -86 -5 -84 -56 -78 -20 -62 -63 -25 -34 -88 -41 -71 -35 -98 -61 -64 -17 -57 -25 -35 -19 -96 -53 -70 -39 -20 -67 -52 -54 -66 -64 -27 -46 -68 -77 -3 -34 -91 -61 -68 -56 -91 -85 -52 -92 -64 -99 -39 -3 -21 -5 -83 -58 -59 -92 -15 -32 -38 -2 -84 -22 -79 -7 -55 -28 
-42 -92 -52 -63 -54 -96 -13 -47 -99 -31 -37 -100 -47 -13 -2 -8 -41 -82 -50 -51 -58 -75 -97 -40 -85 -100 -15 -90 -34 -40 -14 -85 -9 -36 -91 -14 -71 -13 -80 -75 -86 -95 -61 -83 -52 -100 -99 -38 -41 -95 -10 -6 -31 -53 -37 -3 -51 -21 -22 -15 -95 -54 -87 -47 -18 -28 -11 -60 -22 -83 -57 -61 -78 -72 -68 -1 -74 -98 -72 -88 -2 -92 -78 -9 -86 -40 -19 -91 -74 -42 -37 -92 -63 -72 -93 -30 -14 -35 -31 -39 
-83 -40 -95 -16 -53 -50 -63 -76 -93 -32 -23 -35 -3 -30 -17 -99 -67 -60 -40 -58 -94 -37 -85 -35 -98 -20 -68 -55 -78 -61 -66 -11 -29 -77 -62 -80 -25 -32 -63 -90 -79 -80 -7 -16 -61 -4 -80 -19 -21 -36 -28 -92 -93 -83 -51 -52 -58 -17 -34 -58 -41 -59 -29 -47 -68 -34 -36 -98 -35 -16 -69 -81 -55 -32 -25 -93 -3 -56 -68 -94 -12 -61 -27 -98 -17 -71 -2 -42 -82 -61 -15 -36 -25 -4 -44 -23 -39 -89 -17 -33 
-25 -65 -89 -57 -46 -29 -49 -54 -59 -69 -75 -42 -44 -16 -5 -18 -87 -75 -48 -82 -54 -91 -71 -39 -11 -70 -19 -54 -43 -28 -47 -77 -43 -44 -83 -6 -20 -53 -92 -77 -86 -55 -2 -38 -34 -35 -32 -86 -75 -49 -86 -91 -42 -63 -61 -65 -6 -6 -56 -70 -51 -51 -68 -4 -58 -30 -9 -49 -37 -17 -99 -71 -93 -68 -62 -87 -25 -42 -40 -96 -74 -100 -18 -61 -17 -66 -77 -52 -83 -94 -2 -78 -3 -53 -99 -71 -38 -24 -84 -27 
-73 -92 -60 -66 -55 -56 -33 -61 -86 -10 -64 -96 -73 -44 -49 -89 -2 -72 -98 -17 -44 -7 -21 -7 -64 -83 -69 -5 -96 -90 -23 -24 -23 -48 -51 -69 -3 -34 -98 -86 -6 -17 -15 -47 -68 -38 -79 -83 -77 -61 -50 -58 -36 -74 -57 -89 -4 -68 -17 -45 -92 -71 -58 -7 -50 -39 -89 -81 -22 -91 -42 -12 -10 -87 -75 -4 -96 -85 -5 -66 -33 -68 -9 -23 -17 -36 -21 -29 -84 -78 -22 -21 -60 -100 -91 -76 -75 -49 -46 -17 
-46 -13 -93 -43 -23 -43 -9 -90 -65 -93 -23 -95 -86 -36 -59 -67 -91 -45 -70 -69 -73 -1 -42 -52 -80 -64 -94 -5 -12 -38 -99 -24 -77 -74 -95 -74 -15 -14 -27 -96 -4 -20 -50 -69 -39 -72 -76 -63 -78 -7 -81 -26 -28 -71 -40 -65 -59 -99 -62 -100 -67 -67 -12 -79 -85 -50 -85 -55 -42 -57 -46 -29 -11 -36 -5 -72 -99 -81 -72 -56 -9 -40 -22 -84 -71 -65 -23 -96 -27 -2 -60 -29 -55 -53 -67 -17 -53 -4 -65 -21 
-51 -50 -69 -99 -82 -1 -21 -98 -60 -81 -17 -31 -65 -42 -60 -16 -77 -64 -51 -100 -43 -3 -3 -7 -45 -27 -59 -2 -63 -12 -88 -47 -32 -49 -12 -17 -77 -94 -92 -95 -59 -57 -82 -47 -39 -11 -7 -28 -80 -4 -47 -88 -59 -26 -76 -45 -50 -59 -84 -31 -81 -85 -53 -53 -65 -35 -86 -23 -24 -80 -64 -21 -23 -2 -22 -3 -34 -3 -4 -14 -41 -83 -42 -68 -56 -17 -25 -14 -19 -19 -48 -10 -84 -14 -45 -47 -7 -46 -11 -95 
-52 -87 -26 -18 -28 -86 -85 -12 -17 -14 -30 -1 -24 -3 -100 -85 -67 -68 -34 -84 -52 -48 -38 -8 -83 -7 -40 -49 -96 -39 -78 -42 -40 -1 -93 -48 -89 -19 -96 -77 -93 -63 -93 -60 -97 -62 -24 -21 -94 -17 -4 -45 -37 -60 -37 -50 -45 -13 -99 -40 -56 -11 -32 -91 -87 -61 -90 -77 -79 -13 -65 -87 -78 -39 -22 -45 -18 -23 -46 -45 -15 -41 -22 -8 -71 -29 -1 -19 -84 -77 -58 -43 -62 -55 -42 -25 -70 -79 -35 -44 
-23 -18 -76 -97 -98 -69 -71 -95 -79 -61 -35 -52 -77 -61 -21 -77 -15 -77 -35 -15 -21 -7 -48 -18 -13 -29 -74 -20 -70 -76 -16 -10 -29 -12 -37 -56 -89 -35 -30 -72 -60 -58 -1 -57 -33 -54 -83 -29 -64 -54 -4 -65 -11 -77 -77 -62 -95 -34 -16 -23 -1 -13 -30 -11 -29 -9 -96 -6 -75 -73 -38 -69 -75 -64 -55 -35 -50 -33 -35 -45 -74 -25 -2 -87 -37 -29 -99 -66 -100 -4 -21 -18 -49 -86 -55 -74 -35 -61 -80 -41 
-96 -50 -61 -75 -1 -34 -50 -100 -97 -46 -85 -23 -70 -77 -61 -57 -15 -62 -8 -97 -12 -67 -78 -70 -52 -78 -61 -39 -32 -29 -59 -92 -59 -65 -92 -64 -72 -6 -97 -55 -27 -72 -74 -26 -48 -27 -1 -19 -22 -34 -84 -65 -10 -1 -76 -1 -20 -54 -40 -11 -6 -66 -41 -93 -7 -69 -21 -2 -33 -82 -82 -50 -98 -24 -50 -96 -3 -51 -95 -51 -44 -34 -29 -51 -92 -27 -13 -8 -69 -73 -72 -19 -53 -37 -72 -18 -24 -62 -30 -56 
-21 -96 -3 -43 -17 -45 -85 -78 -42 -60 -44 -26 -43 -33 -58 -51 -77 -20 -78 -47 -16 -75 -63 -3 -68 -8 -67 -38 -73 -22 -56 -85 -55 -12 -89 -91 -21 -25 -44 -60 -59 -17 -55 -64 -80 -57 -16 -37 -93 -17 -34 -60 -33 -42 -36 -59 -34 -30 -73 -46 -62 -10 -84 -40 -65 -86 -11 -52 -20 -80 -74 -34 -66 -72 -79 -88 -22 -32 -27 -86 -31 -47 -33 -94 -79 -85 -8 -19 -47 -34 -4 -14 -48 -71 -30 -73 -59 -66 -25 -83 
-100 -19 -40 -59 -30 -79 -85 -68 -78 -21 -97 -2 -71 -11 -48 -7 -54 -61 -15 -30 -72 -9 -72 -10 -6 -94 -78 -70 -22 -32 -87 -22 -2 -83 -80 -83 -50 -72 -95 -24 -53 -23 -73 -32 -29 -33 -7 -10 -92 -93 -67 -54 -80 -18 -5 -69 -50 -92 -49 -59 -23 -54 -23 -64 -9 -96 -37 -70 -58 -55 -36 -76 -85 -16 -62 -34 -86 -33 -43 -56 -5 -4 -20 -42 -23 -57 -11 -36 -50 -81 -88 -82 -17 -12 -7 -97 -7 -26 -57 -23 
-71 -27 -70 -9 -37 -65 -16 -42 -81 -44 -57 -2 -94 -87 -70 -56 -31 -37 -59 -10 -80 -41 -72 -99 -9 -54 -44 -65 -20 -28 -41 -22 -92 -56 -9 -63 -53 -18 -28 -66 -31 -80 -56 -97 -91 -83 -3 -65 -39 -97 -2 -7 -3 -39 -49 -71 -97 -9 -2 -16 -17 -65 -8 -64 -3 -22 -77 -88 -51 -66 -100 -24 -76 -42 -69 -7 -47 -23 -48 -94 -65 -86 -70 -9 -67 -91 -37 -63 -85 -26 -6 -69 -79 -71 -70 -58 -89 -1 -41 -70 
-12 -95 -61 -58 -8 -44 -24 -61 -50 -95 -21 -19 -62 -38 -6 -17 -47 -42 -51 -37 -73 -18 -84 -40 -93 -79 -31 -14 -18 -95 -55 -40 -58 -49 -45 -78 -84 -78 -53 -26 -44 -14 -57 -97 -9 -44 -30 -82 -55 -42 -21 -9 -95 -33 -40 -58 -79 -35 -53 -8 -51 -33 -65 -89 -52 -65 -98 -29 -74 -12 -76 -98 -57 -6 -16 -1 -37 -10 -67 -75 -60 -83 -98 -62 -48 -16 -51 -76 -34 -93 -16 -19 -22 -6 -84 -18 -87 -4 -95 -39 
-56 -24 -74 -9 -18 -45 -86 -58 -50 -18 -78 -6 -91 -21 -48 -27 -65 -79 -87 -70 -12 -34 -92 -65 -96 -78 -31 -27 -19 -30 -8 -45 -42 -5 -76 -55 -98 -11 -42 -88 -10 -52 -11 -5 -18 -8 -82 -24 -68 -51 -83 -46 -52 -72 -47 -20 -75 -11 -99 -21 -13 -46 -100 -2 -65 -33 -79 -86 -45 -70 -24 -25 -24 -1 -49 -13 -78 -80 -1 -82 -88 -51 -99 -7 -95 -67 -56 -67 -44 -62 -91 -32 -88 -16 -68 -77 -82 -62 -43 -48 
-27 -18 -16 -93 -48 -9 -9 -38 -70 -55 -52 -19 -67 -6 -22 -59 -91 -15 -18 -38 -81 -80 -89 -66 -39 -65 -26 -92 -45 -91 -42 -17 -52 -2 -80 -99 -34 -66 -51 -39 -73 -52 -69 -56 -9 -7 -2 -59 -47 -95 -66 -89 -9 -28 -70 -1 -55 -66 -6 -27 -94 -52 -27 -97 -4 -60 -88 -15 -100 -22 -26 -76 -92 -20 -45 -1 -85 -40 -1 -4 -78 -95 -34 -1 -58 -15 -51 -18 -64 -72 -10 -93 -75 -14 -33 -90 -72 -78 -71 -56 
-27 -60 -67 -75 -42 -99 -25 -86 -6 -50 -4 -94 -30 -42 -11 -63 -93 -99 -22 -90 -10 -99 -1 -55 -32 -64 -40 -23 -48 -89 -13 -34 -48 -57 -8 -73 -35 -40 -6 -75 -26 -4 -69 -73 -37 -23 -28 -56 -89 -70 -40 -78 -9 -16 -86 -59 -56 -70 -6 -20 -27 -37 -10 -19 -38 -54 -100 -22 -62 -49 -72 -21 -9 -18 -67 -79 -80 -82 -50 -16 -48 -29 -40 -12 -53 -48 -83 -11 -70 -40 -99 -67 -99 -84 -20 -57 -42 -72 -79 -99 
-99 -87 -75 -71 -72 -97 -100 -89 -67 -96 -29 -22 -48 -5 -76 -41 -79 -19 -31 -22 -74 -31 -65 -98 -29 -17 -40 -63 -85 -40 -36 -95 -58 -93 -32 -24 -1 -33 -26 -59 -31 -78 -41 -38 -16 -55 -11 -23 -87 -21 -33 -94 -13 -29 -34 -66 -84 -97 -78 -49 -36 -72 -81 -4 -85 -67 -66 -27 -46 -16 -59 -81 -68 -91 -50 -3 -75 -34 -23 -56 -89 -64 -55 -22 -63 -16 -98 -61 -78 -74 -57 -28 -9 -16 -58 -52 -92 -59 -70 -90 
-84 -5 -59 -24 -43 -35 -76 -18 -44 -75 -73 -8 -94 -52 -9 -60 -33 -46 -15 -34 -30 -33 -47 -2 -44 -96 -62 -95 -4 -100 -24 -19 -40 -56 -8 -62 -38 -32 -33 -37 -38 -52 -64 -76 -25 -21 -14 -54 -61 -98 -44 -42 -64 -26 -35 -51 -9 -80 -49 -40 -43 -14 -29 -17 -32 -34 -74 -87 -51 -61 -8 -26 -42 -63 -85 -44 -71 -50 -65 -27 -16 -3 -82 -23 -92 -7 -28 -2 -45 -67 -35 -10 -19 -20 -25 -42 -82 -87 -51 -78 
-1 -19 -69 -59 -60 -24 -18 -72 -70 -26 -100 -3 -92 -100 -43 -2 -68 -59 -68 -69 -83 -64 -24 -27 -17 -90 -4 -2 -31 -51 -91 -40 -81 -59 -49 -91 -80 -54 -61 -57 -28 -87 -3 -46 -10 -38 -2 -8 -94 -89 -24 -80 -45 -1 -38 -29 -44 -5 -65 -66 -39 -69 -14 -62 -62 -89 -21 -14 -73 -75 -1 -10 -42 -24 -15 -7 -38 -46 -68 -99 -69 -31 -61 -60 -32 -12 -61 -68 -9 -40 -84 -3 -72 -23 -32 -41 -58 -72 -91 -10 
-45 -14 -88 -54 -32 -92 -1 -100 -22 -34 -20 -39 -22 -85 -71 -93 -40 -45 -26 -55 -93 -45 -71 -45 -43 -78 -8 -52 -91 -59 -83 -6 -13 -44 -44 -23 -25 -35 -50 -95 -100 -47 -52 -19 -2 -100 -87 -88 -40 -52 -7 -63 -79 -60 -56 -100 -49 -66 -86 -23 -82 -56 -36 -73 -17 -18 -37 -37 -73 -73 -42 -46 -56 -9 -57 -91 -53 -19 -61 -23 -73 -79 -48 -35 -4 -4 -71 -58 -74 -88 -80 -53 -62 -37 -11 -99 -57 -1 -18 -54 
-52 -69 -3 -1 -62 -90 -78 -76 -94 -40 -66 -28 -78 -43 -86 -37 -59 -5 -36 -43 -57 -76 -63 -49 -43 -68 -67 -21 -50 -7 -32 -1 -5 -38 -80 -25 -10 -36 -7 -19 -81 -69 -86 -19 -41 -69 -47 -65 -15 -2 -78 -81 -10 -44 -82 -59 -24 -1 -64 -1 -5 -86 -40 -9 -91 -14 -25 -62 -34 -79 -50 -93 -83 -63 -78 -40 -31 -23 -100 -13 -11 -75 -78 -24 -85 -38 -92 -37 -22 -23 -16 -76 -100 -71 -52 -15 -22 -12 -28 -86 
-66 -94 -26 -15 -95 -87 -61 -21 -18 -61 -38 -47 -2 -3 -16 -37 -8 -81 -67 -59 -20 -95 -61 -67 -8 -51 -74 -62 -10 -49 -89 -71 -52 -73 -95 -23 -3 -19 -2 -92 -54 -18 -50 -52 -5 -36 -85 -80 -17 -72 -53 -50 -67 -19 -11 -57 -29 -76 -16 -75 -5 -48 -22 -15 -51 -94 -88 -6 -89 -63 -7 -88 -41 -96 -17 -16 -26 -53 -70 -37 -94 -43 -68 -96 -69 -17 -14 -70 -83 -73 -9 -62 -61 -76 -22 -78 -78 -97 -45 -13 
-100 -44 -10 -68 -70 -2 -23 -42 -46 -21 -57 -69 -97 -10 -100 -99 -30 -37 -35 -19 -60 -5 -20 -54 -19 -2 -94 -38 -10 -96 -92 -8 -88 -98 -53 -58 -2 -41 -91 -97 -31 -58 -89 -69 -69 -38 -62 -58 -59 -62 -100 -18 -49 -78 -82 -41 -70 -2 -27 -80 -56 -7 -56 -52 -72 -37 -32 -42 -78 -2 -52 -74 -79 -91 -4 -98 -97 -79 -16 -32 -61 -11 -71 -31 -87 -66 -25 -63 -81 -61 -9 -60 -49 -99 -81 -12 -88 -78 -39 -72 
-48 -41 -3 -32 -72 -49 -18 -93 -31 -62 -15 -41 -1 -35 -81 -73 -47 -23 -83 -97 -70 -49 -68 -76 -62 -17 -72 -86 -46 -17 -41 -38 -94 -24 -95 -38 -48 -6 -83 -20 -38 -5 -28 -48 -22 -12 -80 -69 -95 -72 -99 -97 -8 -89 -76 -50 -45 -75 -33 -15 -68 -3 -85 -24 -79 -100 -54 -87 -66 -3 -86 -97 -61 -77 -91 -36 -28 -64 -38 -39 -98 -76 -86 -95 -82 -27 -33 -82 -90 -76 -53 -31 -9 -1 -77 -5 -74 -41 -84 -76 
-11 -48 -53 -16 -92 -24 -13 -11 -73 -87 -10 -49 -56 -18 -79 -42 -95 -73 -12 -88 -2 -16 -34 -96 -27 -45 -37 -8 -1 -55 -94 -85 -89 -26 -64 -31 -19 -38 -98 -33 -90 -29 -98 -30 -33 -82 -66 -40 -2 -34 -76 -79 -61 -14 -11 -47 -74 -65 -34 -86 -84 -19 -90 -28 -4 -76 -77 -19 -100 -14 -14 -82 -14 -21 -57 -24 -76 -56 -35 -9 -72 -71 -56 -64 -82 -98 -52 -79 -13 -4 -40 -23 -70 -10 -86 -75 -89 -45 -25 -77 
-46 -90 -46 -38 -67 -19 -32 -37 -69 -42 -14 -28 -81 -30 -78 -13 -6 -83 -5 -53 -87 -15 -44 -86 -6 -18 -23 -72 -29 -73 -46 -48 -38 -73 -31 -82 -87 -57 -23 -12 -45 -71 -76 -58 -89 -51 -71 -27 -62 -65 -99 -17 -61 -8 -80 -33 -6 -77 -91 -58 -71 -51 -40 -11 -30 -22 -47 -73 -52 -36 -79 -94 -67 -55 -84 -33 -84 -84 -64 -70 -34 -69 -18 -71 -96 -97 -25 -45 -84 -7 -73 -31 -14 -41 -97 -48 -61 -47 -78 -74 
-88 -65 -83 -32 -56 -34 -82 -57 -94 -78 -84 -51 -96 -60 -49 -12 -85 -97 -66 -50 -27 -97 -32 -26 -25 -87 -68 -80 -80 -54 -91 -12 -94 -86 -6 -97 -44 -83 -7 -63 -12 -45 -76 -48 -91 -63 -68 -58 -14 -93 -34 -50 -100 -70 -87 -99 -68 -3 -64 -63 -52 -73 -19 -4 -85 -35 -13 -67 -90 -55 -90 -87 -59 -70 -70 -98 -91 -30 -51 -91 -90 -97 -8 -49 -46 -54 -58 -14 -67 -91 -1 -34 -6 -21 -72 -59 -29 -85 -99 -40 
-36 -82 -28 -62 -31 -11 -40 -11 -21 -32 -83 -6 -6 -79 -38 -23 -68 -4 -12 -92 -5 -9 -52 -23 -16 -81 -81 -79 -55 -68 -55 -5 -9 -4 -23 -48 -3 -82 -10 -53 -23 -89 -20 -20 -80 -69 -16 -25 -47 -13 -72 -47 -56 -37 -41 -84 -65 -87 -95 -38 -63 -89 -57 -65 -91 -69 -5 -77 -39 -32 -78 -8 -63 -59 -53 -96 -60 -69 -51 -58 -80 -41 -28 -67 -7 -36 -48 -69 -36 -58 -78 -77 -75 -87 -14 -83 -89 -41 -45 -75 
-54 -28 -29 -27 -23 -14 -79 -29 -44 -82 -71 -98 -82 -91 -93 -62 -42 -23 -34 -33 -86 -63 -94 -100 -44 -15 -66 -84 -42 -98 -32 -44 -33 -88 -8 -78 -32 -33 -86 -2 -24 -51 -30 -74 -28 -96 -63 -3 -13 -64 -16 -37 -73 -31 -99 -48 -92 -23 -26 -81 -79 -67 -69 -96 -89 -22 -38 -40 -45 -82 -56 -14 -65 -81 -31 -31 -86 -47 -42 -28 -4 -97 -8 -4 -6 -77 -73 -90 -88 -3 -62 -43 -38 -100 -46 -90 -83 -12 -8 -2 
-19 -89 -41 -98 -89 -25 -5 -22 -2 -99 -31 -36 -30 -43 -29 -19 -68 -86 -23 -74 -36 -1 -55 -93 -77 -12 -71 -55 -90 -2 -44 -91 -98 -50 -92 -14 -70 -100 -7 -31 -97 -39 -57 -5 -89 -12 -69 -98 -62 -40 -54 -12 -3 -32 -82 -82 -53 -51 -59 -66 -18 -89 -26 -82 -95 -54 -79 -82 -91 -20 -92 -41 -90 -13 -2 -81 -7 -19 -81 -24 -9 -34 -85 -97 -42 -90 -72 -11 -33 -78 -4 -96 -92 -12 -18 -48 -98 -46 -28 -7 
-15 -91 -69 -44 -99 -52 -8 -68 -37 -37 -49 -31 -73 -33 -79 -1 -69 -40 -61 -46 -67 -38 -65 -56 -57 -13 -38 -98 -1 -35 -95 -5 -35 -17 -50 -13 -88 -7 -33 -93 -35 -83 -50 -31 -40 -14 -4 -13 -27 -81 -51 -84 -65 -12 -5 -9 -95 -31 -53 -66 -14 -39 -43 -99 -43 -80 -40 -84 -86 -74 -7 -36 -84 -5 -84 -89 -86 -6 -12 -94 -91 -42 -22 -74 -43 -24 -17 -31 -1 -75 -17 -15 -60 -7 -73 -81 -22 -13 -30 -81 
-84 -98 -100 -38 -61 -63 -73 -6 -36 -43 -69 -68 -74 -14 -7 -78 -90 -96 -28 -12 -36 -11 -81 -4 -28 -92 -88 -43 -46 -41 -92 -5 -19 -82 -54 -40 -72 -73 -11 -3 -8 -67 -51 -87 -45 -7 -76 -22 -5 -53 -99 -75 -20 -15 -9 -70 -84 -52 -62 -9 -97 -5 -90 -90 -58 -25 -74 -8 -6 -69 -35 -14 -19 -1 -50 -32 -35 -75 -97 -59 -10 -33 -57 -59 -82 -3 -39 -37 -97 -48 -25 -17 -76 -79 -35 -57 -18 -27 -28 -33 
-97 -1 -30 -71 -69 -38 -49 -28 -100 -33 -7 -86 -10 -61 -48 -90 -48 -82 -100 -91 -80 -19 -8 -72 -16 -76 -20 -82 -83 -67 -17 -22 -74 -48 -74 -12 -81 -70 -57 -60 -56 -75 -31 -36 -14 -23 -2 -88 -75 -92 -97 -20 -77 -96 -9 -76 -23 -70 -39 -30 -51 -70 -53 -54 -20 -46 -90 -27 -5 -90 -66 -29 -77 -73 -57 -35 -38 -27 -80 -3 -64 -19 -7 -91 -33 -45 -18 -26 -93 -92 -72 -23 -28 -43 -87 -46 -70 -98 -54 -12 
-9 -99 -33 -67 -61 -98 -36 -97 -33 -9 -52 -9 -100 -5 -64 -35 -64 -39 -37 -38 -92 -59 -43 -71 -16 -62 -19 -21 -1 -46 -52 -9 -44 -51 -19 -45 -58 -50 -4 -39 -83 -26 -9 -50 -74 -57 -39 -7 -71 -48 -50 -48 -74 -48 -47 -73 -45 -35 -38 -17 -44 -82 -35 -15 -20 -81 -67 -91 -58 -96 -77 -95 -70 -78 -14 -53 -98 -18 -33 -54 -51 -16 -37 -6 -31 -58 -3 -33 -54 -86 -27 -44 -98 -79 -94 -18 -87 -8 -57 -22 
-85 -16 -72 -99 -78 -36 -36 -82 -52 -1 -34 -72 -51 -59 -56 -26 -88 -34 -94 -50 -15 -77 -17 -60 -20 -45 -34 -45 -19 -78 -77 -66 -69 -2 -64 -1 -60 -5 -33 -64 -82 -10 -7 -76 -76 -53 -85 -54 -46 -19 -42 -43 -9 -44 -55 -79 -90 -44 -95 -45 -42 -2 -63 -98 -78 -4 -18 -85 -34 -17 -95 -85 -39 -44 -81 -99 -87 -86 -96 -85 -79 -2 -80 -7 -34 -43 -90 -48 -75 -99 -76 -67 -5 -74 -89 -81 -70 -1 -47 -93 
-12 -74 -44 -79 -63 -35 -67 -13 -77 -6 -35 -55 -30 -43 -77 -87 -65 -73 -36 -73 -34 -26 -76 -48 -49 -2 -64 -60 -21 -5 -1 -15 -65 -85 -12 -80 -50 -6 -24 -53 -60 -45 -94 -56 -51 -45 -14 -58 -80 -6 -58 -73 -66 -14 -29 -52 -28 -77 -34 -52 -22 -7 -16 -7 -22 -89 -15 -3 -24 -18 -1 -29 -65 -4 -35 -73 -50 -41 -82 -14 -78 -71 -89 -14 -70 -99 -89 -1 -48 -14 -88 -70 -91 -94 -72 -3 -67 -83 -39 -92 
-49 -79 -13 -68 -73 -92 -4 -62 -14 -21 -21 -45 -85 -69 -57 -24 -93 -8 -78 -78 -89 -41 -65 -78 -79 -87 -79 -97 -91 -47 -87 -22 -70 -46 -96 -32 -18 -51 -41 -99 -62 -31 -97 -12 -66 -26 -36 -86 -54 -84 -86 -20 -7 -53 -57 -20 -11 -3 -22 -78 -88 -49 -56 -72 -88 -22 -25 -79 -46 -85 -31 -6 -47 -78 -72 -15 -11 -71 -62 -77 -75 -17 -15 -4 -3 -69 -20 -48 -2 -70 -80 -88 -12 -74 -40 -63 -20 -57 -30 -27 
-96 -93 -1 -3 -90 -33 -4 -20 -13 -43 -50 -64 -17 -31 -52 -1 -48 -13 -80 -89 -41 -72 -40 -35 -17 -12 -6 -19 -15 -6 -79 -73 -63 -89 -34 -13 -85 -86 -93 -77 -57 -4 -54 -72 -74 -61 -84 -98 -11 -10 -86 -44 -82 -50 -39 -77 -77 -44 -11 -18 -84 -2 -21 -71 -44 -55 -8 -85 -86 -59 -19 -17 -6 -85 -93 -11 -83 -23 -33 -52 -100 -92 -2 -67 -64 -91 -62 -54 -77 -21 -38 -71 -98 -97 -77 -82 -62 -21 -78 -98 
-91 -31 -47 -24 -39 -26 -78 -70 -97 -93 -85 -75 -62 -48 -38 -31 -53 -93 -21 -23 -67 -92 -74 -41 -7 -5 -27 -97 -99 -28 -3 -61 -93 -74 -26 -59 -6 -26 -10 -96 -32 -62 -20 -91 -25 -55 -17 -93 -45 -86 -60 -78 -20 -92 -21 -45 -90 -98 -28 -93 -77 -54 -56 -91 -73 -63 -15 -19 -72 -53 -66 -26 -30 -43 -38 -12 -95 -55 -28 -7 -44 -25 -28 -88 -13 -19 -24 -45 -86 -38 -74 -8 -66 -22 -97 -50 -60 -93 -31 -3 
-69 -32 -58 -48 -11 -71 -23 -82 -91 -37 -4 -26 -72 -41 -94 -85 -10 -76 -91 -51 -24 -56 -41 -36 -32 -76 -80 -95 -87 -96 -49 -76 -80 -80 -57 -84 -89 -86 -37 -80 -52 -28 -86 -75 -60 -23 -26 -30 -84 -44 -54 -85 -52 -77 -61 -80 -77 -31 -82 -48 -17 -11 -76 -74 -4 -57 -15 -83 -40 -77 -90 -17 -99 -93 -98 -86 -30 -86 -77 -45 -61 -45 -8 -48 -87 -10 -43 -85 -23 -35 -3 -87 -71 -89 -50 -16 -66 -21 -90 -89 
-39 -62 -25 -7 -35 -30 -97 -75 -20 -67 -24 -8 -4 -45 -68 -53 -70 -71 -36 -90 -89 -67 -22 -39 -16 -57 -81 -27 -7 -56 -92 -4 -10 -2 -72 -24 -16 -15 -20 -55 -93 -56 -63 -39 -46 -35 -51 -64 -48 -45 -45 -57 -32 -71 -34 -61 -72 -59 -85 -12 -59 -58 -96 -9 -11 -48 -56 -38 -9 -84 -98 -26 -65 -20 -69 -84 -85 -46 -98 -42 -87 -56 -31 -2 -88 -22 -85 -64 -19 -86 -83 -6 -22 -85 -63 -21 -30 -9 -56 -65 
-51 -83 -69 -4 -57 -28 -66 -96 -26 -46 -100 -8 -51 -30 -22 -65 -21 -77 -5 -34 -61 -63 -25 -48 -9 -92 -94 -43 -72 -53 -63 -16 -74 -27 -33 -11 -16 -23 -79 -25 -12 -35 -100 -58 -88 -88 -47 -62 -71 -7 -25 -38 -64 -30 -39 -89 -47 -94 -70 -4 -29 -65 -12 -62 -72 -19 -67 -94 -10 -76 -66 -78 -72 -13 -72 -10 -27 -75 -19 -20 -54 -57 -90 -40 -95 -7 -85 -63 -92 -93 -75 -94 -73 -33 -62 -99 -17 -87 -39 -20 
-35 -95 -1 -59 -69 -4 -90 -65 -99 -59 -34 -81 -15 -87 -83 -17 -69 -66 -93 -2 -46 -78 -74 -23 -94 -75 -72 -14 -85 -5 -13 -14 -69 -23 -86 -6 -2 -23 -45 -83 -70 -48 -40 -6 -65 -7 -69 -66 -72 -1 -14 -39 -9 -62 -59 -36 -38 -67 -58 -72 -95 -52 -31 -43 -72 -38 -67 -51 -84 -5 -92 -37 -64 -4 -13 -5 -10 -39 -55 -11 -84 -18 -10 -36 -97 -74 -49 -66 -74 -48 -82 -62 -85 -45 -84 -63 -53 -99 -50 -33 
-21 -55 -100 -46 -53 -41 -94 -33 -78 -49 -88 -78 -13 -26 -69 -20 -75 -76 -2 -26 -80 -60 -99 -41 -51 -85 -85 -43 -13 -36 -94 -88 -74 -44 -91 -59 -96 -48 -30 -15 -58 -13 -73 -60 -13 -89 -38 -23 -48 -63 -14 -9 -94 -29 -66 -90 -14 -42 -38 -34 -11 -88 -67 -61 -89 -87 -74 -98 -79 -72 -15 -63 -14 -2 -7 -7 -76 -55 -72 -7 -42 -78 -78 -100 -87 -5 -83 -2 -77 -58 -48 -79 -16 -36 -40 -98 -22 -88 -65 -85 
-88 -61 -46 -72 -82 -89 -23 -53 -29 -51 -25 -86 -90 -6 -74 -11 -97 -45 -23 -32 -5 -59 -37 -75 -33 -56 -57 -21 -48 -55 -67 -64 -49 -9 -98 -91 -13 -22 -13 -1 -62 -47 -26 -37 -49 -82 -100 -12 -59 -66 -65 -91 -70 -41 -85 -76 -38 -31 -92 -39 -35 -53 -84 -99 -11 -39 -97 -77 -48 -94 -7 -57 -97 -77 -16 -94 -30 -7 -31 -75 -3 -10 -21 -95 -22 -9 -100 -17 -29 -39 -83 -79 -55 -19 -68 -1 -57 -88 -25 -34 
-74 -69 -26 -17 -18 -81 -83 -64 -30 -98 -9 -77 -38 -74 -66 -11 -87 -98 -14 -3 -61 -38 -45 -99 -79 -17 -20 -27 -24 -94 -97 -44 -73 -39 -92 -54 -96 -99 -29 -24 -30 -31 -1 -30 -45 -14 -74 -60 -87 -43 -28 -24 -34 -13 -99 -73 -54 -68 -81 -30 -46 -65 -90 -51 -20 -82 -89 -3 -4 -5 -5 -74 -76 -79 -1 -45 -79 -13 -94 -27 -86 -61 -58 -89 -100 -84 -45 -1 -88 -19 -79 -57 -91 -58 -64 -33 -78 -55 -51 -59 
-1 -67 -23 -85 -78 -58 -55 -15 -95 -16 -72 -1 -63 -18 -20 -43 -5 -78 -86 -5 -25 -33 -95 -34 -5 -57 -23 -99 -71 -67 -35 -75 -43 -30 -44 -1 -25 -30 -38 -11 -72 -81 -96 -49 -96 -30 -43 -54 -64 -66 -94 -15 -26 -87 -67 -21 -90 -76 -88 -83 -36 -69 -8 -68 -16 -79 -48 -77 -90 -33 -79 -60 -2 -75 -43 -85 -53 -73 -42 -7 -46 -33 -97 -84 -18 -18 -82 -17 -51 -46 -79 -25 -25 -83 -89 -15 -29 -20 -39 -32 
-86 -96 -72 -12 -62 -2 -13 -76 -71 -43 -45 -13 -69 -38 -78 -25 -78 -34 -83 -22 -64 -24 -38 -51 -47 -100 -73 -87 -32 -45 -11 -10 -15 -13 -71 -100 -13 -27 -75 -60 -47 -6 -77 -75 -10 -59 -37 -80 -9 -84 -86 -5 -64 -93 -9 -64 -30 -78 -91 -25 -11 -29 -91 -13 -56 -3 -22 -4 -29 -92 -54 -4 -38 -18 -77 -43 -41 -24 -95 -72 -62 -24 -32 -50 -20 -16 -56 -14 -17 -85 -18 -72 -68 -14 -85 -10 -29 -93 -30 -16 
-67 -92 -37 -44 -46 -25 -84 -47 -45 -64 -8 -45 -27 -60 -46 -33 -35 -62 -31 -82 -85 -33 -37 -98 -3 -35 -7 -73 -76 -28 -94 -13 -60 -16 -13 -27 -29 -74 -58 -65 -14 -94 -55 -82 -27 -49 -38 -27 -57 -34 -51 -7 -35 -60 -6 -96 -46 -58 -97 -41 -83 -20 -42 -42 -81 -56 -62 -26 -45 -68 -32 -62 -70 -57 -55 -32 -47 -22 -44 -40 -7 -57 -53 -40 -81 -21 -95 -96 -82 -3 -1 -53 -79 -14 -96 -33 -9 -97 -7 -50 
-23 -1 -4 -98 -21 -38 -67 -70 -27 -38 -14 -51 -11 -35 -100 -11 -60 -42 -19 -31 -81 -64 -78 -28 -4 -38 -15 -90 -78 -64 -46 -17 -64 -83 -3 -50 -57 -94 -61 -16 -58 -29 -85 -17 -36 -89 -32 -59 -7 -81 -19 -80 -39 -76 -99 -93 -69 -6 -47 -49 -95 -96 -81 -59 -54 -10 -73 -22 -99 -96 -87 -78 -20 -36 -51 -9 -60 -55 -69 -77 -36 -38 -8 -21 -42 -68 -84 -1 -31 -43 -88 -53 -45 -71 -33 -44 -36 -60 -71 -81 
-98 -17 -44 -87 -28 -68 -45 -13 -14 -27 -41 -37 -92 -15 -33 -65 -57 -93 -42 -56 -30 -38 -24 -54 -62 -86 -27 -22 -70 -38 -47 -88 -21 -21 -39 -78 -50 -29 -2 -76 -100 -87 -19 -74 -38 -100 -6 -52 -76 -65 -79 -70 -11 -52 -91 -62 -10 -31 -11 -22 -90 -17 -4 -67 -94 -6 -39 -29 -58 -62 -97 -7 -70 -91 -13 -87 -99 -90 -45 -96 -90 -50 -15 -17 -59 -8 -12 -56 -58 -73 -8 -43 -68 -99 -70 -41 -25 -37 -87 -4 
-93 -49 -13 -87 -61 -5 -74 -18 -52 -11 -90 -38 -15 -94 -25 -18 -4 -56 -85 -14 -95 -32 -78 -40 -24 -62 -70 -24 -78 -19 -6 -13 -50 -76 -70 -78 -100 -47 -92 -13 -10 -35 -69 -76 -53 -75 -14 -58 -49 -5 -26 -53 -11 -16 -100 -81 -92 -66 -69 -1 -73 -36 -88 -46 -95 -14 -45 -71 -51 -97 -27 -81 -66 -13 -66 -82 -48 -18 -37 -31 -27 -55 -36 -62 -77 -28 -77 -25 -91 -2 -12 -82 -79 -66 -20 -67 -21 -11 -75 -89 
