100 100 12 76
0 -77 6472 0 6330 -29 0 9857 2444 7995 0 -61 -2 -95 0 -45 5054 -86 3119 -28 -33 495 0 5392 5621 773 -89 6492 -63 -86 3919 4410 6272 7990 -94 -94 0 5429 -99 0 -23 -93 4974 0 -92 7960 -40 0 -66 -48 0 -87 -92 -52 0 -63 -86 -85 0 0 4722 -10 0 -41 -47 0 0 -2 0 -99 0 9950 0 0 -15 -25 -72 5936 2715 637 -90 -57 0 -32 0 0 0 4579 1932 8677 0 -93 0 -29 -27 2562 0 4321 -16 -7 
-72 -57 -81 0 0 0 -17 -11 0 0 -38 4086 0 7824 -95 2164 -71 7941 0 0 5190 8565 -17 8001 -92 6702 0 0 0 0 7894 3694 -76 0 3563 0 0 9494 0 0 -37 -3 -19 -30 -52 0 5799 -34 -78 0 -79 5954 6010 0 6329 0 -11 0 0 4921 4759 -79 -87 7681 8576 -63 -99 9883 3193 0 -5 -43 7624 -21 0 -23 -92 7323 0 5580 3340 0 -38 -32 0 0 4384 -10 0 0 555 -55 0 -58 9378 -21 0 3134 831 4499 
552 5886 0 -20 0 0 4730 0 5931 7408 -60 0 2524 8388 -11 -72 -100 3124 -92 -49 0 0 -22 6044 407 2530 0 7828 0 388 -10 712 0 -29 4016 -91 0 -97 0 0 0 -30 -64 0 -3 0 4078 5478 4376 -87 -66 8133 1114 5818 -71 0 -24 -69 -29 0 0 -87 6450 2202 -79 0 -95 -55 5472 -37 0 8757 8500 1716 3806 -90 0 0 -6 -17 -84 6682 -46 -55 -70 3837 0 -81 -62 0 0 0 8510 -22 2323 0 7143 0 4363 -4 
-66 2204 0 5258 -17 0 -64 -62 0 -53 -95 7448 0 0 5979 6555 -58 -12 8112 7803 7872 0 -13 2590 -2 0 0 0 0 -94 417 1293 5559 -4 -98 -55 -36 5136 -64 -78 9896 -3 8150 7910 6759 9254 8915 -16 -89 7996 6139 -20 570 -88 -36 9453 -65 1470 -35 -90 7180 2555 -1 -2 2647 -73 -44 -67 -17 504 2202 -97 -96 9782 4281 -11 8413 1286 -38 -27 -38 -35 -28 6181 -5 1483 -17 2319 -61 6124 3103 -32 -20 -37 1054 358 -67 -21 5780 5756 
-47 -27 -62 8621 733 7269 -91 -100 -63 5441 -12 605 -88 -85 -75 8712 2687 -44 -26 4417 -99 7586 -26 1325 3424 7451 -41 -54 -4 -14 -16 -27 -7 -40 -14 -81 -77 8572 5997 6029 -54 -39 -57 -14 -65 -5 -86 1929 8025 -24 2418 -37 -72 -9 1890 4229 -91 2325 -82 2116 4240 -83 7495 384 6943 -88 -75 3087 -40 7133 -97 -7 -27 8957 -70 5145 -100 -54 310 8039 -36 -58 8057 -52 2067 -88 -100 -66 -99 6507 8866 9706 -64 -21 -31 4363 -10 9125 -34 7447 
5771 -91 -78 949 7578 2259 -73 4986 5501 6375 -70 7732 -55 -31 2319 -75 361 8757 -25 -50 6524 6662 3547 2282 7762 -25 388 5767 9274 9096 -73 -44 3983 5774 -100 -85 2138 8838 -64 -2 -46 -18 3315 -23 -32 -100 6801 8359 -55 -14 1581 7065 5891 -80 -11 3853 -64 -38 9699 2068 7730 5480 3674 -72 -51 4213 274 6797 1384 -51 -61 159 1466 -54 759 -88 -6 -24 -39 2899 -62 4987 -80 2293 -15 1674 -33 -75 8832 -10 2777 -1 -74 -72 -27 -70 -77 -97 1300 9280 
-23 -27 -9 -47 -44 -77 5014 -61 -39 6023 -100 4753 -66 2588 -91 8140 6867 7756 386 -87 -71 -79 -34 -12 7346 -38 -24 -78 -59 1901 8626 -81 3592 -89 -26 -66 -67 -41 -44 2385 5374 -4 8681 573 8600 -61 4252 1358 -14 -32 -87 1257 -7 254 -26 5661 6168 6550 -49 -14 -66 -51 6502 -41 4943 6201 -11 -13 4808 6324 784 -55 -73 -97 -80 1691 7607 -38 8292 9220 -79 7265 -18 5334 -52 -38 -26 5974 -80 -73 5885 2754 -47 -77 -54 1929 -34 695 311 5873 
6422 4690 9671 9270 -15 3659 6281 -75 3630 -82 6336 4076 2106 -66 -40 9778 7021 1562 1075 9619 8727 -81 -2 -86 -63 2940 8472 7349 -31 1170 -79 5043 6890 5218 -23 -8 2578 10035 -94 8073 5916 6416 5565 8112 -35 3115 -75 -51 -59 -27 -79 -82 -46 9980 -6 -11 3504 -34 4337 -79 9491 4700 -3 -84 9983 -24 -94 -72 -51 3132 10062 -84 2441 -6 8252 1989 -60 -2 218 -15 -65 2407 1246 4135 6691 246 -81 -32 -53 -20 7578 6518 -47 -65 8451 -99 8715 -89 2833 1288 
-91 -4 -70 7672 8412 7641 -71 -37 -7 7097 726 -65 -96 -50 -56 8927 -29 -23 -4 -46 -27 724 -9 4708 3648 8375 -17 -82 -28 -98 3464 7264 369 -60 -38 2751 -24 -48 -62 -31 -88 -55 -76 7559 -49 -90 1538 -19 -19 -87 3296 3363 1834 -99 -23 -43 7672 4275 -68 9440 9830 5141 -83 -75 4428 5433 7033 432 -95 -18 -93 -63 7501 -97 2369 -50 -24 5012 336 -1 -79 -89 -44 -63 -29 -70 -70 2662 -76 -12 -48 -61 -9 -87 8761 -84 -23 3525 3187 -17 
-28 -44 -84 7707 -5 -57 -24 -45 4769 5180 -21 -61 7590 5191 2132 3515 -70 6182 9740 -50 5464 -17 -6 5524 -7 -21 -21 5030 -86 4583 4482 -97 909 -26 149 2692 7123 -94 -54 8513 -10 -28 8478 -26 9759 7787 -65 1812 -15 2338 5155 -80 5893 9350 2427 7403 -83 4888 -40 -88 5732 -37 7469 1211 2344 6467 6763 6355 4265 -17 -41 9268 5050 4463 -70 2402 -21 -78 6840 7075 -11 2737 -28 1342 3566 3261 4645 -31 -12 5510 -52 -85 -15 10081 -86 -89 -19 7539 -79 -75 
9102 -60 -12 -14 -17 567 -39 1512 -95 -77 -43 2801 1193 -32 4482 -79 2062 -3 205 -1 -77 -40 4759 -20 7957 -6 8308 -49 -53 -91 -70 9563 3669 716 -78 7496 -40 -76 5585 -57 8027 2120 3982 -11 9575 8733 5473 1190 -67 -15 -18 3321 -90 6326 -25 -3 -81 5121 4763 -57 -23 5452 -88 6862 5800 -64 6485 -10 -8 -74 9976 6174 5995 6455 6877 -76 4820 -4 1806 -45 1483 -28 2232 8008 -48 -90 8914 -95 -11 1400 362 4755 7540 -57 -46 -39 2904 -96 -57 -33 
1255 -53 3948 1737 8629 3716 4686 2839 -59 2515 323 -2 -39 -13 -33 -52 -68 6797 -18 4370 -58 8297 6204 3942 4455 8442 7601 -88 -63 7677 1689 -72 -31 -33 2042 5651 5443 -79 -71 9234 846 1752 8469 525 4763 939 9245 -29 7935 6378 2711 -92 9721 -86 -78 3602 -83 -70 4899 -61 -59 1460 505 3595 9802 -71 -25 9067 -23 7147 -55 -3 -80 -50 2391 0 -64 1966 5328 -13 8708 -7 8262 -53 -45 5445 -21 5008 4699 7795 4047 4310 -50 -58 -33 1162 9494 7685 1737 8170 
-61 5083 -57 8163 -74 -24 3887 -19 7053 -37 -91 -52 -49 -58 2714 -50 -24 1249 -36 -47 -96 9443 4778 -46 6018 7241 1241 -42 7080 -20 6654 -43 -8 -46 -95 10044 9613 1513 -84 -23 4074 5712 -34 1705 1401 9371 3836 9823 -18 -29 -3 9668 9754 2487 3499 -2 -21 -8 -45 -89 6557 6161 2975 1220 -15 -65 -4 -21 5316 2206 9740 -69 -14 2537 -79 -13 -55 305 2059 -55 8718 3349 -76 4585 8886 1868 1228 815 -69 9487 193 -85 8703 -96 -61 9159 5977 -78 -81 -33 
2301 2554 -95 -17 8020 2852 6758 -6 1106 9364 6021 4819 -62 -28 -25 4675 6231 5779 -52 2518 7450 1188 583 543 -38 -96 1535 5684 1926 9621 -72 -12 7960 -12 -32 4694 3359 -34 8932 -73 4101 8848 -11 -91 494 2116 -14 -98 8129 -15 9874 6374 -28 -54 3741 -73 9828 -48 6586 6880 8747 2847 2424 -17 -51 -24 -2 6455 4700 -19 -14 -87 8796 6035 -91 -44 -69 604 -18 9710 3970 -99 -73 5341 8026 7658 9439 2336 513 6384 -56 -87 7992 3954 8006 5519 -43 -12 968 -6 
-72 1184 -82 4250 3665 -64 6312 -2 -45 3142 6107 6891 -7 6119 -84 9310 -17 -47 -57 9193 5922 8787 -86 -59 3460 4547 9285 -57 -60 1245 -22 -89 3110 5247 -10 -65 5614 -22 9193 3139 -54 -86 6767 4333 9124 5731 5463 -20 8342 1744 -59 -82 3137 9915 8433 8531 -84 -16 3086 -68 -96 744 7094 8824 -97 -37 -13 -67 -73 -7 8398 -23 8651 2594 -72 2084 -33 4171 -43 7933 1730 -75 6542 -50 9103 -21 461 4073 6351 4800 -29 -55 -10 -2 -49 1535 -45 -58 -4 4603 
-52 -44 570 -55 -37 8537 -27 -75 -56 -10 -26 -14 -31 -4 -41 3179 2300 2472 7213 -41 9367 7219 4313 -60 553 -94 -89 -17 4335 9662 -54 525 9732 2632 3241 -93 9218 9606 -25 5436 -56 3097 6957 -49 8804 -34 -97 1446 3155 -94 -44 7985 -40 -16 5906 5865 7375 -26 -28 -44 -18 254 5493 -57 3162 -19 -54 2042 7474 -5 3998 1122 4663 -9 -25 3178 9092 5469 4085 -42 -71 900 -48 8277 8138 -36 8234 -13 -66 4211 -37 4890 1708 7782 9129 -24 -20 6747 9364 535 
1721 5826 -71 -62 8846 9776 7884 -54 -74 8577 5046 -64 -59 -8 -30 -35 3710 3224 6234 -30 -2 -87 -49 -28 -22 8938 8112 6158 8262 -77 -98 -64 8702 -7 -45 -100 703 -37 2690 -45 -1 4099 1570 4986 3879 9730 -79 1039 -58 -60 -52 6270 -30 2071 -95 -87 9319 -88 2676 2172 7231 -26 -50 9940 -27 2037 7184 9838 3246 -3 -49 886 -10 -13 6473 5878 8093 -26 5342 -10 756 -84 6027 1503 -100 -51 -43 -34 -23 -56 6365 6238 -71 8589 -82 -87 -83 332 -27 7358 
4220 9822 -89 -24 -67 9517 -85 6966 -11 8557 -72 5646 -38 -9 -12 -44 9529 1970 3442 1763 2910 5483 1278 -93 -89 -74 -72 5320 9148 -81 -66 5096 2766 -16 -37 -83 -41 2655 9191 8946 3337 -44 9790 3946 2008 -85 -80 3383 9499 -58 7773 -81 -57 8629 8130 -87 8405 -48 -92 2161 -32 -93 -39 2538 -60 7838 138 -91 -33 -67 -66 -16 3527 -9 -47 -61 7451 -92 9027 8844 4366 1527 -13 -22 -70 8038 2063 -72 2831 -93 5307 4574 -35 1669 1743 8018 8578 -52 -14 -97 
-93 6114 1664 5521 2482 3987 5657 -10 9694 5566 -9 9521 -70 1769 -3 3421 3676 7760 -99 711 -53 3001 1503 -19 896 4315 5029 -17 -12 10056 1555 6386 8690 8527 8354 9210 -87 6312 -30 -6 2983 -50 -29 -11 -24 -68 -89 -87 -58 8925 8660 7214 9913 1460 -15 6968 8183 3205 -100 6939 4123 -43 -75 -43 -31 -32 1826 4028 -40 2446 244 8225 6900 -47 7088 7485 2430 -68 -53 -77 5075 7086 710 770 3202 718 9549 -84 -89 -19 4012 -32 3548 -82 9840 -57 3563 4392 -13 -85 
476 1051 -42 2852 -38 2311 -15 7966 6768 6904 806 8425 7451 5338 -64 9916 9892 890 4385 -16 1408 3208 -5 3536 -83 1755 3890 4209 1179 -84 3327 -78 9646 -93 6151 -16 -93 391 314 -94 3252 2138 9293 7391 -98 -1 3435 -28 -51 5307 713 -26 -57 3569 9664 8996 -84 3931 1302 -59 3884 -39 3217 -45 -50 -71 2391 2208 4588 1151 2085 -74 8259 9379 -4 7423 8551 -64 10077 9807 1911 -45 -1 -12 8600 -27 -75 -9 -32 -83 -47 4367 -100 2431 686 -15 -19 2006 -27 3568 
4285 2276 -87 5247 8186 -89 433 -78 7167 9423 -80 8375 -79 -11 6680 2479 -77 6535 5889 5242 -2 -28 795 7215 6773 9256 8791 -21 5114 -21 -85 -35 6885 8703 9499 4158 -80 7564 -8 -72 -65 7445 778 4808 5558 861 8743 3635 8040 2965 8842 8253 -8 -100 4863 8632 10026 -37 -76 -27 9140 -36 -54 -17 -8 8734 -34 3411 -55 7369 4204 -5 -41 -51 5983 -56 4977 -69 7206 8218 8191 -62 -15 1128 8927 3416 -19 513 -55 6258 3381 4828 -57 185 -53 -34 2651 8433 -75 5957 
3609 9693 -46 8193 -73 -12 2611 4372 9749 -63 1281 -36 -21 -78 -43 -92 1868 -60 2980 2170 6414 5095 977 -67 509 5790 2493 1380 2868 -92 9717 -15 -28 6081 -87 1125 -90 -70 -63 6492 -93 7053 7366 -87 -42 7653 -46 -35 2322 -34 -91 6110 5429 7391 -13 -43 8564 -91 3753 6863 -57 -93 -53 2938 -25 8323 7467 8964 -50 -88 5517 4665 -1 -90 5998 154 5088 -57 3014 -38 -50 -9 7129 7166 -13 -64 -97 -72 -63 160 2645 -89 -65 -38 4122 2279 -65 -60 8075 -2 
6015 5450 2842 5803 -14 -59 4307 -39 5257 -68 1329 -6 1871 -63 -29 -93 5761 1039 -94 5932 7467 2175 3485 -77 -85 5277 -46 -21 9977 -59 6151 9033 7069 -18 658 4901 -38 4221 -56 8319 9969 8812 -38 2943 -38 10017 -64 1044 -41 4744 -98 -50 6007 -57 10001 9193 3070 9862 5082 -87 -60 1184 -80 -72 -87 -82 804 -89 -45 4669 6193 -53 8359 -46 -77 -45 1756 -72 -4 -15 6951 -58 8145 2994 3081 9143 8780 485 -62 -93 7455 5168 4744 -74 4205 5236 -49 -21 6858 -55 
-44 -18 1425 -32 -6 -5 -8 2752 3817 -42 -97 7303 5066 3322 4543 -30 1306 -44 8022 4392 -88 -90 7619 4353 2260 8713 -49 -41 -26 -16 -24 779 -42 5646 8580 -55 -92 2063 -93 8988 9224 10039 -64 -7 -14 955 6037 8937 -11 -36 -64 -14 -11 -74 7941 8022 -93 4893 9877 -8 7181 -58 -27 -71 3774 1674 1583 -68 -22 -29 6646 -18 9488 -15 -83 -16 -46 3154 4515 -75 -6 4878 -24 -58 -79 -4 6382 7502 -21 2855 -78 -82 -65 2092 -99 6144 2321 -28 -51 -55 
-10 -76 -35 387 -59 4293 -47 -37 -95 -60 -88 -6 8951 -69 -97 1041 -62 -61 -59 -78 8854 1304 3956 4866 1109 -9 -85 -93 7573 -100 -25 -56 -1 -16 1148 -57 3547 -72 4787 4224 5083 -36 6660 -84 -54 3997 -43 7099 -58 -59 6539 -61 9454 -43 -38 -10 9180 -41 4458 1305 2349 7335 4494 8410 6051 -45 2977 -55 -87 -72 -29 -16 9234 -21 642 -22 8476 1603 -75 5191 163 -73 275 -2 8203 6114 -36 5853 3070 -5 -38 4615 7336 4788 620 3062 10092 -77 8178 -9 
4394 4500 2925 -67 -55 5669 4996 6020 -28 4449 -72 -31 -48 9445 8577 -45 4517 5010 -15 2246 2284 -47 496 -72 -4 -94 3379 -64 9457 9455 3367 3222 6170 -79 -90 -72 -43 -20 10029 558 -8 3198 9543 -91 -47 3321 -17 -98 3846 3864 -90 -98 9142 -89 6778 5883 -63 6345 4064 -13 -93 -36 5713 8200 3257 6208 9878 6628 7026 3014 -52 4468 -64 9828 1736 -37 -94 -93 3359 -6 -44 -36 868 8025 -31 3224 5271 5739 3909 -44 4794 7927 -29 9860 -98 636 5503 -38 -14 -15 
-47 7513 9216 -50 -91 6275 8497 -53 5466 9370 -23 3594 -38 -83 -26 6389 -69 4053 -22 1084 1514 7189 4174 2090 2483 4589 -63 5355 -38 7565 1768 -97 1402 4045 5151 1561 1191 -39 -29 630 -37 2464 -92 2875 5013 -51 2837 1342 1044 1540 6147 -88 5120 -24 6413 -74 -36 3609 -58 -29 9457 5082 -37 4157 7925 -61 6339 -10 4729 6195 -37 -7 -71 2856 -70 -40 1120 -59 -44 -1 -59 5196 -73 -92 -84 -71 -51 8977 -82 5438 3869 5163 -80 -91 6971 5255 -1 3094 6126 -56 
6260 -16 7479 5470 -32 -12 10089 -14 -77 1552 -77 8177 7829 -60 -28 -58 -34 -4 4585 394 5965 4694 -87 8764 -96 4973 10054 8038 -21 8168 -51 2667 -4 5865 3581 -50 4313 1517 3749 -96 -34 -54 9962 -94 4237 -11 2025 -83 -12 3796 10036 -90 -49 7297 -1 -64 9820 -36 -71 -71 1922 -23 -27 -31 -2 7851 2273 -19 4372 9875 -75 3950 10006 9730 -43 -36 -92 1694 -89 -85 -23 5119 -18 -18 -82 6369 -11 -45 -10 -45 1753 -53 -33 -97 5934 -69 4594 3878 -98 -11 
6724 -29 4529 -87 6046 8781 -63 -54 5146 -70 3960 9344 4772 2582 -53 -91 -12 -41 -31 6753 -9 -71 -12 -28 -24 5222 9691 1198 6884 4626 515 -51 -24 -18 -36 2806 -16 7935 -86 -13 -37 -68 -35 4591 -90 -53 -3 1840 -3 -60 9434 7496 1695 4893 -30 1853 8945 4365 5102 -32 3741 -15 -22 -25 -79 -64 -7 3500 7332 -13 8796 -29 -65 4192 553 -62 3974 -76 8696 3464 -70 -67 9205 -92 -47 -5 -46 -91 1078 7048 -80 1411 -60 -67 4232 -51 6721 -68 -44 -45 
-70 6126 -84 4554 -50 7345 -73 9623 -90 -68 -79 8667 680 -55 -85 -41 8831 7950 -84 6428 7807 -67 7909 -70 10021 1218 4324 -92 -37 6739 -34 4400 -93 1871 7063 -54 -4 -52 -35 -89 -29 5266 4436 -34 1739 -68 -16 2138 7283 -25 -26 -65 3493 8425 -7 4923 1785 2526 -58 5981 -100 231 -62 -70 -83 -84 1489 -17 -100 3361 -99 1906 2868 -78 6044 -59 443 4891 -71 6103 6342 8271 -98 -27 -2 -84 2775 -8 -24 1953 5200 -81 3178 7838 -8 296 9066 -23 -29 -63 
6505 -15 -68 -77 9828 6937 -91 8963 9787 5662 276 -94 -8 5789 5826 5715 6431 -68 4691 -49 1917 2602 -28 2500 -10 -48 608 8529 -6 -91 -88 -93 8348 -14 5177 -63 1573 1523 3745 -66 4812 9603 1824 1869 1276 -33 1826 -94 -70 783 -24 -75 324 -20 -39 3480 1298 -38 4750 -17 -13 -100 -82 4225 2315 9653 2639 1602 5491 -9 5594 -66 -6 -7 2046 -29 -89 1295 -97 -9 5869 -26 -28 -91 5560 -42 7140 -34 8166 -10 -36 6520 -13 -35 5387 10052 -33 -68 -69 5882 
3548 10008 3501 9952 -71 8334 338 6655 9319 7040 2290 -66 -21 4414 5510 -13 3166 -12 7573 1479 -67 -8 7247 3450 6761 -37 -32 9981 -25 -5 -95 -11 7312 331 3114 -61 -31 2722 6765 4699 -25 4596 3070 7967 1400 8565 1409 -77 8115 -83 -67 2645 -19 -21 8299 3367 -72 -81 1537 -68 -88 -4 1540 -51 -100 -54 -1 -69 -96 -10 -29 4176 5137 7268 8695 -40 -46 -91 -6 2939 -17 -54 9544 -49 1876 3716 3914 7482 -60 -33 -51 -31 8483 -42 -27 6723 4859 8584 7674 -59 
3009 5444 -69 -19 4794 -70 -39 -56 7311 4091 -35 7322 -22 -51 -20 -47 -23 5766 1407 -59 -97 1690 -59 105 9058 1910 3670 5188 1290 3004 -91 -63 8426 -93 -15 -64 8428 9299 9227 -42 4596 8573 1004 -20 -75 -83 898 -58 4995 306 -80 -45 10029 -39 -72 -86 -49 2342 3626 -87 -17 4758 1104 3280 3901 -48 1724 -14 -94 5728 -95 8602 5497 7832 -93 3897 -43 1452 368 6764 -14 -39 -44 5851 4473 2897 5249 6645 -74 -92 2997 9989 8676 9766 -43 -100 -3 -9 5815 226 
6193 -70 2733 -41 -32 -74 -42 1231 -95 4725 -6 -71 -11 -26 9310 6141 2872 947 7047 8514 -12 5084 7936 -42 -89 -73 -28 -7 466 1890 -82 4066 -38 -11 -60 -45 -49 -40 -15 3308 -1 2678 -43 3107 -53 7811 -9 -42 1573 -72 -33 -79 8865 -86 717 3055 -13 9956 -46 5922 -36 5291 -3 -32 9308 5753 1076 3037 4026 -93 650 5367 -13 -94 -46 4798 836 2796 -84 980 2124 8839 -88 7953 472 4643 247 -68 8087 -97 -46 6264 572 2261 -32 -27 2263 7080 -79 -45 
3270 -64 6654 -53 3378 -26 3833 8453 -45 -97 1621 -21 10014 1483 5649 -81 -21 -24 5482 1221 4065 2503 3766 8443 2553 1436 -91 6921 3267 782 -34 6171 3952 8695 1664 -94 9062 -45 -30 -100 -77 -99 -61 -97 -64 -100 -65 -54 6195 816 5298 -23 -45 8853 -13 4133 -25 -87 1472 -9 -16 2659 9504 -64 -16 602 4023 -90 -84 -82 -25 5731 4932 4104 -52 2677 -75 -80 8973 5616 -25 4300 -67 -83 -87 8567 -30 -27 -14 -33 9589 5559 -66 4432 685 -29 9258 -84 -63 2448 
-82 -3 -48 10082 -53 -65 817 3777 7343 -25 2709 -59 -72 7440 166 -1 -37 -69 -19 -71 172 -12 6097 -79 3745 -19 7021 -11 570 -36 5071 7234 8160 1113 5893 -19 -63 3071 6067 -41 -41 1711 9777 -24 -64 -60 -80 -24 -89 -92 -25 -8 9661 -99 -62 4912 6129 518 -65 5071 -89 -48 3047 -46 -2 10009 9114 2380 2049 2197 -52 -6 -95 9526 -36 3766 4554 -81 3596 -77 -75 -63 -42 7361 8754 -30 2703 -49 6023 3291 -76 -61 9441 9348 3597 -93 5709 -33 -53 287 
5805 6642 9090 8755 -30 -22 -29 -37 -38 -52 -47 -83 5387 -23 1178 214 2236 -49 4529 1720 -64 4552 5687 -69 -47 -31 -38 -49 361 -68 -48 2612 2820 3904 9521 -67 -17 2386 1870 -56 4743 -57 8612 -29 3027 -74 -89 -13 946 -99 1463 9534 8932 9826 7842 -41 2159 -37 -19 -72 1709 4788 3098 -80 8021 6544 4032 -100 3143 -38 9615 -4 9695 -15 2645 4821 -18 3794 9092 -44 4694 -7 9822 -72 9802 8833 4688 3727 -71 2051 9554 -28 642 2528 9659 5766 1497 6730 -54 5831 
-100 8237 -37 2480 8359 -10 5580 -92 3695 -33 3224 -37 -20 -65 -30 -26 -86 7225 5867 3869 3284 -95 9603 -64 -77 -46 -42 -21 -90 -60 -58 -51 -2 4031 9934 7882 -67 -75 4472 -2 -86 7112 8677 -3 2260 -1 -27 4942 2402 -82 -55 8304 9230 9829 -32 2427 5761 -96 5285 8824 -36 -92 -69 -2 -26 3514 2823 -3 -43 1576 -90 6451 -95 8619 296 5649 7362 -49 -45 4244 -28 -5 8846 -92 -37 2276 -79 925 9909 4733 -52 -10 2371 6519 -63 6112 -27 -45 -76 -5 
-7 6710 4252 9459 1883 -80 -43 -61 4420 -83 8740 -16 2877 8266 2881 -51 -29 -98 9249 -47 3202 -92 8201 1802 9151 5274 10092 753 -59 4337 4158 -81 -39 -45 -71 -41 6395 -12 -34 439 6412 -94 6134 -60 -43 -58 -17 -81 9435 -40 -84 -58 4996 9267 -90 -2 5321 3590 -65 -34 3506 8063 8421 -93 -72 3089 -70 -62 5452 -10 -67 -18 -64 9285 -79 -71 7249 1009 2855 1280 6901 9675 4925 -100 2500 3455 -1 9622 3899 5397 -90 -29 1924 2731 -16 -2 5316 3580 4210 -24 
-14 -16 -24 7115 -61 -33 -43 5391 9876 2228 -28 -54 -56 2586 7638 -82 10012 4639 1572 -21 2122 -78 -68 -32 -87 1209 -55 -21 1880 9627 8919 9200 9010 2936 3148 -18 -68 -94 -44 4276 944 -96 1925 7598 3202 1311 -1 -27 1586 -19 8265 2782 -20 6844 -76 128 -3 -97 -51 -91 -84 5688 -53 -31 6956 -75 3699 168 9003 4933 -54 7756 -14 10014 9317 7131 1719 4146 -92 3864 -20 -6 -52 -98 -14 8234 1902 -19 6879 233 -84 1597 -13 4294 -41 -58 -69 8594 186 6283 
8824 -79 -13 -49 6346 -69 -79 -94 362 -25 -95 -58 309 -38 -19 -3 8252 -85 -52 -83 6865 -48 -84 1708 -17 5553 -51 3160 8307 -50 1710 -94 -66 -2 -43 2979 2977 8192 -25 -53 3308 -98 1189 -9 -84 9431 1002 -73 -24 4074 -33 -62 -77 668 6982 -11 670 9646 -94 -57 7077 8221 1964 -99 3065 -44 4545 597 1449 2321 -28 -74 -88 -82 -31 -82 -79 5988 -89 7067 5193 5847 333 9378 -60 -89 9708 8793 9616 5242 3106 8419 -62 8833 6271 9001 -85 5204 6218 -58 
-2 -24 7822 4330 -90 -43 -60 -97 -53 -52 7891 6155 -83 5990 -38 5343 2292 -52 7390 8371 -68 9931 723 -56 -96 6209 2015 -53 5950 7149 -61 -64 3521 268 -7 -14 3623 5696 6058 9867 5648 6880 -1 2728 193 4999 -62 -24 5292 9899 -21 7921 -74 -52 -76 -3 -75 -67 -77 -98 5119 2488 6115 6913 -11 -32 -84 -46 4864 9631 -55 301 5611 -82 3188 4861 649 2645 2821 9445 4552 6825 2395 8059 6080 2912 6359 -55 -37 4549 1130 5655 484 -40 -3 9203 8726 5207 1048 6036 
5624 7151 -73 8032 -40 2852 2577 4952 -72 239 -49 -55 8007 -56 5106 4258 -49 2960 -43 -76 -82 -85 9246 -58 -20 1532 -9 -25 -1 6996 -91 -88 -77 -62 -58 -30 -66 1098 1143 8945 9842 -52 582 7544 2048 1790 -49 -50 -18 5964 -38 -62 -82 9178 -54 3813 5974 -68 925 -22 9269 -30 -27 2577 8979 -77 -6 -93 7058 -78 -65 8880 -3 5999 -40 -16 8857 3142 -11 -45 -27 2337 -77 8147 339 501 8201 1240 -94 8476 9134 1798 -28 -17 5294 7102 7523 -66 -84 -63 
3115 -93 -24 8728 4119 3300 443 7901 2926 -3 -39 -19 -3 2150 6718 -46 -87 4770 -80 -63 2614 9777 6634 4420 -47 -88 1333 4693 -58 2423 4201 4983 -70 -75 -28 1168 8963 -27 -98 2703 -78 -51 10003 567 -34 -84 -73 -81 213 -93 6468 3236 9107 2539 149 4574 229 1391 -90 3432 -98 8203 9698 9561 342 9564 -29 -58 4271 1562 -63 -87 4808 -39 3928 7467 -19 -39 -5 5930 8739 -40 6696 6419 7124 7928 -12 3283 -87 6877 1983 -34 6622 8010 3843 8479 -1 -57 -2 224 
9831 6283 -41 -17 8697 1813 -29 -22 -33 -96 1749 2488 -9 -71 -84 5165 2169 -72 6596 6396 4863 -54 4101 -20 8203 5127 5361 6083 -82 -94 4748 8054 -93 3842 7047 -21 -20 -2 9635 -87 9365 6186 5974 2812 7017 -99 -72 3072 -30 5576 6535 10040 -28 -47 -86 1377 4043 2189 9612 -45 -36 -48 965 451 8501 -65 614 -19 4603 3745 -24 8730 2878 -68 5893 -18 -14 7407 -99 9668 2867 -95 2591 911 -28 6027 -22 1354 4184 -27 -94 8461 -81 7422 1725 5454 -64 3812 1586 1007 
4545 -67 -52 7418 -29 -99 -68 -100 -40 -79 -87 -31 1011 859 -17 -83 -71 9866 2542 -9 -49 -34 -37 4960 7003 1910 10079 -51 6002 -1 5135 1703 1212 3379 1351 1739 115 9731 -66 -63 9522 -72 -49 -16 7517 5522 1424 -90 7035 -40 8045 9302 9308 -70 3575 3212 -10 9730 1947 8688 6038 8778 2571 -84 -75 -46 574 -82 4317 -51 -10 9723 8889 -13 -56 -14 9083 6045 -20 10055 -84 373 8801 3003 4890 1809 -42 -76 8525 1742 -92 1572 1379 -55 741 8684 9564 6544 8084 5937 
-72 4625 -23 -6 -38 -37 1216 2261 7076 -71 -61 -30 -12 -1 -86 -37 -7 -96 1160 -32 -61 482 -68 2795 5698 4996 1881 -54 9012 -3 -65 -49 -68 -1 9145 -13 7123 1053 -32 -10 -22 8119 -75 -1 6600 -94 1529 -33 6952 -23 -60 -100 1720 -15 -98 3535 1844 390 -17 -63 2468 288 -53 2985 -89 7588 -28 -9 -2 4896 -18 4776 -2 -12 1598 3384 9232 7327 6099 3681 -75 9918 -89 4919 3392 8070 -74 8521 -2 6302 1000 487 -12 -90 -28 -92 -3 2197 -55 -61 
8883 -34 8768 5329 -65 702 -66 6518 -48 -81 -3 -65 -32 3950 1741 4325 4032 -48 -22 9107 -57 -77 -59 -68 -93 600 5123 6532 2295 4144 4597 1849 7441 -55 1662 -70 -84 1821 9180 1968 -56 3716 -24 -98 -37 -26 2988 -33 -18 2763 5380 3125 7367 -1 9796 553 -88 -63 -24 -94 550 -62 8156 -19 -84 2065 4066 -36 8544 -67 3194 -40 -22 3083 3156 3069 1917 2999 9202 6961 -56 -99 -31 8492 4877 -90 -80 -13 -59 -24 -26 9126 9771 7452 -40 -54 -67 883 -90 8473 
9376 4464 -17 8878 -25 -37 -81 7504 -87 -88 -57 6349 -74 -53 7473 -1 -34 -42 7100 -65 -56 4716 -17 4411 4983 -19 8569 3222 9835 6820 -6 4636 7855 1382 495 -34 -35 1445 -68 -73 -3 -80 6260 -97 1963 -81 4122 3421 -66 1212 -28 6794 9525 4012 3368 6151 3698 944 -10 -33 -56 -64 -95 3816 -43 4212 -1 767 4501 8449 -100 -71 1528 7725 -97 -41 9917 8657 -52 2905 -89 8738 5638 -43 8029 9029 8184 -36 9452 681 8723 -79 2454 2480 4063 -34 -52 -6 -60 -13 
567 1084 5038 -53 1714 1848 -32 -97 -90 -57 3693 -73 -35 -89 -66 -23 5398 -45 3192 -35 -97 7779 -52 -92 9123 4558 6011 1030 9864 -17 10052 -79 4404 -24 -74 1659 -64 -24 -94 971 1202 8293 -34 6304 368 2285 2069 3411 6785 3975 6252 -84 7916 -15 -64 981 -44 -28 -89 6252 1659 -74 -83 -27 4486 -4 -48 -62 -8 -95 7792 4760 5481 3500 4563 2116 -84 6004 9164 -49 5691 -14 1188 9502 -82 8268 3836 -23 6318 -63 3100 -59 6089 7524 1378 3642 -5 5887 -27 2220 
7239 -11 -65 -37 5025 -10 2606 -81 2723 -51 -75 2793 -85 2374 -80 2042 6559 9504 -79 6305 1939 3029 -81 -81 3690 -9 1036 -2 -23 3759 -16 8405 1171 5192 9634 6735 309 7672 8692 9454 -47 -27 -91 5891 -29 2137 3755 9749 -14 5709 4290 8679 -44 2697 -92 -14 -26 8441 -81 -77 8473 10093 -96 1165 2982 3609 2889 8960 973 -9 5646 -65 -60 -4 8832 2354 7778 3014 885 1641 -100 8949 -37 -32 -67 -76 -59 -98 3616 -75 10084 6582 3448 9352 -91 4584 2764 7606 -37 -72 
-29 -15 2242 4126 4216 3941 3576 -1 4505 5251 -53 -88 -83 -32 7557 -27 -13 4252 9749 7213 -84 5755 -7 9280 656 -74 3226 2000 5165 2178 -80 -11 -98 9438 -67 -50 7074 -42 9815 3710 -3 9124 4095 -64 4758 6307 4815 6633 7563 -47 -41 -60 -62 10093 -34 2106 -37 1935 -69 -43 -70 612 -81 -68 -45 7189 -26 3468 6121 -1 1350 -93 -82 -36 -14 -84 3801 -4 7697 7782 -44 7938 9735 5204 -31 -39 3231 4255 2033 1020 -51 9213 -65 -78 -14 6262 -41 193 8151 -27 
-10 -60 -19 -14 -81 -31 8414 -65 -22 -43 5766 -72 2022 1112 -11 1419 -56 6116 -52 -4 -28 3308 -38 540 1637 -14 -80 -7 8567 -89 -80 -23 -82 7370 5991 7681 -1 -14 9669 5398 1123 128 163 1269 5108 3771 7433 -22 -52 7050 -99 8185 6268 -10 9489 6062 1046 5831 8213 -29 5040 4978 -43 -79 5154 -75 5771 -60 -73 -57 -39 6252 7957 -98 -55 3653 -66 -69 -43 3022 7269 -78 -73 9595 -62 4449 1278 -15 -79 -93 5645 -58 3397 3614 -38 -17 -48 -29 6504 9619 
1047 -19 -76 8304 1492 3951 3953 9124 9583 6166 1716 -96 3869 9528 -64 -79 -35 -8 -28 -51 -18 3910 5631 8680 7706 534 -75 -30 3796 7838 3017 -24 -26 8243 -92 6137 5752 -86 -58 9346 -66 429 -9 -55 5004 -97 7511 -17 -100 -11 -45 8038 7139 -6 8898 7979 -92 9193 -23 -43 -36 -27 -97 -61 5805 -22 -98 -47 9038 -59 -92 1653 5033 -6 -83 -18 4254 6554 -83 -26 -70 396 3793 -52 4195 5095 8435 -35 8204 -57 -79 7888 -76 2906 -86 -67 -29 4760 9255 3927 
-77 -83 6822 8904 3678 2680 1354 -2 7494 8633 -15 -10 5733 -53 -83 -56 -48 -98 -83 6736 -96 -34 384 1168 -7 3993 3162 -9 -18 1710 -15 3886 -10 5587 -38 -31 -55 -90 8753 -94 -100 -66 9819 3590 -30 -11 -23 -90 2702 -13 -28 5879 1716 -91 -77 -56 -49 4178 -26 7868 -85 5467 8932 4511 4214 -78 5571 9106 4488 9875 -2 7360 -69 8391 -32 4571 -29 -48 -100 -15 -27 -83 -86 452 -46 3171 5845 -17 6191 1950 9775 -70 6564 6696 -57 -66 2551 1946 -45 5960 
-64 -4 5525 8715 -100 4613 1723 7449 7071 2234 4607 6811 -76 -6 1271 5982 6640 -78 -28 -78 8743 5574 -51 -76 -21 4351 -51 -16 9387 -19 -38 -71 2782 -20 -13 8151 -60 -10 -24 -34 4412 2353 -39 -31 5830 4327 9331 -78 7329 4592 4542 3117 3343 -21 -10 -68 6170 4454 -97 8862 -77 -84 2977 -40 -1 6576 5775 5339 10035 -95 7919 1093 8565 7362 -94 -28 2435 -93 -21 1876 -14 6473 -78 9059 -95 7776 -66 5095 4916 -42 9800 -53 3682 -54 7826 5415 -14 -46 7784 -54 
-67 6838 9572 -74 -57 7107 817 4583 1434 7397 3208 -100 6577 -52 -2 6178 -49 7868 -75 -85 -37 -88 9396 7338 -10 -44 6287 1548 2186 -32 -38 -18 6765 -21 -76 8029 2580 9524 -69 -39 -44 2556 -60 -90 -22 -41 5913 -34 9287 -7 5819 9407 7294 8518 6287 -99 -64 -34 -43 8147 -14 6725 2524 8764 1055 -16 -3 7025 9351 -83 -57 -61 1936 3453 3867 -22 -64 -3 7665 -81 8059 4502 -40 -34 5382 9064 -49 6227 -81 -55 -86 2030 -60 -34 6079 3150 -84 1214 8976 -63 
6550 -83 -51 3247 -36 6649 4698 -83 7241 -50 7389 -29 -69 6543 -40 -46 -87 -60 -13 -32 -9 9119 -18 4042 6839 -1 -81 506 8617 -7 -100 5906 -74 693 -68 -78 3317 -34 3054 -95 5734 -26 9234 -61 -4 -32 -33 6533 2996 8459 2054 2413 8430 9016 7876 -20 8411 -17 -31 -44 -51 8070 6538 -26 -28 -87 -73 -79 -11 2629 -59 -46 9161 -40 -29 -76 3565 -36 6321 -50 997 6945 7696 -29 -20 -25 -1 -66 3159 -42 4553 5062 6104 -81 7762 -70 6934 -9 9315 -48 
7630 5747 -21 2854 -85 -5 4606 5380 3663 -79 6158 -90 -61 -72 -30 -70 -26 4695 3714 -12 3642 8462 -30 -47 -60 8567 9330 7834 5640 8691 -83 1080 -86 -74 5461 8184 885 9472 -40 7639 597 1689 7554 6674 2368 8991 4300 9519 -39 5602 7504 -90 8069 6556 7145 -52 7290 -42 1875 3297 -45 -68 9383 -41 9032 1884 -73 8877 1376 8585 -85 4102 -21 -15 -64 3385 1903 3345 -44 9270 5100 -65 2880 3698 5100 6938 2583 -77 -91 8181 952 7596 -81 -82 7967 -25 -48 7109 -88 -1 
-65 6183 -6 7824 -98 -75 -32 -53 -43 9951 -89 8186 8053 862 9870 378 -8 -68 1603 4763 7490 671 4776 -54 -24 8468 -29 9667 -81 7607 3464 330 -94 8031 -73 3533 -22 -68 -75 -15 -73 -79 -63 -7 -86 -56 -50 2366 -45 9646 -17 5204 -22 549 9617 -56 -65 -23 -76 -10 -89 -61 4305 8344 -44 9805 2110 -67 -24 2687 6014 6322 9756 -29 5614 3958 2310 4707 4122 -35 -6 7104 -52 -66 866 -45 6820 -40 -76 -34 2983 -45 -49 3595 6648 684 2434 -30 -89 -77 
7859 7427 -33 -100 -19 735 -66 1702 -1 -43 -42 1521 5223 8823 -44 6414 5480 6006 -33 4528 -86 -57 2716 9611 -79 7295 2846 -52 9765 4403 -84 -67 3076 324 -74 9977 -13 -45 2062 8563 -9 3502 514 135 7782 -93 3565 -90 9732 6829 -94 -77 5737 -18 -99 -69 6378 -94 -77 -52 -24 -87 989 3703 8984 -98 2515 417 8971 -22 -38 -36 -91 -26 -45 -64 -5 -43 3094 -11 -38 6878 -66 9831 -45 -88 -21 9463 856 -53 -100 7861 -66 -81 -45 -93 -38 5041 -5 -78 
10065 2689 2846 -99 4921 -66 -91 4636 5704 8191 -74 -90 -52 -91 -33 -62 -61 -72 4213 -18 -84 -100 8896 8722 4696 -60 5277 -64 9688 4786 10012 8237 4197 -67 5723 919 -41 4480 -58 -15 -81 8084 2747 10091 -51 -55 2017 2695 10003 -80 6784 -32 4907 -4 389 1404 -85 -96 -9 9514 -83 8259 2547 519 5142 -74 -8 -76 -79 6361 7056 5968 9254 -24 -100 6353 7922 9046 5225 -68 -89 -99 -30 120 8055 -96 4313 7239 5809 2485 -61 868 -29 -67 -83 6664 -78 2294 -26 -9 
421 1967 4321 -68 613 -68 -46 5360 -46 -17 -70 6700 -87 7575 3877 4356 6254 -98 -83 7209 2934 9216 -50 -12 -71 1736 -74 5170 -45 8223 -48 -61 636 -73 -62 8569 -97 -17 -66 -70 7313 -71 -40 -1 2934 -93 -82 2411 -22 -50 -51 -29 -9 9566 3571 -97 -45 7478 -18 -44 -69 -28 5898 -91 9776 -47 -95 408 -79 6306 1213 -52 -97 -55 3788 9938 8934 4122 2706 8054 2787 -36 515 3348 -81 -18 -77 2799 8220 3837 6953 3465 -94 -100 -6 8919 -59 343 1262 -65 
-67 10096 -2 -10 -65 810 525 -60 2349 -38 -39 7213 2852 2777 6720 8991 9231 -33 1128 4958 -21 -58 2606 7000 -78 5998 9729 -54 -93 -73 -30 6754 -32 256 -79 8887 -64 -100 -85 -7 -54 -2 6026 -83 -77 7886 -41 -20 4742 -95 7786 8526 -4 2291 10044 873 -25 1433 -16 8091 9060 -99 -78 2072 -9 -30 8840 -72 285 -5 -84 5771 6111 -97 -78 10014 -62 -63 -25 6433 -88 7440 -71 -35 7497 9130 -64 -17 -57 -25 1106 -19 -96 4217 942 -70 1606 -39 -20 1166 
-52 3864 1565 9251 968 -27 -46 -68 2376 9502 -34 9074 -61 7118 4167 9678 -56 -91 -85 251 4091 9163 -99 -39 9835 -3 -21 -5 5063 5983 1199 -24 -59 7494 3642 -15 9126 2731 -38 255 -2 -84 -22 4030 2884 8778 6206 -55 -28 -42 -92 2951 7087 -63 9670 -54 -96 -13 -47 7703 4168 3944 -31 -37 -100 -47 4300 -13 -2 4507 -41 -82 -50 1150 -58 -75 2704 439 -85 -100 4566 -15 -90 1807 833 7439 3748 -14 5484 3808 -36 -91 -14 -71 -13 979 8444 3485 -95 4256 
-91 4275 4467 7320 3331 4983 -100 8898 -38 9040 9473 7252 3040 -10 6205 -31 -53 -37 -3 -51 2076 -21 951 -22 -15 7129 2753 7181 7646 8692 3562 -18 -28 2710 5059 1835 4121 3665 -83 9816 -57 7431 -78 4132 -72 8727 7646 -1 3573 -98 -72 -88 -2 -92 9231 2471 -78 3420 -95 -86 -40 4134 -91 1766 -74 2541 5416 -63 1591 -63 -72 -93 5829 5643 -14 2408 1713 1567 -31 4925 -20 4825 7883 -80 -40 8094 -16 4705 -53 -50 -63 -76 -93 -32 5656 -23 7104 -35 1345 2502 
6929 3916 7098 3784 1866 -60 4796 -14 7957 7655 -94 2271 -37 -85 8034 1434 5397 6519 -68 353 -11 8377 -61 9865 -11 7477 -29 -77 194 -63 1681 -24 8371 -25 831 -63 -90 5007 137 -80 -7 -16 -61 -4 1249 8418 3760 -21 -36 -28 1498 -11 -93 2932 -83 -51 -52 -58 -17 1312 782 157 -41 -59 1628 -47 -68 2100 9261 -34 -36 -98 -35 -16 2680 -69 -81 -55 1056 -54 5824 1121 -93 -3 -56 -68 5182 -94 8674 -12 6260 -27 7275 2499 -98 -17 -71 2524 -2 1841 
9186 -82 731 -28 -15 -36 396 3780 -25 5003 7432 8396 -44 -23 -39 -89 5816 1965 -33 -25 5430 2813 8988 -57 7726 3245 -29 -49 -54 3511 292 -59 -69 -75 -42 3273 -78 8811 -99 6717 4192 -87 9194 -75 214 2447 -82 711 1892 -91 5175 -83 -39 -11 2094 -31 2974 4453 -43 8662 -28 8252 8176 6142 1258 -44 -83 -6 8030 9619 8952 -92 -77 9021 -86 -55 -2 6540 6583 7340 9433 3434 -32 -86 -75 2644 9870 -89 2946 -91 3144 -42 9262 -61 -65 -6 1045 8339 -56 8469 
450 -51 -68 10019 5557 721 -30 -9 -49 9926 10087 1430 6628 -17 -99 2270 1092 9869 -68 -62 7686 -25 -42 9099 -33 -96 -74 -100 7617 -61 -17 7771 4765 -77 -52 -83 8693 -2 -78 2502 -53 6532 -99 3060 -89 -98 2004 -84 -27 4915 1107 -73 5741 -92 4359 2702 6965 3885 -43 770 -33 -61 7973 700 -51 7763 9242 9072 3243 4748 6488 8019 3232 -72 1827 -98 -17 6100 -44 -7 2364 8667 -64 4541 9982 -69 7529 895 3689 3022 8823 2422 5747 7650 -69 -3 -34 -98 2198 -86 
605 -17 -15 -47 6167 -38 -79 -83 785 9560 1806 -50 2457 3486 6499 -74 -57 -89 7303 3809 -68 -17 -45 5407 3415 -2 5770 -58 3330 -70 9249 -39 2688 -81 -22 2090 4520 -42 2254 9553 6579 7609 -87 -75 5003 -96 -85 6504 -66 9332 3798 8315 -9 -23 -17 626 -36 8642 -21 -29 10016 5339 6058 2140 1767 -21 -60 8099 -91 5346 6568 -75 5748 -46 -17 -46 2512 -93 -43 -23 3042 -9 6814 6289 9838 -65 8392 -23 2783 -95 -86 7647 2841 8235 -59 -67 -91 3444 8866 -70 
9874 -69 -73 3483 -1 9776 994 3414 -42 3251 9079 4063 2995 239 693 8052 -5 -12 -38 2077 -99 890 -24 1197 9733 9319 -77 -74 -95 8610 7894 5200 5084 7249 7113 -27 5095 -4 -20 -50 -69 -39 10066 8381 2247 3662 105 -78 1606 -81 -26 6845 -28 -71 -40 2029 9001 4515 -59 8750 -99 1765 -62 4999 -67 9566 -12 -79 2284 -50 3784 7846 -55 973 -18 -57 6245 -29 1482 -11 4369 -36 6304 2048 2276 3588 -99 -81 -72 363 9702 1655 8108 7439 -22 5183 5437 6970 5564 222 
-96 -27 -2 9431 6212 3174 -55 4111 9652 2826 4190 -17 652 -4 7914 4264 -21 -51 -50 -69 7898 -82 7168 9302 -21 -98 -60 -81 -17 1478 -31 -65 -42 -60 -16 -77 -64 6247 -51 -100 -43 -3 2728 -34 -7 6636 -45 -27 -59 -2 -63 -12 4176 5987 -47 -32 -49 8661 -82 -17 -77 -94 8923 8091 3994 -59 1538 6881 4812 -3 -39 -11 -7 -28 -80 9303 -47 818 -88 -59 3802 8731 266 -45 -50 -59 8283 9514 -31 7113 -81 3884 1352 1452 8371 -65 4929 1234 5869 -86 
-23 4001 8545 7240 -24 -80 -64 7521 1625 1222 4401 -22 -3 2681 3009 7802 -4 9821 5075 5091 -63 7198 -41 -83 -42 2956 9846 -25 355 -17 2605 9145 9313 -19 1267 -19 -48 -10 8548 -84 -14 -45 -47 4306 -46 6310 8528 -95 2051 9477 8486 9787 10059 -26 -18 -28 5985 -85 -12 -17 -14 6195 4129 -1 9623 -3 8757 484 702 -68 -34 6683 7783 -52 -48 7804 -38 2097 -74 -83 -7 -40 8348 -96 9790 2158 7660 -78 9641 -40 6301 9339 9720 5240 -93 -48 -89 -19 7995 -77 
-93 3562 -93 7259 -97 2432 -62 -24 4994 2556 -94 -17 2003 -45 2293 236 -60 8432 9636 8642 316 8479 2149 5803 -45 -13 9369 -99 -40 6455 -11 -32 -91 -87 -61 2861 -90 -77 278 7786 -48 -65 -87 3132 -99 8821 -45 -18 -23 -46 7844 6714 -41 -22 1007 6887 -71 -29 800 8379 -19 5191 9083 -77 8262 -58 -43 6661 -55 -42 -25 -70 -79 -35 -44 -23 -18 7792 1479 -76 -97 -98 -69 -71 -95 6902 1443 3372 -61 -35 -52 -77 -61 10020 -77 4834 -15 -77 -35 -15 
-21 -7 8427 -48 -18 -13 228 -29 9498 -74 6693 -20 2784 -70 5475 -16 3607 -87 2352 7721 7736 -56 -89 -35 -30 -72 659 -58 -1 4718 -57 4448 4093 6282 772 1439 -64 153 -4 2028 4809 9211 9859 6501 5169 -11 8276 8529 5979 9061 4494 6920 -34 -16 -23 593 1661 -1 -13 1347 -30 8164 8221 6510 9028 2608 1212 -96 1878 4205 -75 6072 2952 10030 4237 2868 -75 192 -64 -55 -35 3649 3132 8434 7808 9390 -43 5354 8517 -25 -2 -87 5326 5594 -10 4117 9828 -99 -66 1910 
-100 5403 -21 7966 -66 2751 9398 1073 -86 -55 -74 -35 1560 4550 429 -80 -41 5095 9449 -61 -75 -1 1433 -50 -100 -97 -46 -85 -23 192 -70 -77 7526 7551 -61 2956 10077 -29 4861 -8 6008 5456 -97 9464 -12 -45 7777 -70 9931 -31 -78 -61 111 3035 -39 8628 -32 -29 2926 -59 7522 -92 -59 9464 5891 4835 -64 3071 -6 -97 6554 9526 6480 5927 -28 7989 177 -26 -48 4975 1950 750 -1 8845 7643 -34 -84 6564 -10 -1 3575 -1 1819 8834 -54 -40 317 1410 -6 1865 
3995 -41 992 -7 8078 2073 5420 -2 -33 7481 -82 5787 438 -96 -98 590 3365 4000 -50 6995 -3 9268 10094 -51 3673 -44 -34 -29 -51 523 7980 -27 6385 -31 3707 8998 7928 -69 1272 8619 -19 6533 3752 6405 -37 7194 -72 1674 8230 -18 8754 -24 -62 7429 -56 4020 -96 4590 -3 9360 -64 3002 -17 1747 -45 -85 -78 -42 9559 1921 -44 -26 7225 -44 7576 1432 8757 -51 3476 -20 2877 7437 577 -47 6315 2813 -75 -63 -3 5800 3507 -67 -38 7220 4000 -73 8021 9429 -22 9755 
-56 7990 6157 -81 -12 -89 -91 4643 3620 7448 2043 -60 -59 -17 -55 -64 -80 443 -57 1564 6140 -37 -93 -17 6333 -60 7577 -33 -42 1835 -59 233 -30 -73 9959 3961 7709 -84 730 2058 9655 1064 -86 -11 -52 -20 -80 -74 -34 -66 2671 6589 -44 -88 -22 4331 -27 -86 -31 2746 532 8393 3678 -85 8665 -8 -19 2533 8533 -4 -14 8762 -71 7095 8972 4948 -59 -66 -25 -83 -100 7585 -40 3888 -59 -30 -79 -85 -68 -78 -21 -97 -2 -71 -11 7247 -7 2573 4878 -54 
-61 -15 8429 -72 -9 4571 -10 4205 -94 -78 9769 105 -79 -32 -87 -22 1145 -2 -83 4736 -83 -50 3671 194 -24 5652 1885 1222 -73 -32 6026 8132 -7 -10 -92 -93 5052 -67 7753 2786 -80 8000 1717 2504 342 -69 6304 9567 3591 8383 4448 -59 -23 4047 9122 7163 7408 3574 -96 -37 7750 -70 -58 -55 5635 -76 -85 -16 -62 2528 -34 -86 6932 4040 -43 -56 -5 8964 -4 9100 -42 8942 -23 -57 6667 -11 6135 1949 7636 1480 -88 -82 4715 6911 4572 5588 5706 4901 2906 2013 
-26 9294 -57 8276 -23 9340 -45 -27 4869 -9 -37 -65 -16 -42 -81 -44 -57 9402 -2 5393 4722 3892 -87 -70 2855 6905 8605 9530 1936 -59 -10 -80 -41 -72 -99 2208 6977 -85 10035 5964 775 -20 -28 397 -41 -22 5591 3631 -56 -9 -63 -53 6369 -28 8104 8265 8268 6325 -80 7206 988 -97 -91 5997 -86 2555 -65 5655 7738 5557 7275 3145 2748 -7 4202 -39 -49 3470 4196 -9 -2 9062 -27 523 6642 -65 10074 9416 -30 -3 1021 6365 676 9087 4650 -51 -88 -100 -24 3841 
-76 905 -42 6860 -69 1906 5486 869 8012 -48 4279 9893 -65 8650 -86 4851 -70 5985 8323 -9 7226 6863 1099 6990 6036 2662 -85 -26 1946 -68 -79 -71 -70 -58 5796 6369 -89 3400 3026 -25 -70 8998 -12 -95 4499 8057 6807 5846 327 3323 -61 6654 -50 -95 7620 -19 1484 -62 7113 -38 6431 -6 8696 8746 2352 8059 5894 2752 -51 7911 -73 7097 -60 7283 8878 8552 -93 -79 6030 9997 -18 6880 3332 -55 8020 5211 148 2561 -20 5367 2080 1683 -78 2193 2422 -26 9743 3313 -57 -97 
1403 -9 -44 -30 5043 8943 7754 4183 -21 -9 -95 446 1088 2224 281 4332 7906 1333 3768 9157 -79 2689 362 -35 -53 8907 -51 4076 -65 -89 -52 -65 -98 -29 -74 -12 9677 9775 -98 -57 9905 3984 5736 1336 -10 -67 4016 7263 2756 -60 -83 9265 -98 9069 2701 -62 -48 1496 4096 2512 -51 -76 -34 9797 421 6892 3915 5213 6187 -19 -22 -6 1683 8017 7378 1703 9794 -39 -56 6323 3273 3046 7256 -9 -18 -45 -86 1852 4857 2439 -50 6659 3035 9417 -78 -6 1221 3420 -48 3030 
-27 2864 3578 1786 7769 -12 -34 3791 -65 -96 7561 -78 5450 -31 -27 7618 -30 -8 -45 -42 7604 -76 7977 6676 -55 4910 7435 -71 2449 -11 9841 6887 4409 9351 -11 -5 -18 9980 9938 -25 -24 2598 -68 3713 -91 1200 -83 -46 -52 -72 -47 -20 9504 -75 9060 5203 -11 8317 -99 4220 -13 3745 -100 -2 -65 -33 -79 -86 -45 4869 -24 9177 -25 -24 644 7248 -13 7677 6896 -80 -1 5484 1013 787 -51 2657 9006 4184 237 9141 -67 -56 -67 8643 9667 -87 7151 -91 7231 9270 
7736 -88 -16 5545 9767 -77 -82 6420 -62 4154 -53 -48 8626 -18 10015 -93 7708 -48 -9 7308 -38 -70 854 -55 722 -52 201 9489 -19 -67 -6 8855 -59 -91 -15 -18 3734 -38 -81 3879 -89 1183 -66 -39 -65 8233 7191 2144 -91 -42 -17 2462 3738 5841 -2 6585 -80 -99 7856 7365 -51 -39 -73 4973 -52 446 677 -69 -56 2408 6805 -9 -2 4385 1071 -59 -47 9045 -66 2778 -89 7808 3049 8645 482 -70 8343 -1 6177 -55 -66 8597 -6 -27 -94 2536 -52 268 -27 -97 
-4 3545 1180 5914 5759 4699 1281 6207 -15 2634 7049 -100 -22 -26 -76 -92 -20 6700 9166 -45 -1 -85 -40 -1 -4 5521 -83 8297 -1 -58 -15 -51 -18 -64 581 2655 -72 5209 655 -34 -68 -14 -33 -90 -72 -78 -71 2155 676 659 3958 -39 8941 -99 7724 1047 6186 405 4151 -44 449 -4 857 -94 -30 4641 7138 3645 -11 -63 -93 -99 -22 -90 -10 4103 -1 6620 -55 -32 8863 7439 6822 -48 -89 3012 3148 587 -92 -12 9486 2815 5992 -73 -35 -40 -6 -75 -26 -4 
-69 9887 9314 -43 -37 3722 -28 -56 6388 -70 1804 3239 -78 -9 2017 -16 -86 4635 -59 7914 6458 5517 2289 4705 4262 5693 -27 -37 2009 -19 -38 -54 -100 -22 -62 6184 2486 -49 2206 -21 4925 8195 -18 5466 -79 -80 -82 4183 2549 -16 6670 -29 -40 -12 9472 7747 7482 -11 5369 -40 7278 -99 -67 -99 -84 -20 -57 -42 -72 2200 -99 -99 -87 8174 8870 -72 3442 9704 4583 -15 6135 -89 1920 -96 9864 -22 6813 7964 7936 7565 -41 -79 9115 3718 -31 7817 -22 -74 8430 -65 
-98 7339 2428 -17 8228 -91 9184 9506 -85 -40 -36 6087 743 -95 -58 -93 356 -32 -24 7753 6545 -16 5232 1464 4533 5725 9258 6005 -31 1177 3971 -6 -20 4598 -16 6854 -11 -23 2111 -87 -21 -33 7432 9712 5332 7228 533 -66 283 7282 -97 -78 7148 -36 191 -47 3502 4855 -81 1433 -4 1784 -67 365 4126 -46 -16 170 3264 4943 8090 -50 -3 3927 9974 1186 5424 -34 7271 -23 -56 -89 -64 -55 -22 -63 -16 2224 1797 -61 9177 2539 -74 5979 5260 9871 7327 -9 9715 -58 
-52 5900 1391 9858 -70 -90 3983 -5 3263 -24 9363 -40 4775 10017 7408 -44 1574 -73 -8 1893 4251 -9 -60 1258 6993 -92 -46 1114 -34 4864 -30 -33 700 4819 -47 -2 -44 7495 -62 -95 -4 402 -100 7155 -24 9718 7380 -40 -56 2307 -62 -38 -32 -33 -37 7137 -52 763 -76 -25 -21 -14 312 7449 -61 -98 -44 -42 -64 -26 6346 -40 -51 -9 7553 -80 -49 -40 -43 9684 6153 -14 -29 -17 1003 7215 373 2686 -51 5925 8434 -15 2686 3925 5061 5580 -63 -85 9585 6013 
2870 9749 3564 -27 -16 394 6681 5859 -23 9174 9691 1106 4306 -28 -2 4744 1966 9734 -10 1718 -20 5324 2811 8276 -32 -87 -51 8110 -78 2200 5818 -69 -59 -60 -24 -18 5071 -70 -26 -100 -3 4491 -100 1042 9801 7512 -68 -59 1367 4630 2082 -64 -24 -27 -17 -90 -4 -2 9850 -31 6824 -100 -40 813 -59 9148 6390 -80 -54 -61 6256 -28 -87 7661 5915 -3 -46 1031 -10 6923 8431 9001 9451 1076 3053 5118 7713 8885 6886 4492 2464 1546 3288 -24 -80 -45 8400 3176 2835 8428 
7847 -44 -5 469 -65 1765 -39 1868 -14 9861 3858 -49 7228 8401 -21 6313 -73 -75 -1 -10 -42 -24 -15 -7 -38 1759 4856 8867 -99 8782 -32 5144 2084 -60 -32 -12 9024 -70 -85 -9 -40 5627 2764 -72 -23 6748 5631 464 9669 -41 2457 -72 2650 7949 8954 -10 6144 813 7382 525 6187 -54 -32 -92 -1 3830 8399 -22 -34 1256 3183 5261 3219 6732 -39 -22 -85 -71 9692 -40 -45 7264 -38 -55 -93 -45 8011 1467 -71 1887 -46 3094 -78 -8 -52 -91 8892 6301 -59 -83 
-6 916 3182 -13 -44 -44 -23 3124 634 3839 5194 7877 -47 -52 3218 -2 -100 -87 6316 6108 7587 3614 1731 3451 -7 9039 116 7659 962 -79 5459 -56 -100 7155 -49 -66 202 6796 -86 5518 -23 -82 -56 -36 -73 10016 -18 9942 -37 -37 2672 6354 -73 1741 -46 -56 4319 8152 1600 5408 -57 -91 -53 -19 2218 -61 -23 -73 2878 -48 1933 446 7914 -35 4047 -4 9587 -30 4117 -58 9473 3077 -80 9226 -53 1261 -37 -11 9435 -7 -57 -1 6017 6937 -54 -52 7868 -3 -1 7649 
-62 3989 -78 6319 8293 2459 -40 8465 -28 4732 -43 -86 -37 -59 -5 -36 1342 -57 6311 -83 -63 7548 -43 5467 -67 1720 8993 8564 493 -7 6674 9378 -5 137 -80 -25 2687 4509 -36 -7 5428 618 3650 -81 1157 3744 -86 -19 6143 5011 5840 5451 -47 -65 -15 4201 6920 327 -78 2759 -10 2940 443 -82 -59 -24 677 7385 -90 7400 1204 4388 2951 1084 -91 7885 -47 -25 4352 8453 5361 -34 -79 6410 -93 -83 -63 -78 -40 5730 1322 8845 3899 -13 -11 -75 8982 10070 -85 -38 
2239 -92 8843 4957 -22 -23 -16 -76 -100 7957 7596 7970 5682 2351 -15 -22 -12 7643 6949 -86 -66 259 -94 -26 8139 -15 9345 1007 -95 -87 -61 5828 2654 -49 6360 -38 7446 -2 -3 -16 -37 7507 9207 2958 -81 -67 -59 9713 4610 -95 -61 6142 3566 -8 -51 -74 530 8643 -30 -71 8136 8521 -71 -52 8472 -95 -23 -3 -19 -2 -92 8040 7453 -18 -50 8651 4964 -48 9517 -36 2929 8579 -17 -72 -53 -50 -67 2883 3122 -11 4407 -57 -29 4814 4315 7216 -75 -5 6024 9768 
5814 -51 -94 -88 -6 -89 -63 -7 5444 -41 -96 3816 -16 1690 -26 -53 9769 -37 6893 -43 -68 2484 -96 8937 -69 -17 7013 8918 3958 9869 -83 4672 1160 2269 -62 3260 -76 4524 1321 4077 -78 -97 -45 10090 9984 -60 3026 -89 -68 -70 -2 -23 -42 745 1418 -78 -57 -69 7996 6999 9253 8109 -100 -99 4629 -37 -35 1201 -19 9903 6570 -5 -20 -54 2226 -19 -2 7148 -94 -38 3209 2146 5478 7595 -92 5784 -16 6309 -88 667 -98 -53 5918 -38 -2 4240 1290 -97 6251 -91 
1473 4688 -69 -69 -38 4591 -62 -58 -59 -62 -100 -18 -49 -78 889 -82 -41 -70 -2 -27 -80 9968 3628 -79 -7 -56 -52 -72 5336 -32 -42 5377 8016 -48 7973 8359 5696 6838 -62 972 -91 1056 3754 2596 -48 6396 6678 7980 7161 -16 9231 3729 1959 -61 -11 3170 2009 -87 6729 9824 -63 -81 3310 8618 -61 877 -9 -60 -49 9338 -99 -81 -12 -88 7491 4232 -78 238 -72 -48 -41 5602 -32 -72 -49 -18 -93 5730 -62 -15 -41 -1 1942 9324 -81 6772 -47 -23 7100 692 
8131 -97 -70 8857 4577 -49 -68 2506 9875 8665 5761 -17 -72 3885 -46 -17 -41 -38 5274 -24 -95 2531 7337 -48 -6 7146 -10 -20 1413 -38 6397 5804 -28 -48 -22 511 -80 -69 7494 -72 9330 9498 2396 5910 -8 -89 -76 712 -4 -45 -75 8032 4164 7747 1667 3966 -26 6784 3154 -24 3478 1007 -100 1764 1686 5765 -3 114 -86 -97 -61 -77 -91 9180 -28 7483 -64 -38 -39 4897 -76 -86 2168 -82 -27 -33 9737 5689 -76 -53 6749 -2 6842 -9 -1 8208 -77 -5 2873 -41 
-84 3865 7675 9110 7330 2434 -53 -16 1691 -24 3012 3710 8979 8936 -42 2967 -25 -49 6855 -18 8478 4287 -42 -95 7072 -12 4187 9366 9958 4059 -16 7633 9847 1569 5530 5844 3461 6368 6433 4047 -8 7758 9524 4069 9354 -94 -85 208 -26 -64 -31 -19 -38 -98 8637 -26 9189 -29 -98 -30 472 532 -82 5370 -66 5840 1339 -2 2595 -76 6950 -42 -61 -14 -11 4392 6101 -47 348 -74 1277 -65 1970 8433 -86 -84 -19 3989 5380 3127 1603 7375 -77 -19 6308 -49 5713 113 -82 4296 
7573 7445 3978 -65 -98 3723 -76 7105 1155 -35 3508 -72 4344 5329 -71 -56 3463 -82 -98 6751 1278 -13 -4 4239 1364 -23 -70 -10 -86 6682 3726 -75 -89 744 -25 -77 -46 8589 3600 -46 2300 -38 2964 3918 -32 -37 -69 -42 956 495 5579 7155 718 9175 -28 -81 7415 4377 -13 6996 -6 426 7647 5879 -5 2211 -44 -87 -15 2057 5743 8385 3966 -6 -18 2022 7671 1576 4028 -73 4645 6647 -38 -73 1330 -82 402 7845 -57 9278 255 -12 6394 -45 -71 -76 7702 -77 3389 5588 
-51 -71 5807 -62 -65 8398 -17 -61 307 6598 9932 4090 -77 -91 6557 343 -71 5789 -51 2539 -11 6048 9621 -47 6908 -73 2651 -36 -79 3393 4429 7149 -67 -55 -84 3132 -84 -84 7799 -64 -70 1133 -69 -18 4370 -96 -97 6119 -53 9683 -7 4972 -31 434 9921 7541 285 6847 -61 4001 -47 -78 5973 -88 -65 -83 -32 -56 -34 -82 -57 3293 -78 -84 -51 -96 2724 1898 -49 4492 -100 -85 2726 -97 1665 -50 -27 -97 5738 -32 -26 724 4386 -68 -80 4620 7813 -80 -54 -91 
-12 2642 5097 1293 -86 -6 1907 4496 -44 -83 7606 -63 7311 -45 -76 -48 9097 6916 8254 -63 -68 2414 5752 913 -93 -34 -50 -100 4616 -70 -87 4098 -68 -3 -64 -63 1580 -52 -73 7188 1271 4818 4879 3126 -85 -35 9298 -67 -90 -55 -90 1319 2686 -59 6456 -70 -98 -91 -30 -51 -91 -90 -97 -8 -49 -46 -54 -58 -14 -67 -91 -1 -34 -6 -21 -72 -59 -29 -85 -99 -40 -36 -82 -28 -62 -31 -11 -40 -11 -21 -32 -83 -6 -6 -79 -38 -23 -68 -4 -12 
