50 3 12 3
34 -13 59 
94 92 -7 
-23 123 -13 
-10 7 58 
21 24 -30 
-1 -23 149 
-46 -2 148 
-23 73 74 
142 -35 -38 
-25 -10 36 
-28 148 -43 
-11 -29 0 
147 -22 131 
75 128 34 
-17 -15 -47 
104 -41 6 
40 -26 111 
-46 20 -25 
143 118 -38 
147 -48 108 
46 37 -8 
13 -31 -37 
-39 21 96 
41 92 101 
-27 151 24 
83 39 -42 
-19 -21 13 
-6 -30 -19 
79 -10 22 
-26 -36 -21 
-24 -44 64 
-20 -28 -18 
-4 125 49 
138 -4 -23 
9 12 -27 
58 150 -37 
42 142 111 
-36 10 116 
-1 145 -25 
-17 -35 -28 
29 -9 104 
90 33 49 
-41 31 144 
-25 -18 82 
117 146 -30 
-30 -4 -42 
-25 103 42 
128 72 -4 
7 49 -18 
-7 -45 106 
