50 50 12 26
-27 -19 -29 -45 -11 -2 -45 -45 -36 -2 -24 -22 -39 -13 -36 -41 -44 -44 -49 -23 -43 -25 -42 -11 -40 -16 -48 -37 -42 -2 -13 -36 -35 -23 -10 -41 -47 -2 -49 -36 -15 -25 -22 -16 -40 -7 -32 -43 -29 -27 
-13 -20 -7 -22 -7 -31 -17 -11 -38 -37 -25 -45 -15 -21 -42 -48 -16 -17 -42 -49 -45 -26 -45 -37 -3 -19 -30 -2 -50 -34 -28 -29 -34 -30 -11 -22 -29 -37 -9 -49 -31 -5 -43 -34 -3 -23 -42 -24 -31 -41 
-38 -32 -10 -17 -4 -8 -21 -20 -31 -9 -10 -41 -11 -22 -50 -25 -42 -49 -22 -44 -11 -29 -17 -41 -47 -30 -14 -3 -27 -37 -16 -34 -21 -24 -19 -29 -37 -23 -45 -5 -23 -37 -7 -40 -6 -17 -34 -46 -5 -20 
-38 -31 -12 -6 -44 -49 -16 -32 -14 -12 -3 -45 -13 -6 -8 -12 -4 -18 -13 -41 -2 -44 -18 -23 -4 -48 -5 -36 -37 -14 -28 -3 -16 -16 -39 -40 -20 -49 -36 -31 -39 -47 -35 -40 -31 -6 -1 -2 -23 -44 
-17 -17 -3 -47 -46 -50 -38 -27 -38 -35 -28 -5 -17 -20 -11 -35 -18 -20 -37 -17 -21 -33 -27 -12 -3 -9 -36 -41 -50 -13 -12 -6 -38 -35 -25 -44 -26 -49 -26 -25 -41 -4 -4 -14 -16 -27 -7 -40 -14 -31 
-27 -23 -48 -30 -4 -39 -7 -14 -15 -5 -36 -24 -15 -37 -22 -9 -41 -10 -41 -32 -17 -30 -33 -46 -38 -25 -38 -40 -47 -7 -27 -8 -20 -46 -50 -4 -26 -14 -36 -8 -2 -31 -38 -50 -16 -49 -33 -7 -14 -21 
-31 -14 -10 -34 -22 -41 -28 -50 -10 -23 -19 -46 -5 -31 -25 -25 -50 -10 -8 -33 -49 -6 -18 -37 -23 -44 -48 -50 -35 -39 -39 -14 -2 -46 -18 -16 -23 -32 -50 -34 -5 -14 -32 -24 -25 -11 -33 -14 -38 -22 
-28 -46 -14 -25 -48 -35 -1 -11 -4 -38 -6 -24 -39 -12 -38 -30 -15 -33 -25 -10 -28 -1 -24 -22 -27 -20 -27 -47 -1 -14 -27 -9 -47 -44 -27 -11 -39 -50 -16 -41 -41 -20 -37 -21 -29 -34 -12 -47 -38 -24 
-28 -9 -27 -31 -47 -39 -26 -16 -17 -41 -44 -36 -4 -43 -11 -9 -14 -32 -37 -7 -5 -26 -12 -28 -49 -14 -16 -1 -3 -41 -44 -37 -13 -5 -23 -47 -30 -42 -8 -38 -29 -16 -18 -35 -2 -38 -26 -25 -30 -23 
-47 -27 -4 -30 -34 -13 -24 -5 -15 -5 -25 -32 -37 -27 -8 -31 -29 -17 -26 -31 -2 -36 -13 -9 -49 -33 -21 -29 -10 -41 -19 -23 -8 -44 -17 -16 -35 -16 -25 -1 -9 -27 -29 -32 -46 -31 -6 -11 -5 -34 
-38 -29 -42 -45 -34 -34 -24 -44 -22 -1 -35 -34 -42 -6 -3 -40 -10 -2 -15 -15 -47 -42 -47 -31 -32 -3 -20 -29 -30 -15 -2 -49 -16 -39 -39 -41 -4 -20 -26 -37 -21 -37 -7 -15 -46 -50 -6 -35 -23 -4 
-46 -27 -34 -9 -9 -49 -17 -32 -28 -48 -15 -27 -14 -16 -24 -48 -12 -31 -38 -5 -26 -10 -49 -40 -19 0 -19 -37 -47 -49 -23 -43 -26 -18 -34 -35 -25 -29 -34 -45 -18 -43 -13 -47 -50 -24 -1 -1 -29 -39 
-44 -13 -29 -20 -20 -8 -12 -48 -11 -9 -37 -25 -47 -23 -26 -17 -28 -44 -34 -8 -5 -7 -24 -45 -21 -11 -42 -20 -33 -41 -50 -17 -6 -7 -21 -21 -31 -36 -47 -13 -50 -44 -4 -14 -10 -28 -26 -15 -15 -39 
-30 -33 -40 -38 -33 -37 -20 -17 -41 -14 -20 -21 -28 -41 -18 -11 -19 -43 -11 -31 -12 -11 -2 -35 -15 -36 -39 -19 -29 -25 -10 -12 -14 -17 -18 -39 -45 -27 -43 -32 -33 -29 -3 -6 -1 -27 -40 -10 -20 -6 
-49 -3 -41 -20 -49 -28 -40 -26 -36 -7 -23 -19 -33 -11 -26 -17 -15 -18 -40 -25 -3 -31 -22 -7 -23 -38 -14 -10 -8 -24 -25 -7 -26 -4 -45 -28 -33 -48 -40 -45 -11 -13 -31 -36 -46 -39 -46 -7 -33 -28 
-3 -36 -40 -9 -21 -24 -2 -39 -13 -33 -2 -18 -18 -21 -8 -5 -43 -43 -38 -13 -28 -40 -22 -31 -33 -43 -2 -44 -29 -21 -7 -20 -26 -40 -34 -46 -42 -37 -28 -33 -20 -50 -11 -9 -6 -40 -21 -25 -23 -5 
-3 -30 -50 -42 -14 -19 -9 -7 -44 -24 -45 -21 -46 -34 -11 -50 -8 -33 -49 -36 -11 -34 -7 -24 -24 -19 -37 -41 -2 -49 -8 -50 -24 -50 -36 -47 -46 -9 -46 -49 -42 -20 -5 -43 -8 -46 -45 -9 -14 -34 
-23 -25 -34 -2 -40 -2 -29 -3 -45 -2 -21 -8 -45 -39 -8 -21 -15 -15 -4 -21 -7 -19 -14 -29 -13 -5 -6 -5 -50 -46 -36 -37 -19 -29 -13 -35 -27 -11 -28 -28 -31 -33 -45 -17 -21 -39 -6 -35 -15 -22 
-34 -28 -25 -32 -2 -7 -39 -34 -44 -38 -46 -9 -22 -22 -12 -11 -12 -32 -45 -10 -34 -23 -2 -49 -11 -41 -35 -29 -48 -15 -28 -28 -4 -23 -48 -27 -35 -48 -21 -17 -1 -24 -2 -1 -19 -14 -37 -47 -41 -44 
-19 -18 -49 -23 -42 -7 -9 -6 -37 -14 -21 -43 -12 -6 -22 -32 -1 -14 -13 -2 -45 -43 -42 -7 -20 -34 -17 -47 -7 -23 -50 -36 -9 -11 -48 -7 -10 -46 -39 -11 -48 -10 -15 -15 -22 -19 -4 -36 -34 -13 
-14 -20 -43 -9 -32 -34 -34 -16 -12 -18 -46 -28 -45 -47 -37 -13 -17 -23 -7 -6 -2 -45 -22 -33 -43 -34 -25 -43 -50 -9 -12 -34 -1 -29 -5 -10 -2 -49 -13 -45 -8 -4 -2 -44 -5 -37 -38 -27 -25 -6 
-10 -26 -14 -31 -4 -41 -30 -7 -41 -20 -14 -10 -4 -44 -39 -17 -4 -26 -33 -27 -42 -43 -25 -37 -6 -48 -8 -49 -5 -34 -47 -45 -6 -44 -44 -36 -40 -16 -26 -26 -28 -44 -18 -15 -5 -7 -44 -19 -4 -43 
-5 -40 -16 -25 -29 -43 -42 -21 -1 -48 -36 -6 -16 -12 -37 -9 -26 -30 -24 -20 -15 -39 -27 -21 -12 -48 -4 -24 -30 -14 -9 -8 -30 -35 -25 -35 -30 -2 -37 -49 -28 -22 -27 -48 -14 -3 -7 -45 -50 -4 
-37 -41 -45 -1 -37 -30 -31 -29 -8 -10 -2 -21 -30 -22 -45 -37 -20 -38 -27 -34 -26 -50 -41 -27 -43 -49 -10 -13 -2 -44 -26 -22 -10 -21 -34 -28 -50 -1 -43 -34 -23 -6 -47 -39 -21 -32 -32 -37 -33 -27 
-22 -39 -24 -17 -2 -35 -17 -11 -22 -38 -9 -12 -44 -30 -43 -24 -34 -43 -39 -24 -22 -21 -49 -31 -16 -16 -37 -33 -41 -3 -17 -37 -21 -18 -35 -30 -11 -8 -24 -31 -7 -18 -48 -42 -32 -43 -39 -10 -41 -33 
-17 -16 -16 -9 -47 -11 -42 -28 -7 -28 -13 -22 -20 -22 -32 -43 -8 -35 -42 -44 -19 -2 -14 -47 -43 -15 -22 -27 -45 -17 -9 -7 -20 -20 -3 -11 -49 -22 -34 -6 -4 -19 -47 -19 -11 -12 -8 -30 -11 -37 
-13 -30 -6 -24 -50 -29 -11 -24 -18 -39 -37 -8 -11 -15 -19 -34 -38 -50 -40 -43 -25 -43 -31 -32 -29 -40 -47 -20 -47 -36 -18 -3 -27 -37 -5 -30 -34 -39 -19 -32 -34 -2 -41 -7 -14 -13 -35 -27 -42 -3 
-38 -26 -17 -19 -17 -7 -26 -14 -27 -16 -6 -9 -5 -37 -33 -44 -38 -30 -34 -28 -28 -43 -36 -43 -13 -44 -44 -48 -1 -26 -1 -8 -26 -7 -34 -32 -47 -9 -39 -45 -50 -21 -42 -39 -7 -24 -14 -4 -19 -2 
-14 -28 -8 -41 -45 -1 -12 -27 -25 -9 -32 -33 -47 -18 -50 -37 -15 -19 -7 -27 -1 -27 -37 -39 -28 -43 -13 -26 -29 -11 -13 -30 -27 -35 -2 -28 -46 -21 -8 -42 -21 -15 -21 -35 -35 -22 -30 -15 -8 -22 
-15 -27 -36 -41 -18 -24 -8 -50 -10 -37 -26 -27 -36 -4 -17 -8 -35 -34 -12 -5 -12 -5 -41 -1 -6 -28 -19 -2 -42 -12 -15 -23 -28 -17 -19 -2 -9 -32 -13 -7 -36 -3 -34 -2 -34 -25 -15 -10 -44 -46 
-44 -23 -12 -6 -13 -36 -21 -28 -43 -42 -10 -17 -10 -2 -15 -42 -2 -8 -28 -32 -37 -40 -20 -13 -43 -43 -17 -37 -42 -45 -35 -40 -41 -11 -13 -43 -41 -7 -43 -3 -39 -25 -40 -18 -50 -38 -18 -1 -40 -5 
-7 -36 -20 -9 -7 -13 -14 -47 -22 -13 -18 -39 -15 -38 -7 -8 -10 -26 -2 -2 -43 -4 -14 -9 -39 -18 -28 -6 -22 -13 -29 -43 -12 -40 -44 -18 -44 -27 -35 -28 -46 -21 -9 -10 -15 -18 -2 -38 -22 -6 
-3 -13 -38 -38 -18 -14 -22 -27 -45 -48 -50 -7 -7 -12 -13 -33 -37 -10 -30 -22 -37 -32 -39 -45 -44 -3 -46 -27 -45 -50 -10 -4 -15 -8 -31 -12 -43 -11 -24 -37 -49 -21 -5 -44 -18 -32 -6 -5 -8 -30 
-42 -47 -17 -30 -44 -23 -43 -38 -40 -20 -11 -16 -41 -26 -16 -24 -42 -5 -42 -43 -25 -14 -7 -14 -6 -38 -1 -11 -36 -14 -14 -11 -24 -36 -10 -8 -8 -27 -21 -25 -34 -18 -22 -29 -18 -26 -27 -14 -46 -44 
-16 -25 -6 -29 -24 -8 -29 -4 -33 -21 -6 -28 -32 -15 -49 -28 -1 -5 -10 -26 -35 -38 -9 -47 -37 -45 -10 -38 -6 -19 -47 -43 -11 -9 -28 -12 -7 -4 -9 -35 -43 -50 -25 -6 -1 -16 -7 -48 -22 -38 
-36 -34 -4 -43 -8 -9 -40 -11 -43 -38 -10 -41 -33 -45 -32 -36 -28 -5 -37 -22 -29 -16 -21 -27 -22 -27 -25 -34 -31 -4 -36 -4 -21 -5 -38 -29 -21 -43 -27 -9 -26 -17 -5 -20 -47 -28 -50 -22 -31 -48 
-44 -45 -48 -44 -15 -47 -22 -4 -44 -48 -29 -40 -22 -43 -20 -28 -8 -49 -41 -47 -17 -48 -22 -48 -39 -27 -34 -13 -13 -43 -36 -45 -9 -29 -15 -2 -19 -14 -41 -37 -37 -44 -43 -6 -44 -36 -19 -39 -37 -43 
-28 -29 -11 -48 -8 -38 -14 -15 -47 -17 -50 -41 -38 -3 -20 -23 -38 -33 -26 -19 -4 -22 -31 -40 -45 -41 -50 -13 -38 -47 -3 -14 -39 -29 -2 -15 -42 -1 -43 -26 -38 -24 -14 -24 -36 -10 -8 -29 -33 -37 
-8 -26 -11 -12 -10 -22 -46 -37 -7 -21 -20 -40 -9 -44 -1 -9 -47 -23 -42 -34 -21 -1 -32 -15 -39 -24 -30 -41 -6 -1 -6 -16 -22 -4 -32 -12 -22 -14 -27 -3 -27 -10 -28 -8 -34 -4 -49 -16 -37 -15 
-46 -46 -21 -19 -1 -4 -16 -50 -4 -46 -34 -4 -13 -44 -34 -11 -44 -12 -37 -40 -49 -1 -14 -21 -36 -21 -21 -23 -27 -31 -2 -19 -26 -25 -1 -47 -43 -36 -42 -45 -39 -35 -23 -20 -18 -18 -32 -20 -11 -45 
-10 -45 -3 -33 -47 -19 -43 -11 -29 -37 -47 -13 -4 -47 -20 -43 -45 -3 -41 -12 -41 -31 -9 -21 -12 -28 -24 -23 -16 -1 -24 -18 -36 -7 -16 -36 -13 -37 -18 -35 -42 -40 -3 -3 -3 -10 -47 -44 -30 -45 
-7 -16 -32 -45 -22 -25 -29 -14 -7 -39 -33 -13 -29 -15 -43 -4 -12 -25 -26 -37 -20 -17 -25 -43 -5 -46 -41 -29 -30 -44 -17 -33 -1 -18 -44 -45 -20 -34 -32 -23 -40 -18 -29 -23 -31 -5 -35 -41 -32 -34 
-32 -8 -17 -20 -41 -19 -42 -37 -34 -1 -43 -14 -4 -4 -2 -35 -39 -29 -9 -25 -34 -18 -16 -25 -26 -15 -43 -7 -14 -27 -8 -50 -32 -12 -20 -33 -34 -40 -17 -50 -12 -49 -7 -19 -28 -9 -44 -42 -21 -40 
-43 -48 -27 -2 -34 -8 -24 -15 -31 -38 -40 -47 -23 -29 -13 -6 -15 -18 -27 -29 -41 -14 -8 -37 -44 -8 -17 -16 -18 -41 -3 -28 -10 -48 -30 -6 -41 -38 -43 -14 -33 -12 -30 -46 -16 -13 -4 -25 -27 -33 
-38 -46 -28 -34 -24 -25 -25 -20 -39 -49 -38 -8 -17 -13 -50 -32 -32 -4 -3 -9 -16 -6 -7 -29 -39 -47 -9 -20 -26 -28 -41 -12 -19 -33 -19 -10 -36 -13 -35 -38 -33 -18 -19 -44 -49 -9 -8 -43 -21 -2 
-27 -6 -6 -16 -21 -11 -13 -5 -50 -17 -8 -12 -37 -32 -33 -5 -45 -11 -13 -31 -11 -31 -5 -25 -47 -21 -49 -1 -15 -33 -17 -19 -21 -41 -31 -38 -18 -38 -4 -1 -50 -4 -1 -19 -46 -10 -29 -5 -8 -2 
-28 -41 -6 -40 -17 -4 -45 -49 -17 -25 -10 -33 -1 -31 -18 -42 -27 -10 -5 -9 -42 -45 -19 -19 -20 -39 -6 -44 -35 -31 -1 -20 -47 -23 -37 -43 -47 -9 -11 -27 -41 -41 -13 -43 -15 -14 -28 -42 -24 -49 
-25 -33 -15 -8 -46 -7 -30 -45 -39 -22 -36 -49 -27 -37 -17 -29 -48 -14 -44 -45 -43 -43 -3 -19 -14 -39 -44 -38 -24 -48 -46 -24 -42 -13 -25 -20 -42 -11 -3 -9 -16 -20 -50 -32 -24 -42 -45 -26 -6 -21 
-11 -26 -48 -15 -12 -37 -39 -23 -28 -7 -17 -41 -32 -38 -11 -10 -45 -49 -40 -15 -1 -43 -3 -12 -9 -42 -40 -22 -33 -29 -10 -43 -6 -13 -46 -36 -42 -3 -32 -9 -50 -27 -14 -35 -13 -44 -46 -37 -34 -2 
-38 -39 -23 -48 -48 -18 -38 -47 -46 -14 -26 -27 -14 -29 -45 -21 -14 -3 -26 -45 -47 -21 -27 -50 -31 -21 -24 -33 -22 -4 -6 -37 -41 -39 -27 -32 -45 -30 -50 -27 -49 -11 -47 -14 -50 -15 -4 -46 -23 -45 
