50 50 12 26
722 680 2407 1244 1495 1244 2504 1569 245 192 321 373 742 1969 2210 622 1490 229 1761 1348 1876 1460 923 583 2441 2372 1425 688 2450 486 1365 337 1056 2279 982 1827 1124 2171 221 2036 1424 970 1028 997 90 1765 1501 852 1444 1844 
1763 2244 2252 401 399 454 510 679 2471 2359 1331 1776 1998 2433 1593 1324 1173 280 1690 2184 255 492 1584 431 2249 252 436 2380 481 1208 1274 1688 1649 1574 498 1959 207 1280 1428 188 362 2016 863 2028 228 2176 2515 1583 564 418 
814 700 1102 1204 222 1769 1750 866 1906 1983 832 869 1937 211 1760 1173 1093 2163 215 1104 108 1487 2144 1248 479 755 1562 1403 1422 1290 1185 217 643 259 86 2446 1380 1460 859 2104 1965 838 1496 589 807 2203 720 317 248 1255 
2101 1347 816 254 1102 2382 2131 1583 636 2384 581 413 1169 574 1553 1441 409 1627 454 990 380 356 2076 1821 383 1119 241 2455 487 1344 1862 1337 2217 1024 1984 675 1724 1201 1503 1289 1772 497 529 2338 1977 979 1525 1218 940 2129 
1175 1066 2140 179 1245 184 993 228 1279 1439 1083 1957 95 2103 160 1539 1507 1017 2167 548 757 1916 2356 145 2163 2075 1247 371 877 499 1278 1109 2486 251 675 1826 1204 1169 161 1857 774 812 1797 1132 1362 188 367 2124 2046 2388 
374 610 63 350 1938 514 1665 1731 901 1659 2314 1015 441 1903 595 1018 1380 230 1824 2113 124 897 684 1700 716 1456 1449 2487 1143 2015 1732 1932 1377 2126 1846 650 2130 2336 2308 1376 2514 523 2353 1288 2430 917 1356 186 322 2387 
2264 1255 1735 1792 548 270 2348 1383 123 174 1831 273 1800 2041 1962 1981 607 651 311 568 750 1715 752 2493 601 423 2408 674 384 115 1307 601 2162 1115 184 675 1820 1846 1354 1526 979 505 161 423 722 2340 2321 2120 1809 631 
431 1580 1856 686 2026 1056 2396 1021 762 525 2319 1877 1490 1722 1199 570 2543 940 118 1278 2535 1523 466 716 265 1562 2030 347 2047 2316 1481 2480 1754 2187 2241 2350 2483 2371 1582 2512 1241 1602 989 118 1207 646 2085 841 146 2331 
653 1278 768 1701 1865 1433 638 1322 1712 1341 2258 1047 376 949 1977 1272 476 374 281 1848 1675 2431 1714 1114 169 1351 1259 1788 2081 1663 934 122 1322 2125 111 2083 1824 91 224 2228 233 1033 232 74 1169 2512 186 478 2425 2461 
1410 1861 1775 1587 1357 1423 2369 80 1290 91 1082 1765 582 2390 214 655 274 2469 2530 2283 2232 459 99 1342 1073 1763 1233 839 2359 1387 912 332 1188 55 443 2150 1227 1203 1697 589 382 1219 611 1194 717 863 655 2115 1591 879 
73 2169 1202 1127 940 1025 1387 2312 1766 1611 2345 2455 260 1949 1888 1289 390 2409 2308 2197 267 762 1401 593 2232 1012 105 1926 2359 1457 1532 98 2344 850 1819 366 1246 375 285 1929 1070 1982 2275 1883 223 590 1671 2162 71 2363 
202 1117 400 735 1507 2476 574 495 705 927 2420 367 594 733 1132 1508 1488 2044 700 162 2355 1290 88 1454 605 0 1998 887 1829 1866 2336 1439 1265 173 1288 1335 897 2170 1647 604 1992 2205 1742 1301 262 1327 839 264 301 243 
2010 2134 446 852 1719 275 2363 489 2145 1485 678 1361 96 1126 1802 1197 710 255 1795 2402 2174 2017 1097 2429 2278 966 178 1858 1612 403 2508 2349 1395 2047 2160 562 2244 1335 887 1570 2449 1563 1773 1937 1003 1364 1611 2486 2243 2378 
1159 1141 641 1030 804 2544 2313 763 2024 362 916 701 2171 1936 2423 2318 2354 1237 1749 1608 464 757 561 1475 620 1502 1106 2390 1287 2314 155 1009 1868 1699 2285 1936 918 628 415 1393 650 1234 1853 1210 2059 477 1151 1254 1624 1520 
1402 858 556 2164 521 2419 477 2325 631 379 1268 1200 588 283 293 2443 785 334 976 2321 1761 1460 1646 2344 1659 1640 1982 2051 1948 244 1066 1579 2424 674 1891 1297 50 786 930 1897 1447 1224 213 93 286 1896 535 705 1309 2360 
1970 191 1526 1308 2239 1186 263 684 1492 1954 1506 269 1858 355 710 2031 2100 1815 1168 1592 557 941 569 2160 996 2093 472 1887 1608 1710 2297 2135 2211 1560 147 1164 314 2093 1589 263 2316 2183 2074 381 213 1692 894 1331 1587 2465 
1733 1781 1536 394 1044 1924 521 830 806 1698 1085 1294 1034 2071 1914 880 792 2053 211 2023 651 2400 655 785 1703 2303 1993 270 836 1787 805 2453 1579 1150 1222 1113 2167 1119 2163 253 2442 1592 2312 275 2382 1332 1641 2118 2306 236 
1547 957 1904 1546 746 1555 1485 456 415 1175 1206 104 243 1562 1042 1224 1998 572 2313 2074 1578 2042 219 2035 450 1627 1588 1634 2111 2440 858 1382 2079 897 2164 285 871 426 1548 2487 68 2376 1434 1573 1777 2546 958 1116 2484 1860 
1624 634 1351 1177 1438 2208 2225 454 692 1513 1852 1999 353 1746 794 107 2543 1088 2486 1929 2380 226 2008 620 1021 2410 237 1326 1072 1131 2490 1037 1084 2438 1646 436 1013 157 1543 192 356 527 753 335 1683 665 638 1789 1886 182 
1158 2120 2422 1839 1294 966 1434 346 808 2279 970 1742 863 1460 233 628 170 2098 2546 1366 784 2240 1305 2091 1996 1687 2390 1996 1008 1683 2249 1373 391 1829 1580 1933 1061 1288 1438 88 1632 2022 1777 2346 1423 2027 1944 2166 777 801 
1538 1013 531 1431 157 2274 819 893 1518 1778 564 814 271 1232 1987 307 1495 504 2158 2271 266 742 1101 1826 1360 361 1501 753 446 2165 2529 265 357 339 1840 1777 1654 2110 662 728 865 767 1975 1810 1114 2463 710 968 1583 1605 
989 2073 1524 926 2028 2242 144 1625 950 1038 1235 1230 2525 1036 360 370 1602 368 2299 1390 2368 2012 1798 2440 1763 2192 1497 226 501 1402 1161 1466 868 954 406 1725 1201 188 2466 2442 440 2185 708 1608 1786 1916 1940 2109 579 1677 
1995 959 135 191 164 1602 1088 2143 1191 1700 1735 157 363 1769 2314 1996 1981 652 1934 1318 2070 1191 1108 2288 551 1035 1609 2179 2223 1751 2527 2407 961 1500 1800 470 2042 1231 336 2519 1026 108 2135 1126 1201 1586 853 1067 2223 310 
1675 830 1229 785 439 142 1606 1418 820 873 2106 1891 64 455 1848 882 2249 2058 324 663 1245 378 2408 258 411 1893 1835 1540 1465 1942 1603 449 2413 1832 2526 2090 2270 1536 2431 1711 1169 2104 904 483 2477 1106 1618 1591 1934 578 
1977 1716 263 608 1681 2428 2100 1301 1733 68 414 2343 1593 161 1311 2172 2399 631 918 1480 1070 714 2545 477 1504 390 1243 680 1418 2340 2367 531 575 790 2213 1234 1003 1166 125 584 1172 560 229 1191 1764 1853 913 342 1488 1673 
1217 1964 692 2315 498 54 2538 1514 1079 1066 763 212 60 1345 2537 2072 1129 1525 515 200 1442 403 2157 107 679 921 442 361 539 482 1217 1075 1735 484 127 2477 551 2033 1019 308 2451 2091 2032 2469 1912 1328 2287 2517 2445 2271 
2394 63 2409 1049 2093 1520 2412 2532 1333 982 584 404 1644 2319 593 89 1345 416 951 1130 719 1494 1531 2093 1880 235 1205 68 2394 651 2105 136 1620 908 793 725 1455 1352 1917 1153 2516 1672 2293 656 1522 2192 2489 1319 2153 1110 
1863 2140 379 346 1780 1019 1988 2124 2539 455 537 1987 1723 1491 1522 97 2427 1081 1874 824 783 846 2238 1554 2265 2355 2428 682 1252 1405 2212 2548 594 1171 1225 952 2292 2143 1317 1951 541 410 2396 1904 654 1956 2416 559 1273 2374 
950 598 1797 999 1391 2506 1732 2528 810 2524 1997 2169 957 914 2204 1437 2080 2159 2208 655 1199 1185 2244 1710 501 1477 2458 2134 342 1726 803 91 63 125 1217 564 1257 1520 2315 1186 2388 320 1512 2542 1578 2194 2250 1475 319 2496 
520 2249 897 2245 1777 2267 2510 108 1146 1134 703 343 1679 2143 1443 575 1622 570 1089 2069 2529 258 1680 2293 2234 1690 1747 1946 1914 2092 878 433 695 2014 987 363 1600 1607 608 2428 828 1026 1514 2218 1947 886 1042 1659 418 1525 
422 1286 1113 389 1959 2394 1477 2410 631 1857 200 2363 1263 2116 625 1747 216 2170 1536 1912 2003 534 764 1089 2074 1040 1233 2289 155 1324 868 702 2045 51 761 591 1174 330 1214 1425 2513 1437 692 544 790 597 70 713 1335 1809 
1178 2207 2532 990 1475 689 2379 595 464 1406 789 570 2393 96 1001 1977 238 1919 63 971 105 1544 576 1261 2515 1229 220 1490 2539 1526 752 1577 1429 2157 1444 1552 465 2344 1864 2473 2504 1538 80 773 1317 1348 334 657 2163 767 
1899 2462 2137 1025 1361 1896 2536 948 1147 2420 570 972 1866 113 860 2172 2425 1950 2506 2380 1185 844 69 1367 1562 416 484 2294 1928 1460 874 1077 1541 546 1881 96 2188 2194 2372 1282 1190 2165 853 1482 122 2341 598 934 2326 265 
481 1406 1485 2291 552 940 1209 2234 1246 845 2443 82 1995 2165 52 1786 1024 1750 1182 1896 791 2092 253 988 1846 1714 1519 2105 704 2448 569 2520 2079 2132 871 576 2254 1195 2323 1294 1385 330 1534 1931 1450 728 1407 1459 2521 618 
2174 889 2200 921 1013 1607 136 116 2236 889 1088 1133 1743 1725 2473 885 1276 481 501 711 582 739 1661 956 1418 544 243 2441 553 692 1621 1276 1375 584 214 1578 1438 1651 2016 755 2428 987 1788 1246 312 126 389 426 365 731 
956 418 1302 1250 1097 308 1779 1698 700 1614 773 1895 2412 2303 924 919 626 926 383 174 1115 1730 648 1746 2092 2125 1165 2303 1339 802 241 294 706 1046 1611 1007 2040 260 1090 1566 770 187 2502 432 1798 2508 1751 2452 2082 188 
805 2169 1040 1140 870 2214 260 1480 1273 729 607 1147 1700 861 775 2481 2257 1162 181 1564 1372 865 2349 694 1520 1467 700 1765 709 1565 1316 1345 1649 1667 787 790 500 2076 87 1118 1845 1505 1489 2294 926 1866 1964 1232 1300 1733 
1426 873 2409 1784 1324 1509 244 2446 1981 1972 387 1122 391 1922 366 707 840 55 2008 960 1820 88 640 1504 1726 1863 1728 2149 2127 144 1773 504 482 448 2495 156 2529 1235 1192 1826 266 2358 554 1630 1951 874 1537 1497 1802 247 
1432 1947 2001 702 168 864 1688 2007 2223 1447 149 845 1497 2489 1826 2366 1757 126 593 1383 1131 1141 631 2375 2160 591 1422 497 1047 1764 2096 762 2531 216 940 2016 2460 1444 1658 1328 1557 1411 773 1235 1915 367 1505 1554 2008 141 
1931 2158 353 526 1537 2026 300 167 2398 436 1396 480 1074 1939 1453 222 2343 147 1537 614 272 1111 2326 1113 1030 1620 1916 262 1482 475 1933 1703 796 821 2514 733 349 1420 232 621 2015 1253 1866 1743 1253 736 971 1617 382 571 
1952 1845 814 89 171 77 1399 2046 914 595 416 148 537 179 2083 1063 1309 2254 2105 2023 2533 2006 2482 2054 1327 788 316 2150 1767 2176 2289 259 2407 1668 335 547 2108 866 1248 197 2532 1572 417 1877 1193 2326 1408 252 1240 66 
1986 600 2159 1895 1669 270 2521 1134 1560 563 443 2162 1521 517 861 2377 607 1729 1057 2311 1312 2462 579 268 2521 479 1254 2509 2064 1180 1049 1097 1155 460 2276 1866 2254 133 1796 1638 995 1854 1353 523 1641 1353 2515 2198 1797 359 
137 405 842 2040 1855 1536 187 1760 114 1136 487 2279 870 2252 337 1168 161 1966 1312 1420 1954 2271 1186 920 2393 1812 1527 496 863 2284 1982 2426 1442 1059 859 2388 1548 1521 794 2032 1330 1745 295 1345 2421 1894 2042 695 197 1297 
1933 2338 1877 1001 2254 342 1278 2309 366 747 880 431 1637 373 1659 280 1385 1624 769 1685 1435 1125 417 1919 1634 2303 2176 1391 2031 2484 1432 604 2222 1062 1827 1807 150 2492 1202 1654 2130 2429 1227 361 2258 135 1924 1783 2418 1764 
1423 776 701 1085 146 349 1162 2144 1946 336 1126 475 2459 2383 187 1171 769 562 749 1306 860 2102 2209 933 2220 1890 1427 1616 1431 328 2149 1923 1602 1601 902 2051 124 2542 353 2187 2058 2038 1720 2162 1295 712 108 584 2180 2235 
2496 2117 1171 2534 1756 1513 1721 1539 1362 202 1466 575 2135 720 1149 509 1405 630 951 2325 2475 276 1250 1705 2195 1949 197 710 1381 166 1780 2110 1470 1588 191 2426 1128 1353 1657 1862 2512 2339 772 1270 2427 2486 609 434 930 2327 
1969 2100 2010 1486 1598 2126 494 975 1298 1602 661 388 786 1615 1382 944 1850 383 338 956 1849 68 2003 2483 1356 2514 2167 1081 869 2096 1914 920 1634 952 929 133 797 2144 402 1794 86 633 1924 112 2093 162 159 816 1602 451 
915 302 858 253 1560 1657 860 2301 878 1428 1592 1658 589 1133 2231 502 2024 318 982 320 2346 1027 1621 964 1515 2494 297 749 1171 737 180 488 1017 93 447 183 2178 65 1893 2316 142 1556 1719 1933 621 2001 104 618 1422 2180 
1196 427 555 490 193 1142 2222 2482 2033 1629 609 1015 1727 986 1099 1034 1332 118 1823 346 508 2417 348 930 2526 450 2499 823 142 2449 1471 2504 625 1576 69 1238 565 963 981 2414 2331 1193 151 311 1588 2411 349 1345 1421 2245 
2252 925 1195 1509 530 1462 659 986 2299 580 305 234 1826 2103 1876 107 548 536 324 1051 929 2017 1877 1624 2452 901 1298 1507 2259 1941 898 1460 2146 1907 782 1674 996 1615 548 593 1995 2442 282 1294 1048 890 779 464 731 2078 
