100 100 12 76
0 -77 6472 0 6330 -29 0 9857 2444 7995 0 -61 -2 -95 0 -45 5054 -86 3119 -28 -33 495 0 5392 5621 773 -89 6492 -63 -86 3919 4410 6272 7990 -94 -94 0 5429 -99 0 -23 -93 4974 0 -92 7960 -40 0 -66 -48 0 -87 -92 -52 0 -63 -86 -85 0 0 4722 -10 0 -41 -47 0 0 -2 0 -99 0 9950 0 0 -15 -25 -72 5936 2715 637 -90 -57 0 -32 0 0 0 4579 1932 8677 0 -93 0 -29 -27 2562 0 4321 -16 -7 
-72 -57 -81 0 0 0 -17 -11 0 0 -38 4086 0 7824 -95 2164 -71 7941 0 0 5190 8565 -17 8001 -92 6702 0 0 0 0 7894 3694 -76 0 3563 0 0 9494 0 0 -37 -3 -19 -30 -52 0 5799 -34 -78 0 -79 5954 6010 0 6329 0 -11 0 0 4921 4759 -79 -87 7681 8576 -63 -99 9883 3193 0 -5 -43 7624 -21 0 -23 -92 7323 0 5580 3340 0 -38 -32 0 0 4384 -10 0 0 555 -55 0 -58 9378 -21 0 3134 831 4499 
552 5886 0 -20 0 0 4730 0 5931 7408 -60 0 2524 8388 -11 -72 -100 3124 -92 -49 0 0 -22 6044 407 2530 0 7828 0 388 -10 712 0 -29 4016 -91 0 -97 0 0 0 -30 -64 0 -3 0 4078 5478 4376 -87 -66 8133 1114 5818 -71 0 -24 -69 -29 0 0 -87 6450 2202 -79 0 -95 -55 5472 -37 0 8757 8500 1716 3806 -90 0 0 -6 -17 -84 6682 -46 -55 -70 3837 0 -81 -62 0 0 0 8510 -22 2323 0 7143 0 4363 -4 
-66 2204 0 5258 -17 0 -64 -62 0 -53 -95 7448 0 0 5979 6555 -58 -12 8112 7803 7872 0 -13 2590 -2 0 0 0 0 0 0 -94 0 417 1293 5559 0 0 0 -4 -98 -55 0 -36 0 5136 -64 -78 9896 0 0 -3 8150 7910 6759 9254 8915 -16 -89 7996 0 6139 0 0 -20 0 570 -88 -36 9453 -65 1470 0 -35 0 -90 0 7180 2555 0 -1 -2 0 2647 0 -73 0 -44 -67 -17 504 2202 0 0 -97 -96 0 9782 4281 -11 
8413 0 1286 -38 0 -27 -38 -35 0 0 0 -28 0 0 6181 0 -5 1483 -17 2319 -61 0 0 6124 3103 -32 0 -20 0 -37 1054 0 358 0 -67 0 0 0 -21 5780 0 5756 -47 -27 0 -62 8621 733 0 7269 0 0 0 0 0 -91 0 0 0 -100 0 -63 5441 0 0 0 -12 605 -88 -85 0 0 0 -75 0 8712 2687 -44 0 -26 4417 -99 7586 0 -26 1325 0 0 3424 7451 -41 -54 -4 -14 0 -16 -27 -7 -40 -14 
0 -81 -77 8572 5997 6029 -54 -39 -57 -14 0 -65 -5 0 -86 0 0 1929 8025 -24 2418 0 0 -37 0 0 -72 -9 0 1890 0 0 4229 0 -91 2325 -82 2116 4240 0 -83 0 0 0 7495 384 0 6943 -88 0 -75 3087 -40 0 0 7133 0 -97 -7 0 0 -27 0 8957 0 0 -70 5145 -100 -54 310 8039 0 -36 -58 8057 0 -52 2067 0 0 -88 0 0 -100 -66 -99 0 0 0 6507 0 0 8866 0 9706 -64 -21 0 0 
-31 4363 -10 9125 -34 7447 5771 0 0 -91 -78 949 0 0 7578 0 0 0 2259 -73 0 0 4986 5501 6375 -70 7732 -55 -31 2319 -75 361 8757 0 -25 -50 6524 6662 3547 2282 7762 -25 388 5767 9274 9096 -73 -44 3983 0 5774 -100 0 0 -85 0 2138 0 0 8838 -64 0 0 -2 0 -46 0 0 0 0 -18 3315 0 -23 -32 0 0 0 -100 6801 8359 0 0 0 -55 -14 1581 7065 5891 -80 0 -11 3853 0 -64 -38 9699 2068 0 0 
7730 0 5480 3674 -72 -51 4213 274 6797 1384 -51 -61 159 1466 -54 759 -88 -6 0 -24 -39 2899 -62 0 0 4987 -80 2293 -15 1674 -33 -75 8832 -10 2777 -1 -74 0 0 -72 -27 -70 -77 -97 1300 9280 -23 0 0 -27 -9 -47 0 -44 -77 5014 -61 -39 0 0 6023 -100 0 4753 -66 2588 -91 8140 6867 7756 0 386 -87 -71 -79 -34 0 -12 7346 -38 0 -24 0 0 -78 -59 0 1901 8626 -81 0 0 3592 0 -89 -26 0 -66 0 0 
0 0 -67 0 -41 0 0 0 -44 0 2385 0 5374 -4 0 0 0 0 0 8681 573 8600 0 -61 4252 1358 0 -14 -32 0 -87 0 0 1257 0 -7 254 0 -26 0 5661 0 6168 6550 -49 -14 -66 -51 6502 0 -41 4943 6201 -11 -13 0 0 4808 6324 0 784 -55 -73 0 -97 -80 1691 0 7607 -38 0 8292 9220 0 -79 0 7265 -18 5334 -52 -38 0 0 0 0 -26 0 5974 0 -80 0 0 -73 0 5885 0 2754 -47 -77 0 
-54 1929 0 -34 695 311 0 5873 6422 4690 0 9671 0 0 9270 -15 3659 6281 0 -75 0 3630 -82 0 0 0 6336 4076 0 2106 -66 -40 9778 0 0 0 7021 0 1562 1075 9619 8727 -81 -2 -86 0 -63 2940 8472 7349 -31 1170 -79 5043 0 0 0 6890 5218 -23 -8 0 2578 0 0 0 10035 -94 0 8073 0 0 0 5916 6416 5565 8112 0 -35 3115 0 0 -75 0 -51 0 -59 0 -27 0 -79 -82 -46 0 0 0 9980 -6 0 -11 
0 0 3504 -34 0 4337 -79 9491 4700 -3 -84 0 9983 0 -24 -94 -72 -51 3132 10062 -84 2441 0 -6 8252 1989 -60 -2 218 -15 0 -65 0 2407 0 1246 0 4135 0 6691 246 -81 0 -32 0 -53 0 -20 0 7578 6518 -47 -65 0 8451 0 0 -99 8715 -89 0 2833 0 1288 -91 0 0 -4 -70 7672 8412 7641 -71 -37 0 0 -7 0 7097 726 -65 -96 -50 0 -56 0 8927 -29 -23 0 0 -4 -46 -27 0 724 0 -9 0 4708 
0 0 3648 8375 0 -17 -82 -28 -98 3464 0 7264 369 -60 -38 2751 -24 0 0 -48 -62 0 -31 0 -88 -55 -76 7559 0 0 -49 -90 0 1538 -19 0 -19 -87 3296 0 0 0 3363 0 0 1834 0 0 -99 -23 -43 7672 0 4275 -68 0 9440 9830 0 0 5141 -83 -75 0 4428 0 0 0 5433 0 0 0 7033 432 -95 0 -18 0 0 -93 -63 7501 -97 0 2369 0 -50 -24 0 5012 0 336 0 0 -1 -79 -89 -44 -63 -29 
-70 0 -70 2662 -76 -12 0 0 0 -48 -61 -9 0 0 0 -87 8761 -84 0 -23 0 0 3525 0 3187 0 -17 0 -28 0 -44 0 0 0 -84 0 7707 -5 0 -57 -24 -45 0 4769 5180 -21 -61 0 0 7590 5191 2132 3515 -70 0 6182 0 9740 -50 0 0 5464 0 -17 -6 5524 0 -7 0 -21 -21 5030 -86 0 4583 4482 -97 0 909 -26 149 0 2692 0 0 0 0 7123 0 -94 -54 0 0 8513 -10 -28 8478 0 -26 9759 
7787 -65 1812 -15 0 0 2338 0 0 5155 -80 5893 9350 0 2427 0 7403 -83 4888 -40 0 -88 5732 -37 7469 1211 2344 6467 6763 0 0 6355 4265 -17 0 -41 9268 0 5050 4463 -70 0 2402 -21 -78 6840 7075 0 -11 2737 -28 1342 3566 3261 4645 -31 0 -12 0 0 5510 -52 -85 -15 10081 -86 -89 -19 7539 0 -79 0 -75 9102 -60 0 -12 0 0 0 0 -14 0 -17 567 0 -39 1512 -95 -77 -43 0 2801 1193 -32 4482 0 0 0 -79 
0 2062 -3 205 0 -1 -77 -40 4759 -20 0 0 7957 -6 8308 -49 -53 -91 0 0 -70 9563 0 0 3669 716 0 -78 0 0 7496 -40 -76 5585 0 -57 8027 0 2120 3982 -11 9575 8733 5473 1190 0 -67 -15 -18 3321 0 -90 6326 -25 -3 -81 5121 0 0 0 4763 -57 -23 5452 -88 6862 5800 -64 6485 -10 -8 0 0 -74 9976 6174 5995 0 0 6455 6877 0 -76 4820 -4 1806 -45 1483 -28 2232 0 0 0 8008 -48 -90 8914 -95 -11 1400 
362 0 0 4755 7540 -57 0 -46 -39 2904 -96 -57 -33 0 1255 0 0 0 -53 0 3948 1737 8629 3716 0 4686 2839 -59 2515 323 0 -2 -39 -13 -33 0 0 0 -52 -68 0 6797 0 -18 4370 -58 8297 6204 0 3942 0 4455 8442 7601 0 -88 -63 7677 1689 -72 -31 0 -33 0 2042 5651 0 0 5443 0 -79 0 -71 9234 0 846 0 0 1752 8469 525 4763 0 0 939 0 9245 -29 7935 6378 2711 -92 9721 -86 0 0 0 -78 3602 -83 
0 -70 4899 -61 -59 0 1460 0 0 505 3595 9802 0 -71 -25 9067 -23 7147 0 0 0 0 -55 -3 -80 -50 0 2391 -64 1966 5328 -13 0 8708 -7 0 0 8262 -53 0 -45 5445 -21 5008 4699 0 0 7795 0 4047 4310 -50 -58 -33 0 0 1162 9494 0 7685 0 1737 8170 0 -61 5083 -57 8163 -74 -24 3887 -19 0 0 7053 0 -37 -91 -52 0 -49 -58 0 2714 -50 0 0 0 -24 1249 0 -36 -47 0 -96 9443 0 4778 -46 6018 
7241 1241 0 -42 7080 -20 6654 0 -43 -8 -46 -95 0 10044 9613 0 1513 0 -84 0 0 -23 0 4074 5712 -34 1705 1401 9371 3836 0 0 9823 -18 0 -29 -3 9668 0 9754 2487 3499 0 -2 0 -21 0 -8 0 0 -45 -89 0 0 6557 6161 2975 1220 -15 0 -65 -4 -21 5316 2206 9740 -69 0 -14 2537 -79 -13 -55 0 0 0 305 0 0 2059 0 -55 8718 3349 -76 0 4585 8886 1868 0 1228 815 -69 9487 193 -85 8703 -96 -61 9159 
5977 -78 -81 -33 2301 2554 -95 -17 0 0 8020 0 2852 6758 -6 1106 0 0 9364 6021 0 0 0 0 4819 -62 0 -28 0 0 -25 0 0 4675 0 0 0 0 6231 5779 -52 2518 7450 0 1188 0 583 543 0 0 -38 0 -96 1535 5684 1926 9621 -72 -12 7960 -12 0 -32 4694 3359 -34 0 0 8932 -73 4101 8848 0 0 -11 -91 0 0 0 0 0 494 2116 -14 -98 8129 0 -15 9874 6374 -28 0 -54 0 3741 -73 9828 0 -48 6586 
6880 0 8747 0 2847 2424 0 -17 0 -51 0 -24 -2 6455 0 4700 0 -19 0 -14 -87 8796 0 6035 -91 -44 -69 604 0 -18 9710 3970 -99 0 -73 0 0 5341 8026 7658 9439 2336 513 0 6384 -56 0 -87 7992 0 3954 8006 5519 -43 -12 968 -6 0 -72 1184 -82 0 0 0 4250 3665 -64 0 6312 -2 -45 3142 6107 6891 -7 6119 -84 9310 -17 -47 -57 0 9193 5922 0 8787 0 -86 -59 3460 0 4547 0 9285 -57 0 0 -60 1245 -22 
0 -89 3110 0 0 5247 -10 -65 5614 0 -22 0 9193 3139 0 -54 0 -86 6767 4333 0 0 9124 0 0 0 5731 5463 0 -20 0 8342 1744 -59 -82 0 3137 9915 8433 0 0 0 8531 0 -84 -16 0 0 3086 0 -68 -96 0 744 0 0 7094 8824 -97 -37 0 0 -13 0 -67 0 0 -73 -7 8398 -23 8651 2594 -72 2084 -33 4171 0 -43 0 7933 0 0 0 0 1730 -75 6542 -50 9103 -21 0 0 461 0 4073 6351 4800 -29 -55 
0 -10 0 -2 0 0 0 -49 1535 0 0 0 0 0 -45 -58 -4 4603 -52 -44 570 -55 -37 8537 -27 -75 -56 0 0 -10 0 0 0 -26 0 -14 0 -31 -4 -41 3179 2300 0 2472 7213 -41 0 9367 0 7219 4313 0 -60 553 -94 0 -89 -17 4335 9662 -54 525 0 9732 2632 0 3241 0 -93 0 9218 9606 -25 5436 -56 3097 0 6957 -49 8804 0 0 0 -34 -97 0 0 1446 0 3155 -94 0 -44 0 0 7985 -40 -16 5906 0 
5865 7375 -26 -28 0 0 -44 -18 254 5493 0 0 0 -57 3162 0 -19 0 0 -54 2042 7474 0 -5 3998 1122 0 4663 -9 -25 0 3178 9092 5469 4085 -42 -71 0 0 900 -48 0 8277 0 8138 -36 0 8234 -13 -66 0 0 4211 0 0 0 0 0 -37 4890 0 0 0 1708 7782 0 9129 0 -24 -20 6747 9364 535 0 1721 5826 -71 0 -62 8846 0 0 9776 7884 0 -54 -74 8577 5046 -64 -59 -8 0 0 -30 -35 3710 3224 6234 -30 
-2 -87 0 -49 -28 -22 8938 0 8112 0 6158 8262 -77 -98 -64 0 8702 0 -7 -45 -100 703 0 -37 0 2690 -45 -1 0 4099 1570 0 4986 3879 9730 0 -79 0 1039 0 0 -58 0 -60 -52 6270 -30 2071 0 -95 0 -87 0 9319 -88 2676 2172 0 7231 -26 0 -50 9940 -27 2037 7184 9838 3246 -3 -49 886 -10 -13 6473 5878 8093 -26 5342 0 0 -10 756 0 -84 6027 1503 -100 0 0 -51 -43 -34 0 -23 -56 6365 6238 -71 8589 0 
-82 -87 0 -83 0 0 0 332 -27 7358 4220 9822 0 -89 -24 0 -67 9517 0 -85 6966 -11 8557 0 -72 5646 -38 -9 -12 -44 0 9529 1970 3442 0 1763 2910 0 5483 1278 0 -93 -89 -74 -72 5320 0 9148 -81 0 -66 5096 0 2766 -16 -37 0 0 -83 -41 2655 9191 8946 3337 -44 9790 0 3946 0 2008 0 -85 0 0 -80 3383 0 9499 -58 7773 0 -81 0 -57 8629 0 8130 -87 8405 -48 0 0 -92 0 2161 0 0 -32 0 -93 
-39 2538 -60 7838 138 -91 -33 -67 0 -66 -16 3527 -9 -47 -61 7451 -92 0 9027 8844 0 0 0 4366 0 0 1527 -13 0 -22 -70 8038 2063 -72 0 0 2831 -93 5307 4574 -35 1669 0 0 1743 8018 8578 0 -52 -14 -97 -93 6114 1664 0 5521 2482 0 3987 5657 -10 9694 5566 -9 9521 0 -70 1769 -3 0 3421 0 3676 7760 -99 0 711 -53 0 0 3001 1503 0 -19 896 0 4315 5029 -17 -12 0 10056 1555 6386 8690 8527 8354 9210 -87 6312 
0 0 0 -30 0 0 -6 2983 0 -50 0 -29 -11 -24 -68 0 0 -89 -87 -58 8925 8660 0 7214 9913 1460 -15 6968 8183 3205 0 0 0 -100 0 0 6939 4123 -43 -75 -43 0 -31 0 -32 0 1826 4028 -40 0 2446 244 0 8225 6900 -47 0 7088 7485 0 0 2430 -68 -53 -77 5075 0 0 0 0 0 7086 710 770 3202 718 9549 -84 0 -89 -19 4012 -32 3548 -82 9840 -57 0 0 0 3563 0 4392 -13 -85 0 0 476 1051 0 
-42 2852 -38 2311 -15 7966 6768 6904 0 806 8425 7451 5338 -64 9916 9892 890 4385 0 -16 0 0 1408 0 3208 -5 3536 0 -83 1755 3890 4209 1179 -84 0 0 3327 -78 9646 -93 0 6151 -16 -93 0 391 314 -94 3252 2138 9293 7391 0 0 -98 -1 3435 -28 -51 0 5307 713 0 -26 -57 0 0 3569 9664 0 8996 -84 3931 1302 0 0 -59 3884 -39 0 3217 0 0 0 0 0 0 -45 0 -50 -71 2391 2208 4588 1151 2085 0 -74 8259 0 
0 9379 -4 7423 8551 -64 0 10077 0 9807 0 1911 0 -45 -1 -12 0 8600 -27 0 -75 -9 0 -32 -83 0 -47 4367 -100 0 0 2431 686 -15 0 -19 2006 0 -27 0 3568 4285 2276 -87 5247 0 0 8186 0 -89 433 -78 7167 0 9423 -80 0 0 8375 -79 -11 6680 2479 -77 6535 5889 5242 -2 0 0 -28 795 0 7215 0 6773 0 9256 8791 -21 0 5114 0 -21 -85 0 -35 0 6885 8703 0 0 9499 4158 0 -80 7564 0 -8 0 
-72 -65 0 7445 778 4808 5558 0 0 0 861 0 0 0 8743 0 0 3635 8040 2965 0 8842 0 0 8253 -8 -100 4863 0 8632 10026 -37 0 -76 -27 9140 0 -36 0 -54 -17 0 -8 8734 -34 0 0 0 0 3411 -55 7369 4204 0 -5 0 -41 0 0 -51 0 5983 -56 0 0 4977 -69 0 7206 8218 0 8191 0 -62 0 -15 1128 8927 3416 -19 513 -55 0 6258 3381 0 4828 0 -57 185 -53 0 0 0 -34 2651 0 8433 -75 5957 
3609 9693 -46 8193 -73 -12 2611 4372 9749 -63 1281 -36 -21 -78 -43 -92 1868 -60 2980 2170 6414 5095 977 -67 509 5790 2493 1380 2868 -92 9717 -15 -28 6081 -87 1125 -90 -70 -63 6492 -93 7053 7366 -87 -42 7653 -46 -35 2322 -34 -91 6110 5429 7391 -13 -43 8564 -91 3753 6863 -57 -93 -53 2938 -25 8323 7467 8964 -50 -88 5517 4665 -1 -90 5998 154 5088 -57 3014 -38 -50 -9 7129 7166 -13 -64 -97 -72 -63 160 2645 -89 -65 -38 4122 2279 -65 -60 8075 -2 
6015 5450 2842 5803 -14 -59 4307 -39 5257 -68 1329 -6 1871 -63 -29 -93 5761 1039 -94 5932 7467 2175 3485 -77 -85 5277 -46 -21 9977 -59 6151 9033 7069 -18 658 4901 -38 4221 -56 8319 9969 8812 -38 2943 -38 10017 -64 1044 -41 4744 -98 -50 6007 -57 10001 9193 3070 9862 5082 -87 -60 1184 -80 -72 -87 -82 804 -89 -45 4669 6193 -53 8359 -46 -77 -45 1756 -72 -4 -15 6951 -58 8145 2994 3081 9143 8780 485 -62 -93 7455 5168 4744 -74 4205 5236 -49 -21 6858 -55 
-44 -18 1425 -32 -6 -5 -8 2752 3817 -42 -97 7303 5066 3322 4543 -30 1306 -44 8022 4392 -88 -90 7619 4353 2260 8713 -49 -41 -26 -16 -24 779 -42 5646 8580 -55 -92 2063 -93 8988 9224 10039 -64 -7 -14 955 6037 8937 -11 -36 -64 -14 -11 -74 7941 8022 -93 4893 9877 -8 7181 -58 -27 -71 3774 1674 1583 -68 -22 -29 6646 -18 9488 -15 -83 -16 -46 3154 4515 -75 -6 4878 -24 -58 -79 -4 6382 7502 -21 2855 -78 -82 -65 2092 -99 6144 2321 -28 -51 -55 
-10 -76 -35 387 -59 4293 -47 -37 -95 -60 -88 -6 8951 -69 -97 1041 -62 -61 -59 -78 8854 1304 3956 4866 1109 -9 -85 -93 7573 -100 -25 -56 -1 -16 1148 -57 3547 -72 4787 4224 5083 -36 6660 -84 -54 3997 -43 7099 -58 -59 6539 -61 9454 -43 -38 -10 9180 -41 4458 1305 2349 7335 4494 8410 6051 -45 2977 -55 -87 -72 -29 -16 9234 -21 642 -22 8476 1603 -75 5191 163 -73 275 -2 8203 6114 -36 5853 3070 -5 -38 4615 7336 4788 620 3062 10092 -77 8178 -9 
4394 4500 2925 -67 -55 5669 4996 6020 -28 4449 -72 -31 -48 9445 8577 -45 4517 5010 -15 2246 2284 -47 496 -72 -4 -94 3379 -64 9457 9455 3367 3222 6170 -79 -90 -72 -43 -20 10029 558 -8 3198 9543 -91 -47 3321 -17 -98 3846 3864 -90 -98 9142 -89 6778 5883 -63 6345 4064 -13 -93 -36 5713 8200 3257 6208 9878 6628 7026 3014 -52 4468 -64 9828 1736 -37 -94 -93 3359 -6 -44 -36 868 8025 -31 3224 5271 5739 3909 -44 4794 7927 -29 9860 -98 636 5503 -38 -14 -15 
-47 7513 9216 -50 -91 6275 8497 -53 5466 9370 -23 3594 -38 -83 -26 6389 -69 4053 -22 1084 1514 7189 4174 2090 2483 4589 -63 5355 -38 7565 1768 -97 1402 4045 5151 1561 1191 -39 -29 630 -37 2464 -92 2875 5013 -51 2837 1342 1044 1540 6147 -88 5120 -24 6413 -74 -36 3609 -58 -29 9457 5082 -37 4157 7925 -61 6339 -10 4729 6195 -37 -7 -71 2856 -70 -40 1120 -59 -44 -1 -59 5196 -73 -92 -84 -71 -51 8977 -82 5438 3869 5163 -80 -91 6971 5255 -1 3094 6126 -56 
6260 -16 7479 5470 -32 -12 10089 -14 -77 1552 -77 8177 7829 -60 -28 -58 -34 -4 4585 394 5965 4694 -87 8764 -96 4973 10054 8038 -21 8168 -51 2667 -4 5865 3581 -50 4313 1517 3749 -96 -34 -54 9962 -94 4237 -11 2025 -83 -12 3796 10036 -90 -49 7297 -1 -64 9820 -36 -71 -71 1922 -23 -27 -31 -2 7851 2273 -19 4372 9875 -75 3950 10006 9730 -43 -36 -92 1694 -89 -85 -23 5119 -18 -18 -82 6369 -11 -45 -10 -45 1753 -53 -33 -97 5934 -69 4594 3878 -98 -11 
6724 -29 4529 -87 6046 8781 -63 -54 5146 -70 3960 9344 4772 2582 -53 -91 -12 -41 -31 6753 -9 -71 -12 -28 -24 5222 9691 1198 6884 4626 515 -51 -24 -18 -36 2806 -16 7935 -86 -13 -37 -68 -35 4591 -90 -53 -3 1840 -3 -60 9434 7496 1695 4893 -30 1853 8945 4365 5102 -32 3741 -15 -22 -25 -79 -64 -7 3500 7332 -13 8796 -29 -65 4192 553 -62 3974 -76 8696 3464 -70 -67 9205 -92 -47 -5 -46 -91 1078 7048 -80 1411 -60 -67 4232 -51 6721 -68 -44 -45 
-70 6126 -84 4554 -50 7345 -73 9623 -90 -68 -79 8667 680 -55 -85 -41 8831 7950 -84 6428 7807 -67 7909 -70 10021 1218 4324 -92 -37 6739 -34 4400 -93 1871 7063 -54 -4 -52 -35 -89 -29 5266 4436 -34 1739 -68 -16 2138 7283 -25 -26 -65 3493 8425 -7 4923 1785 2526 -58 5981 -100 231 -62 -70 -83 -84 1489 -17 -100 3361 -99 1906 2868 -78 6044 -59 443 4891 -71 6103 6342 8271 -98 -27 -2 -84 2775 -8 -24 1953 5200 -81 3178 7838 -8 296 9066 -23 -29 -63 
6505 -15 -68 -77 9828 6937 -91 8963 9787 5662 276 -94 -8 5789 5826 5715 6431 -68 4691 -49 1917 2602 -28 2500 -10 -48 608 8529 -6 -91 -88 -93 8348 -14 5177 -63 1573 1523 3745 -66 4812 9603 1824 1869 1276 -33 1826 -94 -70 783 -24 -75 324 -20 -39 3480 1298 -38 4750 -17 -13 -100 -82 4225 2315 9653 2639 1602 5491 -9 5594 -66 -6 -7 2046 -29 -89 1295 -97 -9 5869 -26 -28 -91 5560 -42 7140 -34 8166 -10 -36 6520 -13 -35 5387 10052 -33 -68 -69 5882 
3548 10008 3501 9952 -71 8334 338 6655 9319 7040 2290 -66 -21 4414 5510 -13 3166 -12 7573 1479 -67 -8 7247 3450 6761 -37 -32 9981 -25 -5 -95 -11 7312 331 3114 -61 -31 2722 6765 4699 -25 4596 3070 7967 1400 8565 1409 -77 8115 -83 -67 2645 -19 -21 8299 3367 -72 -81 1537 -68 -88 -4 1540 -51 -100 -54 -1 -69 -96 -10 -29 4176 5137 7268 8695 -40 -46 -91 -6 2939 -17 -54 9544 -49 1876 3716 3914 7482 -60 -33 -51 -31 8483 -42 -27 6723 4859 8584 7674 -59 
3009 5444 -69 -19 4794 -70 -39 -56 7311 4091 -35 7322 -22 -51 -20 -47 -23 5766 1407 -59 -97 1690 -59 105 9058 1910 3670 5188 1290 3004 -91 -63 8426 -93 -15 -64 8428 9299 9227 -42 4596 8573 1004 -20 -75 -83 898 -58 4995 306 -80 -45 10029 -39 -72 -86 -49 2342 3626 -87 -17 4758 1104 3280 3901 -48 1724 -14 -94 5728 -95 8602 5497 7832 -93 3897 -43 1452 368 6764 -14 -39 -44 5851 4473 2897 5249 6645 -74 -92 2997 9989 8676 9766 -43 -100 -3 -9 5815 226 
6193 -70 2733 -41 -32 -74 -42 1231 -95 4725 -6 -71 -11 -26 9310 6141 2872 947 7047 8514 -12 5084 7936 -42 -89 -73 -28 -7 466 1890 -82 4066 -38 -11 -60 -45 -49 -40 -15 3308 -1 2678 -43 3107 -53 7811 -9 -42 1573 -72 -33 -79 8865 -86 717 3055 -13 9956 -46 5922 -36 5291 -3 -32 9308 5753 1076 3037 4026 -93 650 5367 -13 -94 -46 4798 836 2796 -84 980 2124 8839 -88 7953 472 4643 247 -68 8087 -97 -46 6264 572 2261 -32 -27 2263 7080 -79 -45 
3270 -64 6654 -53 3378 -26 3833 8453 -45 -97 1621 -21 10014 1483 5649 -81 -21 -24 5482 1221 4065 2503 3766 8443 2553 1436 -91 6921 3267 782 -34 6171 3952 8695 1664 -94 9062 -45 -30 -100 -77 -99 -61 -97 -64 -100 -65 -54 6195 816 5298 -23 -45 8853 -13 4133 -25 -87 1472 -9 -16 2659 9504 -64 -16 602 4023 -90 -84 -82 -25 5731 4932 4104 -52 2677 -75 -80 8973 5616 -25 4300 -67 -83 -87 8567 -30 -27 -14 -33 9589 5559 -66 4432 685 -29 9258 -84 -63 2448 
-82 -3 -48 10082 -53 -65 817 3777 7343 -25 2709 -59 -72 7440 166 -1 -37 -69 -19 -71 172 -12 6097 -79 3745 -19 7021 -11 570 -36 5071 7234 8160 1113 5893 -19 -63 3071 6067 -41 -41 1711 9777 -24 -64 -60 -80 -24 -89 -92 -25 -8 9661 -99 -62 4912 6129 518 -65 5071 -89 -48 3047 -46 -2 10009 9114 2380 2049 2197 -52 -6 -95 9526 -36 3766 4554 -81 3596 -77 -75 -63 -42 7361 8754 -30 2703 -49 6023 3291 -76 -61 9441 9348 3597 -93 5709 -33 -53 287 
5805 6642 9090 8755 -30 -22 -29 -37 -38 -52 -47 -83 5387 -23 1178 214 2236 -49 4529 1720 -64 4552 5687 -69 -47 -31 -38 -49 361 -68 -48 2612 2820 3904 9521 -67 -17 2386 1870 -56 4743 -57 8612 -29 3027 -74 -89 -13 946 -99 1463 9534 8932 9826 7842 -41 2159 -37 -19 -72 1709 4788 3098 -80 8021 6544 4032 -100 3143 -38 9615 -4 9695 -15 2645 4821 -18 3794 9092 -44 4694 -7 9822 -72 9802 8833 4688 3727 -71 2051 9554 -28 642 2528 9659 5766 1497 6730 -54 5831 
-100 8237 -37 2480 8359 -10 5580 -92 3695 -33 3224 -37 -20 -65 -30 -26 -86 7225 5867 3869 3284 -95 9603 -64 -77 -46 -42 -21 -90 -60 -58 -51 -2 4031 9934 7882 -67 -75 4472 -2 -86 7112 8677 -3 2260 -1 -27 4942 2402 -82 -55 8304 9230 9829 -32 2427 5761 -96 5285 8824 -36 -92 -69 -2 -26 3514 2823 -3 -43 1576 -90 6451 -95 8619 296 5649 7362 -49 -45 4244 -28 -5 8846 -92 -37 2276 -79 925 9909 4733 -52 -10 2371 6519 -63 6112 -27 -45 -76 -5 
-7 6710 4252 9459 1883 -80 -43 -61 4420 -83 8740 -16 2877 8266 2881 -51 -29 -98 9249 -47 3202 -92 8201 1802 9151 5274 10092 753 -59 4337 4158 -81 -39 -45 -71 -41 6395 -12 -34 439 6412 -94 6134 -60 -43 -58 -17 -81 9435 -40 -84 -58 4996 9267 -90 -2 5321 3590 -65 -34 3506 8063 8421 -93 -72 3089 -70 -62 5452 -10 -67 -18 -64 9285 -79 -71 7249 1009 2855 1280 6901 9675 4925 -100 2500 3455 -1 9622 3899 5397 -90 -29 1924 2731 -16 -2 5316 3580 4210 -24 
-14 -16 -24 7115 -61 -33 -43 5391 9876 2228 -28 -54 -56 2586 7638 -82 10012 4639 1572 -21 2122 -78 -68 -32 -87 1209 -55 -21 1880 9627 8919 9200 9010 2936 3148 -18 -68 -94 -44 4276 944 -96 1925 7598 3202 1311 -1 -27 1586 -19 8265 2782 -20 6844 -76 128 -3 -97 -51 -91 -84 5688 -53 -31 6956 -75 3699 168 9003 4933 -54 7756 -14 10014 9317 7131 1719 4146 -92 3864 -20 -6 -52 -98 -14 8234 1902 -19 6879 233 -84 1597 -13 4294 -41 -58 -69 8594 186 6283 
8824 -79 -13 -49 6346 -69 -79 -94 362 -25 -95 -58 309 -38 -19 -3 8252 -85 -52 -83 6865 -48 -84 1708 -17 5553 -51 3160 8307 -50 1710 -94 -66 -2 -43 2979 2977 8192 -25 -53 3308 -98 1189 -9 -84 9431 1002 -73 -24 4074 -33 -62 -77 668 6982 -11 670 9646 -94 -57 7077 8221 1964 -99 3065 -44 4545 597 1449 2321 -28 -74 -88 -82 -31 -82 -79 5988 -89 7067 5193 5847 333 9378 -60 -89 9708 8793 9616 5242 3106 8419 -62 8833 6271 9001 -85 5204 6218 -58 
-2 -24 7822 4330 -90 -43 -60 -97 -53 -52 7891 6155 -83 5990 -38 5343 2292 -52 7390 8371 -68 9931 723 -56 -96 6209 2015 -53 5950 7149 -61 -64 3521 268 -7 -14 3623 5696 6058 9867 5648 6880 -1 2728 193 4999 -62 -24 5292 9899 -21 7921 -74 -52 -76 -3 -75 -67 -77 -98 5119 2488 6115 6913 -11 -32 -84 -46 4864 9631 -55 301 5611 -82 3188 4861 649 2645 2821 9445 4552 6825 2395 8059 6080 2912 6359 -55 -37 4549 1130 5655 484 -40 -3 9203 8726 5207 1048 6036 
5624 7151 -73 8032 -40 2852 2577 4952 -72 239 -49 -55 8007 -56 5106 4258 -49 2960 -43 -76 -82 -85 9246 -58 -20 1532 -9 -25 -1 6996 -91 -88 -77 -62 -58 -30 -66 1098 1143 8945 9842 -52 582 7544 2048 1790 -49 -50 -18 5964 -38 -62 -82 9178 -54 3813 5974 -68 925 -22 9269 -30 -27 2577 8979 -77 -6 -93 7058 -78 -65 8880 -3 5999 -40 -16 8857 3142 -11 -45 -27 2337 -77 8147 339 501 8201 1240 -94 8476 9134 1798 -28 -17 5294 7102 7523 -66 -84 -63 
3115 -93 -24 8728 4119 3300 443 7901 2926 -3 -39 -19 -3 2150 6718 -46 -87 4770 -80 -63 2614 9777 6634 4420 -47 -88 1333 4693 -58 2423 4201 4983 -70 -75 -28 1168 8963 -27 -98 2703 -78 -51 10003 567 -34 -84 -73 -81 213 -93 6468 3236 9107 2539 149 4574 229 1391 -90 3432 -98 8203 9698 9561 342 9564 -29 -58 4271 1562 -63 -87 4808 -39 3928 7467 -19 -39 -5 5930 8739 -40 6696 6419 7124 7928 -12 3283 -87 6877 1983 -34 6622 8010 3843 8479 -1 -57 -2 224 
9831 6283 -41 -17 8697 1813 -29 -22 -33 -96 1749 2488 -9 -71 -84 5165 2169 -72 6596 6396 4863 -54 4101 -20 8203 5127 5361 6083 -82 -94 4748 8054 -93 3842 7047 -21 -20 -2 9635 -87 9365 6186 5974 2812 7017 -99 -72 3072 -30 5576 6535 10040 -28 -47 -86 1377 4043 2189 9612 -45 -36 -48 965 451 8501 -65 614 -19 4603 3745 -24 8730 2878 -68 5893 -18 -14 7407 -99 9668 2867 -95 2591 911 -28 6027 -22 1354 4184 -27 -94 8461 -81 7422 1725 5454 -64 3812 1586 1007 
4545 -67 -52 7418 -29 -99 -68 -100 -40 -79 -87 -31 1011 859 -17 -83 -71 9866 2542 -9 -49 -34 -37 4960 7003 1910 10079 -51 6002 -1 5135 1703 1212 3379 1351 1739 115 9731 -66 -63 9522 -72 -49 -16 7517 5522 1424 -90 7035 -40 8045 9302 9308 -70 3575 3212 -10 9730 1947 8688 6038 8778 2571 -84 -75 -46 574 -82 4317 -51 -10 9723 8889 -13 -56 -14 9083 6045 -20 10055 -84 373 8801 3003 4890 1809 -42 -76 8525 1742 -92 1572 1379 -55 741 8684 9564 6544 8084 5937 
-72 4625 -23 -6 -38 -37 1216 2261 7076 -71 -61 -30 -12 -1 -86 -37 -7 -96 1160 -32 -61 482 -68 2795 5698 4996 1881 -54 9012 -3 -65 -49 -68 -1 9145 -13 7123 1053 -32 -10 -22 8119 -75 -1 6600 -94 1529 -33 6952 -23 -60 -100 1720 -15 -98 3535 1844 390 -17 -63 2468 288 -53 2985 -89 7588 -28 -9 -2 4896 -18 4776 -2 -12 1598 3384 9232 7327 6099 3681 -75 9918 -89 4919 3392 8070 -74 8521 -2 6302 1000 487 -12 -90 -28 -92 -3 2197 -55 -61 
8883 -34 8768 5329 -65 702 -66 6518 -48 -81 -3 -65 -32 3950 1741 4325 4032 -48 -22 9107 4193 1705 5123 6532 2295 4144 4597 1849 7441 1662 5983 1821 9180 1968 3716 6897 1128 7932 2763 5380 3125 7367 9796 553 7462 550 8156 2065 4066 8544 3194 3083 3156 3069 1917 2999 9202 6961 2930 8492 4877 389 3523 190 6640 7452 4466 883 8473 9376 4464 8878 1336 2374 6349 7903 1333 7100 4117 4716 4411 4983 857 7026 2311 9835 6820 4636 7855 1382 495 1445 6260 1963 6089 3421 1212 7287 6794 9525 
4012 3368 6151 3698 944 9394 3816 4212 9606 6752 4501 8449 1528 7725 9917 8657 2905 8086 5638 8029 9029 8184 9452 681 8723 2454 2480 4063 8505 2204 1084 5038 1716 1848 3693 1522 5398 3192 9186 8019 9123 4558 6011 1030 9864 10052 4404 9973 1659 7591 1202 8293 6304 368 2285 2069 3411 6785 3975 6252 7916 981 6252 1659 2326 4486 3847 7792 4760 5481 3500 4563 2116 6004 9164 2105 9510 7094 8268 3836 6318 3100 6089 7524 1378 3642 7857 2220 7239 136 5025 7025 2723 2793 2374 2042 6559 9504 2462 1939 
3029 8180 3690 1036 2422 3759 8405 1171 5192 9634 6735 309 7672 8692 9454 4290 5891 5420 3755 9749 8635 5709 4290 8679 2697 9513 8441 8867 10093 1165 2982 3609 2889 8960 973 10055 3059 8832 2354 7778 3014 885 1641 8949 7597 3616 10084 6582 3448 9352 4584 2764 7606 4414 2242 4126 4216 3941 3576 6844 5251 631 7557 1641 9749 7213 7481 3491 656 3226 2000 5165 2178 4993 6198 7074 898 9815 3710 9124 4095 4758 6307 4815 6633 7563 7799 5233 2106 1935 4335 612 4867 7189 3468 6121 1350 9364 3801 9875 
7782 5278 1933 5204 7070 3231 4255 2033 1020 9213 1969 6262 193 8151 618 8414 614 5766 2022 1112 1419 7060 4103 3308 540 1637 5579 8567 7370 5991 7681 9595 5398 1123 128 163 1269 5108 3771 7433 9951 7050 8185 6268 9489 6062 1046 5831 8213 5040 4978 5154 5771 9434 6252 7957 3653 3022 7269 9595 7748 1278 5645 3397 3614 7116 8291 9619 1047 6582 1492 3951 3953 9124 9583 6166 1716 3869 9528 4431 4517 3910 5631 8680 7706 534 5036 7838 3017 1881 6137 5752 6592 6765 429 5004 1774 5834 3393 3909 
4039 8898 7979 9193 2126 5805 3597 9038 9691 1653 5033 2982 4254 6554 225 396 3793 4195 5095 8435 4667 564 7888 4128 4760 9255 3927 2267 8904 3678 2680 1354 7494 8633 5733 2297 6736 9233 384 1168 3993 3162 617 1710 3886 9654 9212 8753 6197 6834 3722 2702 5879 1716 9776 4178 7868 2153 8932 4511 4214 5571 9106 4488 9875 9634 9168 8391 4571 3123 7778 9085 452 3171 5845 6191 1950 9775 6564 6696 2551 1946 5960 5903 5525 8715 4613 1723 7449 7071 2234 4607 6811 1905 1271 5982 6640 7555 1054 3050 
4820 4351 715 9387 7626 1419 8151 1033 4412 2353 2657 4027 5292 3277 7329 4592 4542 3117 3343 9499 6170 4454 8862 2977 6576 5775 5339 10035 7919 1093 8565 7362 2435 1876 6473 9059 7776 5095 4916 1625 128 4756 3682 1877 5415 7528 8564 6838 9572 4470 817 4583 1434 7397 3208 6577 6178 5777 8684 9396 7338 7093 6914 2186 6765 5075 8029 2580 9524 6943 2556 9889 5913 9287 5819 9407 7294 8518 6287 8709 7987 8147 6725 2524 8764 1055 769 692 9518 3453 3867 2118 8236 7665 8059 4502 1133 5382 9064 6227 
6141 2185 2030 6079 3150 1214 8976 6550 3247 4765 4698 4299 539 6897 1112 9119 4042 6839 506 8617 5958 693 5577 3317 3054 2056 9234 6631 7964 2996 8459 2054 2413 8430 9016 7876 8411 8070 6538 5253 2629 9161 598 3565 4848 7022 9897 4633 8300 3159 4553 5062 6104 7762 6934 9315 10099 5747 2854 2004 4606 5380 3663 6158 9071 7169 4845 3714 3962 8462 5246 8567 9330 7834 5640 8691 1080 2853 2580 885 9472 7639 597 1689 7554 6674 2368 8991 4300 9519 9855 7504 8069 6556 7145 471 9804 1875 3297 7992 
5487 9032 0 1884 -73 8877 1376 8585 -85 0 4102 -21 0 -15 -64 0 3385 1903 3345 0 -44 9270 5100 0 0 0 -65 2880 3698 0 0 5100 6938 2583 -77 -91 8181 0 0 952 7596 0 0 -81 -82 0 7967 0 -25 -48 7109 -88 0 -1 -65 6183 -6 7824 -98 0 0 -75 -32 0 -53 0 0 0 -43 9951 -89 8186 8053 862 9870 0 378 0 -8 -68 0 0 1603 0 4763 7490 0 671 0 4776 -54 0 -24 8468 -29 9667 -81 7607 0 3464 
330 -94 0 0 8031 -73 3533 0 -22 -68 0 -75 0 0 -15 0 -73 0 -79 -63 -7 -86 -56 0 0 -50 0 2366 -45 0 0 9646 -17 0 5204 -22 549 9617 0 -56 -65 -23 -76 0 -10 -89 -61 4305 8344 -44 9805 2110 0 -67 -24 2687 6014 6322 0 0 0 0 9756 -29 0 5614 3958 0 2310 4707 4122 -35 -6 7104 -52 0 -66 866 -45 6820 -40 0 0 -76 -34 2983 0 -45 -49 3595 0 0 6648 0 0 0 684 2434 0 0 
-30 -89 -77 7859 7427 -33 -100 -19 735 0 -66 1702 0 0 -1 -43 -42 0 1521 5223 8823 -44 0 6414 5480 6006 -33 4528 -86 0 -57 0 0 0 0 2716 9611 -79 7295 2846 -52 0 0 9765 4403 0 -84 -67 3076 0 324 -74 9977 -13 0 -45 2062 8563 -9 3502 514 135 0 7782 -93 3565 -90 0 9732 6829 -94 0 -77 5737 -18 -99 0 0 0 -69 6378 -94 -77 -52 -24 0 -87 989 0 3703 0 0 8984 0 -98 2515 417 0 8971 0 
-22 -38 -36 -91 -26 -45 -64 0 -5 -43 3094 -11 -38 0 6878 -66 9831 -45 -88 0 -21 9463 856 -53 -100 7861 -66 -81 0 0 0 -45 -93 -38 0 0 0 5041 0 0 -5 -78 0 10065 2689 0 2846 -99 4921 -66 -91 4636 0 0 5704 0 0 8191 -74 -90 -52 -91 0 -33 -62 -61 -72 0 4213 -18 -84 -100 0 8896 8722 4696 -60 5277 -64 9688 0 4786 10012 8237 4197 0 0 0 -67 5723 919 -41 0 4480 -58 -15 -81 8084 2747 0 
10091 -51 -55 2017 0 0 0 2695 10003 0 -80 0 6784 0 -32 4907 -4 389 1404 0 -85 -96 -9 9514 0 -83 0 0 8259 2547 0 519 5142 0 -74 -8 -76 -79 6361 7056 0 0 5968 9254 -24 -100 0 6353 7922 0 0 9046 0 5225 -68 -89 -99 0 -30 120 8055 -96 4313 7239 0 0 5809 0 2485 -61 0 868 -29 -67 0 -83 0 6664 -78 2294 0 -26 0 0 -9 421 1967 0 0 4321 -68 613 0 -68 -46 5360 0 -46 -17 -70 
0 6700 -87 0 7575 3877 4356 6254 0 0 -98 -83 7209 2934 9216 0 0 0 -50 0 -12 -71 0 1736 0 -74 5170 -45 8223 0 0 -48 -61 636 -73 0 -62 8569 -97 -17 -66 -70 7313 -71 -40 0 -1 2934 -93 0 -82 2411 -22 0 -50 0 0 -51 0 -29 -9 9566 3571 -97 -45 0 7478 -18 0 -44 -69 -28 0 0 0 0 5898 -91 9776 0 -47 -95 0 408 -79 6306 0 1213 0 0 -52 0 0 -97 -55 3788 9938 8934 4122 2706 
0 8054 2787 0 -36 0 0 515 3348 0 0 -81 -18 -77 2799 0 0 0 8220 3837 6953 3465 -94 0 0 -100 -6 8919 0 -59 0 343 1262 -65 0 0 -67 10096 -2 -10 -65 810 0 0 525 -60 2349 -38 -39 0 0 0 7213 2852 2777 0 0 0 0 6720 8991 0 9231 -33 0 0 0 0 0 0 0 1128 4958 -21 -58 2606 0 0 0 7000 -78 0 0 0 0 5998 9729 0 -54 -93 -73 -30 6754 0 -32 256 -79 0 0 8887 
0 0 -64 -100 0 -85 0 -7 -54 -2 6026 -83 -77 7886 0 -41 -20 4742 -95 0 7786 8526 -4 0 2291 10044 873 0 -25 1433 0 -16 0 0 0 0 8091 9060 0 -99 0 -78 2072 -9 -30 8840 -72 0 0 285 0 -5 0 0 -84 5771 0 6111 -97 -78 10014 0 0 -62 -63 0 0 0 -25 0 6433 -88 0 7440 -71 -35 0 7497 0 9130 0 0 -64 -17 -57 -25 0 1106 0 -19 -96 0 4217 942 0 0 -70 1606 -39 -20 
1166 -52 0 3864 0 1565 9251 968 0 -27 0 0 -46 0 0 -68 0 2376 0 9502 -34 0 9074 0 0 0 0 -61 7118 4167 9678 -56 -91 -85 251 4091 9163 -99 0 -39 9835 0 0 0 -3 -21 -5 0 0 0 5063 5983 1199 -24 -59 7494 3642 -15 9126 0 2731 -38 255 0 -2 0 -84 0 -22 0 4030 2884 0 8778 6206 -55 0 -28 -42 -92 2951 0 0 0 0 0 7087 0 -63 9670 -54 -96 -13 -47 7703 0 0 0 4168 3944 
-31 -37 0 -100 0 -47 4300 -13 -2 4507 -41 0 -82 -50 0 1150 -58 -75 0 2704 0 439 0 -85 0 -100 4566 -15 0 -90 0 0 1807 833 0 7439 0 3748 -14 5484 3808 -36 -91 0 0 -14 -71 -13 979 0 8444 3485 0 -95 4256 -91 0 0 0 4275 4467 7320 3331 4983 -100 0 0 0 0 0 0 0 0 8898 -38 9040 9473 7252 3040 0 -10 6205 -31 0 0 0 -53 0 -37 0 -3 0 0 -51 0 2076 -21 951 -22 -15 
7129 2753 7181 7646 0 0 8692 3562 -18 -28 2710 5059 1835 4121 0 0 3665 0 -83 9816 -57 7431 0 0 0 -78 4132 -72 8727 7646 0 -1 3573 -98 -72 -88 -2 -92 9231 2471 -78 3420 -95 0 -86 -40 4134 0 0 -91 1766 -74 0 2541 5416 -63 1591 0 0 0 -63 -72 0 -93 5829 5643 0 -14 2408 1713 1567 0 -31 0 4925 -20 0 4825 7883 -80 -40 8094 0 -16 4705 0 0 -53 -50 0 -63 -76 -93 0 -32 0 5656 -23 7104 0 
0 0 -35 1345 2502 6929 3916 0 7098 3784 0 1866 -60 4796 -14 7957 7655 -94 2271 -37 -85 0 0 0 8034 1434 5397 6519 0 0 0 -68 0 0 353 -11 8377 -61 9865 -11 7477 -29 -77 0 0 194 -63 0 1681 -24 0 8371 -25 0 831 0 -63 0 -90 5007 137 0 -80 0 -7 0 -16 0 -61 -4 1249 8418 3760 -21 -36 -28 0 1498 -11 0 -93 2932 -83 0 -51 -52 0 -58 -17 0 0 1312 782 0 157 0 -41 -59 1628 -47 
-68 0 2100 9261 0 0 -34 0 0 0 -36 -98 0 -35 0 0 0 -16 0 0 2680 0 -69 0 -81 0 -55 1056 -54 5824 0 1121 -93 -3 -56 -68 5182 0 0 -94 0 8674 -12 6260 -27 7275 0 2499 -98 -17 0 -71 0 2524 0 -2 0 1841 0 9186 -82 731 -28 -15 -36 0 396 0 3780 0 -25 0 5003 7432 0 8396 -44 -23 -39 0 -89 5816 0 0 0 0 1965 -33 -25 0 0 0 5430 2813 8988 -57 7726 3245 -29 -49 
0 -54 3511 292 -59 0 -69 -75 -42 3273 -78 0 8811 -99 0 6717 4192 -87 9194 0 -75 0 214 2447 -82 711 1892 0 -91 5175 -83 0 0 -39 -11 2094 -31 2974 4453 -43 8662 -28 8252 8176 0 6142 1258 -44 -83 -6 0 0 8030 9619 0 8952 -92 0 0 -77 0 0 0 9021 -86 -55 0 -2 6540 0 6583 0 0 0 7340 9433 3434 -32 0 0 -86 0 0 0 -75 0 0 2644 9870 -89 2946 0 0 0 0 0 -91 3144 -42 9262 
0 0 -61 -65 -6 1045 0 8339 -56 0 0 8469 0 450 -51 -68 0 10019 0 5557 721 0 -30 -9 -49 9926 10087 1430 6628 -17 -99 2270 1092 0 0 9869 -68 -62 0 0 0 7686 0 0 -25 -42 9099 -33 -96 0 -74 -100 0 0 7617 -61 -17 0 7771 4765 0 0 0 -77 -52 0 -83 8693 -2 -78 2502 -53 6532 0 -99 0 3060 -89 -98 2004 0 0 0 -84 0 0 -27 0 4915 1107 0 -73 0 5741 -92 4359 2702 0 6965 3885 
-43 0 770 0 -33 -61 7973 0 700 -51 7763 9242 9072 3243 4748 0 6488 8019 3232 0 0 0 -72 1827 -98 -17 0 6100 -44 -7 0 2364 0 8667 0 0 -64 0 4541 0 0 0 9982 -69 7529 0 0 895 0 0 3689 3022 0 8823 0 2422 0 0 5747 0 7650 0 0 -69 0 -3 0 0 -34 -98 0 2198 -86 605 -17 0 0 -15 -47 6167 -38 -79 0 0 -83 0 0 785 0 0 0 9560 0 1806 0 -50 0 2457 3486 6499 
-74 -57 -89 0 0 7303 3809 -68 -17 0 0 0 -45 5407 3415 -2 0 5770 -58 3330 -70 9249 0 -39 2688 0 -81 -22 0 0 0 0 2090 0 4520 0 -42 0 0 2254 9553 6579 0 7609 0 -87 0 -75 5003 -96 -85 6504 0 -66 9332 3798 0 8315 0 -9 -23 -17 626 0 -36 0 0 8642 -21 0 -29 10016 5339 6058 2140 0 0 1767 -21 0 -60 8099 -91 0 5346 0 6568 0 -75 5748 -46 -17 0 -46 2512 -93 0 -43 -23 0 
3042 0 0 0 0 -9 6814 0 0 0 6289 9838 -65 8392 -23 0 0 0 0 2783 -95 0 -86 7647 2841 8235 -59 -67 0 -91 3444 8866 0 0 -70 9874 0 -69 -73 3483 -1 9776 994 3414 -42 0 3251 9079 4063 2995 239 0 693 8052 -5 0 0 -12 -38 0 0 0 0 0 2077 -99 0 890 -24 1197 9733 9319 -77 0 -74 -95 8610 7894 5200 5084 7249 0 7113 0 -27 5095 -4 -20 -50 -69 0 -39 0 10066 0 0 8381 2247 3662 0 
105 -78 1606 0 -81 -26 0 0 6845 0 0 -28 0 -71 -40 0 2029 0 9001 4515 -59 0 0 8750 0 -99 0 0 1765 0 -62 4999 0 -67 0 9566 -12 -79 0 2284 0 -50 3784 7846 0 -55 973 -18 -57 0 0 6245 -29 0 1482 0 -11 4369 -36 0 0 0 6304 2048 0 2276 0 3588 0 0 0 0 -99 -81 0 0 -72 363 9702 1655 8108 0 7439 -22 5183 5437 6970 5564 222 -96 0 -27 -2 9431 0 6212 3174 0 -55 4111 
9652 0 0 0 0 0 2826 0 0 0 4190 0 -17 652 -4 7914 0 0 4264 -21 -51 0 0 -50 0 -69 7898 -82 7168 0 9302 -21 0 0 0 -98 -60 -81 -17 1478 0 -31 -65 0 0 -42 -60 -16 -77 -64 0 6247 -51 -100 -43 0 -3 0 2728 -34 0 -7 6636 -45 0 -27 -59 -2 -63 0 -12 4176 5987 -47 -32 -49 8661 -82 -17 -77 0 0 -94 8923 8091 3994 -59 1538 6881 4812 -3 0 -39 -11 -7 -28 -80 9303 0 0 
-47 818 -88 -59 3802 0 0 0 8731 266 0 -45 0 -50 0 0 -59 8283 9514 -31 7113 0 -81 3884 1352 0 0 1452 8371 0 -65 0 0 4929 1234 5869 -86 0 -23 4001 0 0 8545 7240 -24 -80 -64 7521 1625 1222 4401 0 -22 -3 2681 0 3009 7802 -4 0 0 0 9821 5075 5091 -63 7198 -41 -83 0 -42 2956 9846 -25 355 -17 2605 0 0 0 0 9145 9313 0 0 -19 1267 -19 0 0 -48 -10 8548 -84 -14 -45 -47 4306 -46 6310 
8528 -95 2051 9477 0 8486 0 9787 0 10059 -26 -18 0 -28 0 0 5985 0 -85 0 0 -12 -17 0 0 -14 0 6195 4129 0 -1 9623 0 -3 8757 484 0 0 702 0 -68 0 -34 6683 7783 0 -52 -48 7804 -38 2097 -74 -83 -7 -40 0 8348 -96 0 9790 2158 7660 -78 9641 0 -40 0 6301 0 9339 9720 5240 0 -93 0 -48 -89 -19 7995 -77 -93 0 3562 -93 7259 -97 2432 -62 -24 4994 0 0 0 2556 0 -94 0 -17 2003 0 
0 -45 0 0 2293 236 -60 8432 9636 8642 316 8479 2149 5803 0 -45 0 -13 9369 0 -99 -40 6455 -11 -32 -91 -87 0 -61 0 2861 -90 0 0 -77 0 0 0 278 7786 -48 0 -65 0 -87 0 3132 -99 0 0 8821 -45 -18 -23 -46 7844 0 6714 -41 -22 1007 6887 -71 -29 800 8379 -19 5191 9083 0 -77 8262 -58 0 -43 0 6661 -55 -42 -25 -70 -79 -35 0 -44 -23 0 -18 0 0 7792 1479 -76 -97 0 -98 0 -69 -71 -95 
6902 1443 3372 0 -61 -35 -52 -77 -61 0 10020 -77 4834 -15 -77 -35 -15 0 -21 -7 8427 -48 -18 0 0 -13 228 0 0 0 -29 0 0 9498 0 0 0 0 -74 6693 -20 2784 -70 0 5475 -16 0 0 0 3607 -87 0 2352 7721 7736 -56 -89 -35 -30 0 -72 659 -58 -1 0 4718 0 -57 4448 4093 6282 0 772 0 1439 -64 153 -4 0 0 2028 0 4809 9211 9859 6501 0 0 5169 -11 0 8276 8529 5979 9061 4494 6920 -34 -16 -23 
0 0 0 0 593 1661 0 0 -1 0 -13 1347 0 0 -30 8164 0 0 8221 6510 0 0 0 9028 2608 1212 0 0 -96 1878 4205 0 0 -75 0 0 6072 0 2952 0 10030 4237 2868 -75 0 192 0 -64 -55 -35 3649 3132 8434 7808 0 9390 -43 0 5354 8517 -25 0 -2 -87 5326 5594 -10 0 0 4117 0 9828 -99 -66 1910 0 -100 5403 -21 0 0 7966 -66 2751 9398 1073 0 0 0 0 -86 -55 0 -74 -35 1560 4550 0 0 429 
-80 0 -41 5095 9449 0 0 -61 -75 -1 1433 -50 -100 0 0 -97 0 0 -46 -85 0 0 -23 0 192 0 -70 -77 7526 7551 -61 0 2956 10077 -29 4861 -8 6008 0 5456 -97 9464 -12 -45 7777 -70 9931 -31 -78 -61 111 3035 0 -39 0 8628 -32 0 0 -29 2926 -59 0 0 7522 -92 0 -59 9464 5891 4835 -64 0 0 0 3071 -6 0 -97 6554 9526 6480 0 5927 -28 7989 177 -26 0 -48 0 4975 1950 750 -1 0 8845 0 7643 0 
-34 -84 6564 -10 0 0 0 -1 3575 -1 1819 8834 -54 -40 317 1410 0 0 -6 1865 3995 -41 992 0 -7 0 8078 0 2073 0 5420 -2 -33 7481 -82 5787 0 438 -96 -98 0 0 590 0 0 3365 4000 0 0 -50 6995 -3 9268 0 10094 -51 3673 0 -44 -34 -29 -51 523 7980 -27 6385 -31 3707 0 8998 0 7928 -69 1272 8619 0 -19 6533 3752 0 6405 -37 7194 0 -72 0 1674 8230 -18 8754 0 -24 0 0 0 -62 7429 -56 4020 0 
0 0 0 -96 4590 -3 9360 -64 3002 -17 0 1747 -45 -85 0 0 -78 -42 0 9559 0 1921 -44 -26 7225 -44 7576 1432 8757 -51 0 3476 0 -20 2877 7437 577 0 -47 6315 2813 -75 0 0 -63 0 -3 5800 0 3507 -67 -38 0 0 0 0 7220 4000 0 0 0 -73 0 8021 0 9429 -22 0 9755 -56 0 0 7990 6157 -81 0 -12 0 -89 -91 4643 3620 7448 2043 0 0 0 -60 -59 -17 0 0 -55 -64 -80 0 0 0 0 443 
-57 0 0 1564 0 6140 -37 0 0 0 0 -93 -17 6333 -60 0 7577 -33 -42 0 1835 -59 233 -30 -73 9959 0 3961 0 7709 0 -84 0 730 0 0 2058 9655 1064 0 0 0 -86 -11 -52 -20 -80 -74 -34 0 -66 2671 6589 -44 0 -88 -22 0 0 0 4331 -27 -86 0 0 0 -31 0 2746 0 532 8393 3678 -85 8665 -8 -19 2533 8533 -4 0 -14 8762 0 -71 7095 0 8972 4948 -59 0 0 -66 -25 0 0 -83 -100 0 0 
7585 0 0 0 0 -40 0 0 3888 -59 -30 0 0 0 0 -79 -85 -68 -78 -21 0 -97 -2 -71 0 0 0 0 -11 7247 -7 2573 0 4878 -54 -61 -15 8429 -72 0 -9 4571 -10 0 4205 0 -94 -78 9769 0 105 -79 -32 -87 0 -22 1145 0 -2 -83 0 4736 0 -83 -50 0 3671 194 -24 5652 0 0 1885 1222 -73 0 -32 6026 8132 0 -7 0 0 0 -10 -92 -93 5052 0 0 -67 0 7753 0 0 2786 -80 8000 0 0 
1717 0 0 2504 0 0 342 -69 0 6304 0 9567 3591 8383 4448 -59 -23 0 4047 9122 0 7163 7408 0 3574 0 -96 -37 7750 -70 -58 -55 5635 -76 -85 -16 -62 2528 -34 0 0 0 0 0 -86 6932 4040 0 0 0 -43 0 -56 0 0 -5 8964 0 -4 0 0 0 0 9100 0 -42 0 0 8942 0 -23 -57 6667 -11 0 6135 1949 0 0 7636 1480 -88 -82 0 0 0 4715 6911 0 0 0 4572 5588 5706 4901 0 2906 0 2013 -26 
9294 -57 8276 -23 0 9340 -45 0 -27 4869 0 -9 -37 -65 -16 -42 0 0 -81 -44 -57 9402 -2 5393 4722 3892 0 -87 -70 2855 6905 8605 9530 1936 0 -59 -10 -80 -41 0 0 0 -72 -99 2208 6977 -85 0 10035 5964 775 -20 -28 0 0 397 0 -41 -22 0 5591 0 3631 0 -56 -9 -63 0 -53 6369 0 -28 8104 8265 8268 0 0 6325 -80 7206 0 988 0 -97 0 -91 5997 -86 2555 -65 5655 7738 5557 7275 3145 2748 -7 0 0 0 
4202 -39 -49 3470 4196 -9 0 -2 9062 -27 0 523 0 0 6642 0 -65 0 10074 0 9416 -30 0 0 -3 1021 6365 676 9087 4650 -51 -88 0 -100 0 0 -24 0 3841 0 0 -76 905 0 -42 0 6860 -69 1906 0 5486 869 0 0 8012 0 0 -48 4279 9893 -65 8650 0 -86 4851 0 -70 5985 8323 -9 7226 0 6863 1099 0 0 6990 0 0 0 0 6036 2662 -85 -26 0 1946 -68 0 0 -79 -71 0 0 -70 -58 5796 0 6369 -89 
0 3400 0 3026 -25 0 0 -70 8998 0 -12 -95 0 4499 8057 6807 0 0 5846 327 0 0 3323 0 -61 6654 -50 -95 0 7620 -19 1484 -62 7113 0 -38 6431 0 0 -6 8696 8746 2352 0 8059 5894 2752 -51 0 0 7911 0 -73 0 7097 -60 7283 0 8878 0 0 8552 -93 0 -79 6030 9997 0 0 -18 6880 3332 0 -55 0 8020 0 5211 148 0 2561 -20 0 0 5367 2080 0 1683 -78 2193 2422 0 -26 9743 0 0 3313 -57 0 -97 
0 1403 -9 -44 -30 5043 8943 7754 0 0 0 0 4183 0 0 -21 -9 -95 0 0 446 1088 2224 281 4332 7906 1333 3768 9157 -79 2689 0 362 -35 -53 8907 -51 4076 0 -65 -89 -52 -65 -98 0 0 -29 0 0 -74 -12 9677 9775 0 -98 -57 0 0 9905 3984 5736 0 0 0 0 0 1336 0 -10 0 -67 4016 0 7263 2756 -60 0 0 -83 9265 -98 9069 2701 -62 -48 0 0 1496 0 4096 2512 0 -51 0 -76 -34 0 0 0 0 
9797 0 421 6892 3915 0 0 5213 6187 0 -19 -22 0 -6 0 1683 0 8017 7378 1703 0 9794 -39 -56 0 6323 3273 3046 0 7256 0 -9 0 -18 -45 0 -86 0 0 0 0 0 1852 4857 2439 -50 0 0 0 6659 3035 9417 -78 0 -6 0 1221 3420 -48 0 3030 -27 0 0 0 0 0 0 0 2864 0 3578 1786 7769 0 0 0 -12 -34 3791 -65 -96 7561 0 -78 5450 -31 -27 7618 0 -30 -8 0 0 -45 0 -42 7604 0 -76 
0 0 7977 0 0 0 6676 -55 4910 7435 -71 2449 0 0 -11 0 0 9841 0 6887 4409 9351 -11 -5 -18 0 0 0 9980 0 0 9938 -25 -24 2598 -68 0 0 0 0 0 3713 -91 0 1200 -83 -46 0 -52 -72 -47 0 -20 0 9504 0 -75 0 9060 5203 0 0 -11 8317 -99 4220 -13 3745 0 -100 -2 -65 -33 0 0 -79 -86 -45 0 4869 -24 0 9177 0 0 0 -25 -24 0 644 7248 -13 7677 6896 -80 0 -1 0 0 0 
