50 50 12 26
576 -13 962 1587 1500 -7 -23 2078 -13 -10 123 985 399 435 -30 -1 -23 2453 -46 -2 2455 -23 1211 1213 2362 -35 -38 -25 -10 622 -28 2493 -43 -11 -29 2484 -22 2175 1286 2143 568 -17 -15 -47 1736 -41 117 689 -26 1851 
-46 309 -25 2396 1971 -38 2468 -48 1832 777 621 -8 226 -31 -37 -39 362 1605 670 1503 1687 -27 2542 428 1371 694 -42 -19 -21 221 -6 -30 -19 1316 -10 360 -26 -36 -21 -24 -44 1064 -20 -28 -18 -4 2097 806 2329 -4 
-23 198 242 -27 985 2525 -37 728 2393 1870 -36 177 1929 -1 2406 -25 -17 -35 -28 454 -9 1728 1529 595 848 -41 547 2436 -25 -18 1358 1998 2433 -30 -30 -4 -42 -25 1720 722 2148 1223 -4 132 806 -18 -7 -45 1793 -11 
654 -16 245 -8 1493 2328 1799 -31 -43 -24 185 -36 -38 -6 -23 1553 -8 -5 -8 511 1274 1688 -10 -21 -49 1574 2108 571 -21 544 -3 -43 1573 1428 -48 1960 -10 676 -28 -39 190 646 -8 -25 -16 -17 -2 -25 -28 228 
2176 -36 -15 1583 564 418 1083 1214 2128 -14 1871 0 1102 1468 2273 253 2186 1036 -15 98 887 -6 -39 1197 -26 1983 832 2332 869 -37 -14 1553 -46 -5 1760 -21 1173 -24 2216 -42 -48 -3 -25 -4 -41 -8 -16 1913 -11 -14 
2144 1248 -30 479 755 417 -1 692 -3 -27 923 2074 151 1839 1723 -43 -10 -17 643 259 668 244 -43 202 -38 0 513 -27 -47 1200 -2 1550 -28 1716 -5 -4 -38 -6 -15 1978 986 2038 1219 -7 1098 -31 -28 -3 788 -20 
1634 -17 -3 1080 -24 -37 0 -1 -23 -47 1422 1143 -16 -16 -4 1221 509 -46 -45 246 541 -49 1583 -45 -11 1637 -48 1237 1795 150 -3 2360 -31 257 -33 -16 -22 -33 182 -10 1480 -34 -17 1027 -36 -9 1627 454 868 156 
606 2283 382 2076 2311 -35 -2 1708 1119 -35 -13 1940 372 2529 674 -41 2165 -11 305 1914 1344 774 -39 673 -37 -43 -10 -34 -17 -48 -24 1984 -22 1349 1383 473 -38 1953 -3 -13 -47 -42 2206 2038 -43 1562 534 1558 -16 -29 
245 2406 -13 1414 -4 385 -38 979 1525 -23 -23 761 1863 2471 -8 417 1126 -41 -9 2052 1326 -23 876 -40 -11 179 1773 -15 1756 -18 -22 -3 1274 -37 -39 677 1746 -46 367 -16 579 439 -6 -30 2344 -41 -49 575 -39 -31 
-20 -17 -7 -44 -26 -17 2145 -42 -11 -41 -9 1412 -20 432 -7 -16 146 1413 1051 -35 1542 -6 -25 1315 -7 -47 -6 -14 1790 1421 2545 -38 1489 933 -9 1179 2148 954 -47 1345 -35 1673 1530 1169 -24 -2 -23 415 1284 -16 
1265 -12 -34 -7 -32 1362 1282 1955 942 -24 2046 -22 -43 1983 -14 1256 -11 1184 720 350 -37 2113 -14 -1 -18 -10 -34 -1 -11 819 -22 -31 2266 -49 -17 -33 531 1161 2363 -14 -34 -15 -7 -24 -47 566 -3 1313 1910 -49 
-19 512 1380 -37 -30 1824 -21 0 2113 124 897 -12 2250 -10 0 -12 -16 228 544 -26 -36 1229 1877 -30 -34 0 -1 1910 -41 -43 789 -24 -32 1277 -32 513 1421 1773 -45 -21 -26 -19 -26 -46 -12 1041 722 -36 -26 -8 
-46 -14 -26 249 1410 1970 -26 -23 -49 -42 229 -19 1990 2430 417 -22 369 186 -36 -20 1455 -42 -11 -22 2387 -28 -44 77 -8 318 -33 -26 1599 234 2363 375 -48 -4 751 895 2076 -29 2201 -22 -4 -2 903 555 919 -31 
-4 -42 0 810 -41 1962 1874 -38 -33 1876 1261 -5 -6 104 875 -12 -11 -5 977 70 463 -15 61 161 -40 2493 601 583 423 -47 2112 738 1764 1472 -24 729 -15 -38 1307 1911 -31 691 569 755 -15 -17 184 117 -10 768 
-25 1308 1683 -2 1472 -20 -35 276 2396 -26 0 -22 1545 -33 -5 -12 607 423 722 2340 2295 -41 391 414 1809 631 1874 -31 -30 1636 714 1898 -26 -7 357 -30 -46 1475 -13 -19 -8 -14 859 -38 -19 -36 -14 1551 1844 683 
2058 -22 1199 1582 1099 499 -9 1070 -40 -1 2372 -7 -46 1472 1913 -35 -43 -12 -23 299 466 716 -4 -40 692 1789 805 -3 2047 2316 1964 859 1481 -45 -3 -29 1565 -13 596 -23 262 -18 2187 -28 -43 -15 94 433 248 -17 
1241 -46 -37 2480 1799 133 1241 1405 -31 2218 -1 -15 -25 -18 -14 -27 1479 -7 1061 2134 1832 -15 -11 -46 1595 -31 2252 219 -16 1465 979 1264 -42 -1 316 2536 -15 873 -33 1311 2490 -23 231 -35 -22 -33 1875 -2 1936 490 
460 -47 -6 814 -45 -49 1955 -13 1434 1272 1580 -47 -8 1427 1283 454 -46 258 -35 2382 0 897 -49 -8 -5 -14 721 1252 -26 -13 -15 104 -9 1147 618 -30 -40 -25 725 -24 -37 2298 2034 788 -18 1118 1890 -46 -3 -42 
712 -23 -34 707 122 -42 1322 1941 -40 -1 -43 1747 1824 0 -34 224 193 1921 753 -15 2433 -33 -3 1094 920 2092 650 108 800 1009 -49 -23 549 91 1850 -34 1778 -38 2227 478 1046 -19 -25 425 626 -23 -47 -10 453 -4 
-36 1861 1746 -22 -28 -34 -19 1587 1116 -39 -6 -43 1109 -33 2226 -18 2540 1423 -44 346 -2 1557 1910 -2 -24 2000 -28 1652 815 -5 582 1196 149 -39 -3 669 655 274 1206 1020 1093 -30 1803 -44 -32 -32 -46 1508 -12 -12 
2530 1342 287 1370 -4 2238 -5 2334 -19 -12 -23 -28 -39 -3 527 1919 2267 2364 -32 -22 1538 55 -29 443 -42 2159 -27 173 -43 1697 589 -11 -22 1680 673 -42 -11 -22 513 -18 746 562 -3 -15 876 -40 2118 1549 1243 -42 
-20 1202 1071 -47 -40 -19 -17 -10 -26 -18 -45 2180 860 -11 -45 -8 2455 -36 854 51 -34 -14 -49 -2 -36 718 1289 2228 624 2052 -9 1911 -8 2227 -42 -16 -4 -5 -38 -14 544 -26 -42 -44 -1 -10 -39 -34 -32 399 
-28 119 1352 -1 -6 0 -26 2012 541 -25 -18 412 -29 450 452 -40 -40 1045 716 1035 -48 877 1442 -21 -46 -39 1309 1801 -6 -29 -22 -20 988 2160 2275 -36 -34 -23 590 -14 2064 -17 -32 -23 2042 1375 702 1577 1141 1634 
739 2272 -3 1187 -17 1407 713 -13 -45 -29 -28 1873 -48 510 608 -24 2513 -34 -27 1325 -47 2453 906 2290 -33 -27 -21 2185 -32 -8 2437 -28 789 2110 700 162 2304 332 2080 1846 0 478 1195 355 1909 -5 -48 2302 -38 2497 
1949 -29 1866 -17 -36 -27 0 1724 -20 1217 124 1612 -32 -35 -24 -35 -31 897 -37 -31 1092 -18 -47 -11 1576 2162 -43 -35 -42 1301 -22 -4 1625 -1 -39 1125 1549 264 -42 301 -43 243 -40 2010 1491 569 -46 332 156 -19 
275 -46 -9 -16 2036 -41 -33 2328 -40 1479 601 0 1136 -21 323 -17 -2 -32 -25 -22 -49 584 673 -10 -10 255 -34 -39 -2 1520 1258 -17 1188 2421 -33 -19 652 -29 2544 1191 748 869 1468 165 477 236 -31 2202 -12 403 
0 1049 645 -1 -10 2339 2047 -42 649 -7 -32 -7 562 2244 425 -3 -16 -1 1051 -10 -49 -27 1730 -38 -34 -23 -37 990 -33 -3 236 2065 -3 -48 420 -26 1299 1073 1231 -49 1885 2397 -45 2243 1096 345 518 1141 -11 -46 
2126 -30 1015 -4 1242 -7 2314 1620 -44 2313 -16 709 -33 -37 -22 -47 -24 362 -33 -16 -9 -1 2171 1936 181 -23 -17 -30 902 2318 2496 1373 -18 -49 1551 -39 1608 -8 244 -38 -46 -14 0 623 1339 -20 754 760 -23 1502 
2371 2046 2468 -20 -19 1905 1162 295 2256 317 619 -35 285 962 2549 -45 2285 -37 1267 1245 -28 415 976 -37 93 -34 1853 2323 1540 -37 1414 -28 1932 1151 -24 2144 881 1379 82 -2 858 -5 556 160 798 -21 -15 2493 -19 -11 
2027 -47 -24 1432 -25 -43 1560 -31 -6 -39 -21 956 0 -43 1986 -4 -12 2246 -38 -47 -45 -14 -8 -34 976 2321 -21 616 599 -31 1615 -44 -32 -34 -31 2088 922 -40 -33 -48 -17 566 2086 1268 244 1066 740 -15 1519 777 
-24 -12 1577 -48 -20 -36 -17 1297 50 -36 1885 -30 2536 -34 1447 -23 1063 1668 532 -16 -3 -5 2246 1893 158 -4 1086 994 -35 -40 2247 705 1309 -12 551 1072 2528 2032 191 1526 1308 2239 -22 1054 -30 -12 105 -25 828 736 
270 -6 -4 -46 1961 468 308 1113 1789 -39 394 0 -35 -42 -22 662 142 1980 2010 -36 -41 -6 -10 -48 -26 576 996 -6 540 -3 1181 1887 -1 -31 1333 280 2422 2135 397 -2 -43 -45 -21 2138 -30 2023 -1 -2 -22 555 
64 -34 2093 1589 -27 -4 -35 -16 -11 1712 940 1639 606 -12 -13 1869 1232 2116 58 -31 330 -2 846 -33 1797 -34 -47 -33 834 -49 -36 -12 -37 -18 394 -23 1044 -37 2496 1859 -48 830 2446 -22 -6 -32 322 1801 1294 -21 
1034 -32 2071 -11 1914 1743 -36 816 824 -14 1849 -40 -8 439 -3 -35 2023 651 -47 78 -4 1459 2151 333 -48 785 2289 -9 -44 -7 -3 -45 -6 -38 -24 1076 836 1787 -26 1265 -49 2359 -49 -25 -46 -13 -21 2453 2079 1539 
56 -23 421 -14 1268 907 -21 -44 729 503 217 -47 1961 1592 -19 -12 -3 -4 -29 2382 1332 1781 -29 2181 -41 2145 1824 -3 555 -29 -29 957 -48 1904 -37 -40 -29 1241 746 2530 -4 -12 -43 -11 -28 -2 -40 -16 367 415 
-22 -27 -2 -23 1743 917 -4 243 1835 -6 -30 2215 2197 -3 1042 1224 -8 1588 2010 1766 -13 -8 1274 1578 2042 -3 -33 -35 -41 -20 1584 76 -21 1627 2180 485 581 312 819 1041 -2 -44 -38 -36 2440 987 -16 1126 1305 1510 
-23 1041 2408 770 1815 871 426 1079 648 -46 981 1393 -34 -44 -30 -15 1429 -46 718 2407 -16 1548 2036 1281 161 2479 133 2281 1177 -21 -38 2208 693 -10 281 2176 2429 0 -36 445 294 2515 207 -36 -46 -40 2272 107 -49 -14 
1986 1851 -29 -46 869 226 -39 891 -45 500 -4 -20 -29 1021 544 1436 -10 1003 0 -26 1072 -2 -31 -25 2549 2490 1379 -37 -20 897 381 2152 2497 -36 549 1013 -2 -28 -29 -20 -22 2171 2209 -6 1055 -36 -27 753 2505 -38 
1742 1712 1167 -37 846 -38 1063 2031 -31 1893 1680 -43 182 1368 484 -20 -47 1122 1173 -39 1294 -1 -34 -18 2110 -34 -30 -21 -5 2387 -8 -11 -43 1944 -37 1087 -42 566 -24 573 -3 -15 -28 692 1979 -30 -35 1069 -40 2430 
-15 -29 -46 926 1965 -36 1767 2240 -25 -9 2113 2380 1902 -16 2086 1996 1169 941 1834 1501 1710 -43 -44 -39 1211 -30 2106 1829 680 936 -33 -29 -20 -36 -19 -20 -44 -35 -3 -42 1961 1955 -28 -38 0 640 -32 -16 -22 -40 
-26 1442 2346 -10 -23 -48 -9 -39 -17 -44 0 -16 856 -22 1410 801 -35 -21 -38 -19 -21 -9 -21 -31 -42 -2 -1 1278 2415 -41 -5 2215 -18 -34 843 -47 -24 1192 564 -15 968 1104 -32 2038 -44 -7 528 -44 -4 2158 
-44 -6 1004 1016 742 -21 -29 -26 1360 -48 -38 621 1726 1501 -14 -42 -18 -7 2322 818 -29 868 -4 -49 414 -39 1893 -40 -34 -28 270 -10 -36 -12 692 -43 -18 -5 -13 1723 -49 828 -10 1214 -12 1938 1871 -2 1307 -10 
471 798 -4 -10 -14 -18 180 -24 -5 -36 -22 -38 -35 2032 1231 1524 -42 -43 880 -14 926 2028 -39 -42 -46 144 -37 -25 950 -46 719 873 -35 -32 -30 901 1776 -49 -36 -42 -43 -19 1906 256 681 1206 1544 -40 -26 1996 
889 2031 1798 -31 -47 2256 -49 -42 715 2192 688 1497 226 501 -13 -35 -2 1930 625 178 2116 1518 860 -6 1725 1201 -2 213 2466 -47 1857 1392 -13 849 1063 331 -8 -4 1786 -44 1916 -43 -40 -41 -39 1517 -20 -33 1443 -38 
-46 2168 -10 -35 -28 165 2112 798 -19 -2 -20 491 -19 2129 -40 -33 2433 -25 -30 1478 421 704 1326 2188 -34 -2 -14 -46 2390 -44 1643 196 -1 187 1938 -18 -17 -8 -40 1341 2435 -40 672 -10 -8 -44 1010 -6 -35 -43 
-16 -9 -48 2179 243 -23 1751 -13 1499 -36 2407 1668 -40 -44 0 615 -35 2476 1074 -8 531 -32 1246 -42 -10 -9 1273 -33 -36 -14 -5 2519 1026 108 950 -35 1126 1873 -47 609 1854 -38 233 1446 942 -43 -12 -5 782 -7 
1810 -15 673 -21 2464 -34 -39 -1 2501 877 -31 2327 1115 816 -4 -41 436 -4 1080 759 1067 2216 455 -35 1853 1674 -49 -40 2177 -5 762 -7 121 779 -23 -26 1457 -8 -4 1864 1307 -33 -32 -36 -25 -27 -35 -29 1528 -17 
1942 -17 1603 407 -5 -13 -19 -32 2526 -36 2175 -26 -40 2077 -19 217 2270 -29 1760 -47 -9 -41 -11 -4 -22 -11 -4 -31 1155 904 65 483 339 -20 1420 1503 -6 1618 -18 2129 -11 -34 1210 1188 -10 -16 984 701 791 -8 
-32 -15 2428 1206 0 -46 2423 -12 -5 -1 2321 -33 1250 457 1809 2343 2311 980 -35 161 275 -34 2172 -46 -5 678 -31 1846 1077 2155 -26 -18 504 -28 1730 1669 1070 -14 2545 2358 -14 1504 -34 2051 -43 -12 777 940 -41 -40 
946 -1 414 -20 -31 -36 1310 -13 2014 1010 2213 983 1234 -42 428 -3 1166 1986 2101 -3 2310 2522 2033 2075 572 -29 1191 -12 -28 2102 787 586 -45 -13 -5 342 158 1994 194 482 -39 -17 -43 750 -19 -12 267 -45 -5 239 
