63 1 8 1
198991742 186988970 186727735 181229257 179473289 177321053 173116424 166990416 165177887 161488640 159905863 154146726 148730493 143629722 142418061 141740495 138760586 137618169 131259358 124209107 124044085 120417745 118855330 117952811 117351722 108561716 107419927 103559567 98129776 95865243 93647287 90549467 82413763 82305176 76454013 75214377 73153874 69950751 69706360 69093426 66943340 59511955 57894519 55903257 52607721 50769935 49646178 48263877 46091801 43336611 43182807 38975846 34402459 32791147 25883728 23481829 20030323 19942153 17184112 10432719 7539248 2029301 329511
705713451
754751523
718162643
897120802
330049492
414173775
864876784
400705081
949146707
450251711
953076012
40412869
422033535
857247268
417417016
320053730
502025602
869428899
90149209
279994974
208151645
492983890
425031401
57726523
29491300
198565057
319175894
465945393
406161342
63851630
899241506
390021417
921751014
482626895
293309025
995229379
252907565
885805901
547715646
36890065
310919221
968813763
55999990
359882714
465961079
788939523
62709723
54524568
502658750
682538705
282662610
949273210
630274730
833918694
684601045
934235939
518918703
548292718
825649011
781708265
762021907
940551562
194661451
