191 2 68 1
199070727 197667053 196850897 196085562 194007407 193237944 193084057 189525863 188555896 180557000 176629049 175567002 173907026 173639509 171848863 171809668 169412020 169390272 169308327 167704182 167618059 167275105 166037741 164872274 163740160 163326238 163271239 161589499 160466089 160423870 159992393 158797200 157344600 157146243 156338311 156332197 153465743 153183986 152163514 151665758 147790600 147551986 144038146 144018810 143793353 143631367 143289099 137728360 137282318 136230348 136106218 136000938 135420058 135322393 135286706 133012979 132951685 131602370 131112180 128846713 128644390 128210809 126593991 126311638 125962908 124480155 124216258 123750099 123504841 123098780 122302164 121848688 121474817 119372597 118814583 112078974 111953911 110520952 109932277 109718826 108217047 106001533 105550011 105514962 103768972 101895234 101160229 98996074 98927671 98615365 98549908 98448551 98099599 98056571 96259894 92784656 92580516 91488028 91295550 91248419 90243787 90095353 89472138 87918807 87883611 87541337 87210859 86905549 83649705 81111587 81092832 77986596 76984736 76864322 76374175 76262334 72817994 70358176 66833882 66732563 66453296 65618561 65314534 63637333 63098245 62708544 61862488 61644210 61520457 60938501 58310369 57634990 56946289 56509178 56051143 54549483 52773637 52541293 51948185 51683597 50666759 48856836 47549261 47073877 46871535 46308734 45697927 45273767 44912694 44531202 42811642 41937590 41789130 39864171 38694073 37267342 34316390 33865048 33729347 33566822 33469512 33390892 31573730 31086406 25910675 25727738 23040033 22226462 21921332 21594799 20476272 20132576 19091969 18137075 17296726 16548346 15438618 15408043 12587864 12419938 9559092 7890026 7306533 7277569 6501852 5768608 4282344 3608543 3554964 2347799 1555550
234287115 857562885
100168557 129093774
614603713 780218690
253504741 315826880
791839311 628220568
40183378 660509486
179885984 177385187
517858063 724534645
382679455 72958374
160888507 579100443
8666303 470336647
765196218 225456136
901548660 646920656
25805746 593194760
784340408 6801648
445630990 535683658
44938631 133169400
846006910 881599460
410259299 80865567
798042485 197636172
579282896 427883327
939987114 201558752
51266777 765290069
360757656 670705759
787423369 266968324
380919293 631427438
125883251 288930835
663131743 152786709
363044139 113921258
860308610 590703423
889244363 439634457
152255987 227945277
950193519 267346386
76433025 480927812
185226937 813688426
303222974 550698986
667763534 455899868
537657986 417139885
275992918 21303621
63576424 101848684
488829184 114628969
585555280 670906092
178259708 798477101
737651419 471591508
194387711 646632731
23570418 594096561
891489346 993390305
808232512 450560883
282656260 857098194
900633523 274414062
296767491 160163683
996167935 467987418
41593095 324299695
994858011 358955732
745532760 625075188
717604545 412811227
496919362 467093268
432242930 142818771
343491992 438995477
130140528 419735045
247755311 658909345
146697795 894738077
164283486 154956167
186644789 882169643
282706308 910935352
268617814 684317475
128595330 813590603
815737464 241809501
921954621 909895673
555381171 511660437
271694110 967177889
549770723 35555052
374432657 664647749
881087269 69971045
115757449 150636812
313757790 223736937
706707706 666618814
327667636 514409028
973364062 830889547
761747730 507542181
164895793 795707460
795540649 902169122
161518965 863889760
891901289 63637938
700193327 944458233
540374412 402921265
607004904 436508045
73974540 683796959
604967468 893744957
885247528 881585377
310830862 723526737
620255203 815304127
373947811 829748913
637401733 540737252
284236162 553611629
532946456 254345762
787838539 961658679
788488428 424957739
113990685 196401892
143220755 910720537
141974045 38436847
245648869 495509990
958356726 107205878
507260030 979983093
624868692 899874363
578763835 896900487
700299368 852642340
192545345 723832391
732513383 166408123
233851638 611482815
460338443 977161518
255828614 237032416
895339024 600318544
389869919 918802558
407749560 836459799
340129461 649682
874355528 350968348
310814975 821465590
445183369 451183390
977500280 996403820
229028679 769723263
242338207 24791192
860910549 399671493
826070455 906530369
238672264 140121370
391730504 64073236
320059960 679349197
281206940 426742817
10452418 704307663
605708867 910907484
913368712 858287671
584304527 662909725
185907695 683507390
277324569 470145441
453704416 985262148
673223482 641427590
822426183 359624521
61513875 436893779
973593495 407219317
821334661 856941550
128817989 854248720
767847354 380106020
859006793 361036170
561980570 11798820
481681312 574866421
913327063 568880900
105867980 929024134
190571746 372836923
494203986 605089303
723509875 626428197
635330363 693871784
101005573 719754115
627363475 396785626
1459031 132545784
173869550 354642290
330854636 51229069
382133726 628736988
360929932 250530861
308525182 483482278
596731585 497254698
328215018 942531840
154069595 106141366
825324228 612623939
300956908 594547051
294175409 376635495
885890381 539626692
391067354 645442699
61452311 170411425
4914284 858028400
340087851 67165895
854329624 97826814
150820651 859640158
306948499 944760255
645910526 779411825
851942935 828871007
395916112 799042161
334947041 468641074
831844879 297015219
737995441 355578798
132354543 249061613
601502029 570634732
210302439 191408317
419186686 980938283
191015090 801296674
690780689 931819086
164411215 851873793
161775447 36151385
864077186 417919393
453693093 296856823
454802001 674751791
82613845 891509751
