84 2 78 1
195679408 194839466 189038136 188680151 188067043 183831437 178666755 177187322 176369069 173161486 172265268 166897357 165393313 164615213 161979045 160972024 159986675 159154060 158605305 157918431 153470823 152080327 150595773 141277821 140452749 140138068 138581939 137435829 135079105 134828728 134429911 122057341 117072082 114837409 112680743 107018131 101793896 100566042 100393324 99023918 97308331 96555486 94650358 93599002 92555799 91848930 91292360 89713739 86473557 80679482 77432240 76393589 74462884 73840898 71256725 60978534 60949082 57299057 54680404 53544053 53256199 50445341 50327889 48747172 48627042 44873505 35294018 35188569 34515062 34348998 32749106 30635519 26065741 25916386 25239625 21648058 21286844 20036718 19749773 19066410 13827960 10096017 6721178 1985306
782714477 35527808
216157606 640573644
203560819 737749331
273816453 442452786
270447911 684782259
283767222 28900574
349440080 659103317
299838667 742051169
580372457 807043911
61108425 793718496
130837407 66157672
740923303 928405
604019286 753077995
715483090 325501262
162769060 118241496
92461228 208708589
13491541 409031563
531107080 106735590
990675941 527601715
504385456 868348356
751456521 666817620
643404256 696658852
961237798 775356998
226584008 282482104
920766168 688179635
482039053 987754693
72110957 707996189
221163848 70386853
646411112 652357462
550037637 486103750
177960190 945123845
627176902 566875818
64029340 547196968
209679742 901269093
835175775 539967885
311796247 859602722
726264218 753257559
932567148 277788062
15565140 13321599
62505039 746071723
827339463 353167697
418822404 640907183
768059106 109044203
333980100 851328290
651356616 508729793
301639740 835735828
558278479 45878812
498347787 346406820
692265346 134498198
867129927 189905290
244764960 433574559
110579193 892349582
815479834 301947899
810305180 338133518
232815129 452989762
140364194 571685244
590910709 738793311
275770351 977362142
644217151 888772370
941398108 546041677
673854648 447860078
863191093 317232502
660258008 397386843
916332988 690793500
334623048 360220949
302866084 302472340
734708328 378812587
118025878 323852103
128099274 395573889
675518895 790444083
465077 988945102
325964544 976999787
121399459 750914335
579137805 622465426
89597379 28026578
544422991 728790628
493969783 136929692
137448370 180093230
999618775 625357316
46642967 775046993
498916141 48628197
553571283 798528707
258869879 821110000
389442862 601443981
