3000
2560 1112
2169 842
692 472
668 35
835 1904
1527 569
2320 2226
1943 2258
2751 193
2261 221
726 2013
2745 180
1088 61
2411 735
2037 2124
2230 2550
794 2842
2947 2382
2229 2928
2847 1659
236 1746
1276 2725
1600 2996
1824 344
2865 642
1813 1306
2180 2553
1993 2629
489 2713
656 658
985 665
1235 2235
35 2819
2357 2631
979 269
547 2274
2143 1145
459 2277
432 2942
2367 2043
1601 1974
1240 1446
334 1051
1988 2076
1237 2943
1348 74
837 572
1607 990
2713 2390
275 359
1884 1815
1451 890
1828 2344
2720 363
1751 653
776 2283
831 341
2390 1196
2737 798
1785 878
1274 1679
370 2259
686 2064
2971 2409
1441 2096
2819 2711
55 569
1619 2280
579 740
452 1461
2504 329
2757 2696
1734 1816
2533 1022
878 75
851 2642
396 1435
1372 2943
89 898
69 2725
2306 1494
2564 883
1038 1368
1682 2902
2904 1333
1948 1671
2970 1508
1608 990
970 2420
429 495
461 989
2901 1723
98 134
458 1604
771 899
1044 550
1470 1488
1940 666
882 2037
2271 484
2985 1196
325 2091
2750 74
2428 2283
2270 2761
2104 2179
113 2068
937 1698
1358 1945
455 1529
1957 944
1048 103
1164 2169
2841 1052
2935 1563
2814 279
1457 2252
582 1194
2922 1579
1087 1706
457 220
2353 2404
2882 1950
1140 2633
513 1281
2212 1305
1622 2627
974 2173
2938 2091
1456 1251
1052 75
844 346
2867 1706
2821 1698
803 2184
631 2184
1858 254
1442 2228
2268 1532
899 369
1490 1948
874 2120
2753 1109
2300 1260
944 2023
1716 391
1907 391
1412 974
905 2145
2458 2466
2748 1708
2646 864
535 938
1810 1190
1455 573
2731 895
503 2812
1655 2884
2536 842
1310 1974
2413 1013
1958 202
2103 2632
2506 994
1822 1120
167 2551
2738 2151
563 6
1688 2894
2774 1694
628 883
1832 345
1909 213
1471 1706
936 2994
2394 1415
758 1016
2880 2696
1482 614
2796 658
1114 1552
1485 181
1174 1389
1151 2858
1138 1105
1973 1870
2192 417
1298 2274
1879 659
1313 1628
1663 1321
362 2994
2017 1349
1414 1659
2581 52
2553 569
2292 2923
2510 349
530 1326
629 2179
1799 1677
2684 1333
1262 2614
2481 982
1797 601
2587 193
1989 2516
2235 592
2361 2854
2794 2853
198 2277
2850 1163
859 352
2941 1719
1665 2415
1255 2346
2162 766
673 601
84 631
2330 2695
1893 1559
523 2617
419 1721
2729 627
2057 168
2301 1421
2187 1251
732 1682
1435 2278
918 1780
793 1802
1132 1564
1540 1735
2381 1674
1198 1624
2516 1494
1461 2690
331 1569
1756 519
574 645
2202 255
716 588
2668 2012
253 1391
165 2594
646 1441
2540 1951
2122 277
1341 2116
1026 1400
2241 1470
2110 2303
2629 1827
1351 1671
1481 2778
2166 1856
1495 978
2811 612
280 690
2772 883
1904 1740
2125 1767
2791 1549
2383 812
2238 808
1411 1745
63 2503
2966 690
1265 706
1728 1763
1729 1471
2582 2275
2556 67
1364 2468
161 2880
2727 1792
847 188
344 2008
1428 1010
572 344
917 592
1814 1092
2020 343
682 1022
1489 631
2118 2575
2981 1399
2387 2575
2538 470
2956 843
2942 103
780 147
2871 365
1134 958
2073 2277
2881 1827
42 2696
2267 2514
2765 205
2339 1711
510 546
2722 2091
1263 1081
1360 1809
2829 1062
1272 2826
353 1018
2461 323
318 2125
351 1679
276 1869
2416 2282
2096 626
2931 2132
2126 1866
2996 837
990 2008
2858 2381
2908 2466
150 2235
2554 2379
1721 1489
1355 1762
1691 1999
1113 1326
1111 1369
260 1473
784 2525
1195 49
2920 355
1271 1886
1656 116
943 1446
2950 1674
580 1739
2955 2627
2768 2665
1623 954
2385 2846
1946 2875
1576 539
205 2819
612 1532
1762 1152
1215 2826
1238 1671
2949 2073
326 254
294 916
405 293
2275 2842
1526 2505
1807 2946
1881 1564
811 2015
2989 168
2486 1443
2827 2286
40 2816
2875 831
1707 1381
2075 2262
57 2194
820 994
2341 2943
2755 1287
801 1435
1386 1049
759 2902
2051 674
946 1574
1906 1701
314 1867
870 2569
2660 1951
2194 263
189 1840
1229 2764
1932 1094
1610 2235
1125 1678
567 539
116 2103
1110 255
714 832
2885 574
1170 2451
2844 878
981 2346
28 877
1582 307
1920 473
305 559
1354 2759
41 2338
841 1674
819 2807
1986 2961
1591 916
2662 997
1849 1993
809 452
627 1589
2063 2937
1850 263
906 1391
2613 1656
999 147
2517 2918
1679 495
220 323
1860 1949
816 556
658 277
1531 2629
25 2553
1378 2694
359 1731
229 311
1004 838
163 663
1894 2361
2967 2018
797 1594
1479 1240
61 2002
2174 1314
1602 690
2266 2617
1356 678
384 1073
529 379
1834 2731
1980 2234
2119 484
1856 1821
1528 837
1713 835
1393 2551
482 74
291 1000
2694 2120
886 2830
2168 2416
16 2476
2766 2980
2052 1551
1299 1565
2165 1153
1157 1473
1640 2453
860 1728
7 2258
2695 945
595 788
533 1058
2912 2711
2345 2695
991 1494
1035 592
1891 843
24 659
1474 874
875 1153
2851 864
2680 586
1673 46
2329 2258
2010 1874
1418 2062
1309 1957
2478 2199
2297 1349
254 1728
2756 277
1250 1193
2251 1468
601 1870
1981 1062
2782 2681
2716 653
1433 1240
2939 396
2178 427
739 1302
770 2073
2354 1137
898 2381
329 2819
663 1827
2085 209
1586 2682
1159 124
1066 2693
773 2711
1053 2408
2958 377
422 110
2987 1182
1542 38
1232 1415
1120 406
2690 1551
2523 1420
483 2283
2620 1217
2806 1536
1283 2053
2832 1739
2983 2053
1642 2731
1126 1076
1492 991
1777 864
1568 272
1420 1341
1649 2189
1409 406
1384 1400
1831 1559
1702 1222
813 2394
1352 786
1994 1886
2656 1835
2777 2409
1733 1896
2347 724
169 2816
1402 2853
118 531
997 1237
645 957
23 1230
403 2642
647 2302
1049 876
995 1833
2487 573
2396 883
1249 427
1383 1416
494 31
787 1922
2170 2102
694 2346
395 1739
491 666
1575 1866
2648 2713
2681 1043
1214 1827
2842 43
696 886
1243 2421
142 2871
2351 2983
704 1326
1398 1708
2735 2864
82 1313
2627 3
883 512
764 1763
2667 1114
460 2404
688 2319
1992 2035
2112 2539
2410 75
2373 62
2090 876
689 1802
1972 954
2917 1782
440 1037
2399 1579
1303 2007
2891 515
1671 1010
557 2091
1525 2827
1979 656
2658 2794
1319 1815
2113 1237
1013 1866
586 384
2303 232
799 423
1436 329
2392 286
1592 1167
2291 2726
274 2880
2789 1186
412 2231
1191 2361
2188 2153
1124 1081
1175 330
1698 1981
81 2726
1508 914
1439 206
289 1779
669 1483
1815 663
1178 2131
470 1145
1534 2326
1321 1058
2995 417
2225 2390
2490 687
951 1886
52 1714
2226 658
1925 163
996 471
1645 499
1078 2179
1725 1711
2027 2194
1357 265
1322 1415
1769 46
2305 2258
1886 1698
2696 1096
1686 2886
364 1289
1712 2025
805 2404
2393 344
2403 1326
512 2062
2500 499
1599 2299
1257 652
2099 421
2664 2711
1929 1870
1861 1728
1589 1859
1248 1011
788 1196
435 495
2102 2235
2728 2361
2760 1551
2206 49
2453 1570
1397 1039
1627 1288
2831 507
2378 2316
346 43
772 786
2317 2096
1689 885
1783 781
1179 647
546 2358
2025 1483
2250 2741
762 843
975 2308
2295 32
1694 574
727 1779
1598 1821
864 311
2986 1815
453 2505
2189 1672
350 2201
931 311
545 2096
1239 495
650 1986
1836 2134
2596 2766
1706 1096
1936 1119
1473 2617
1637 2615
2870 2943
1095 795
2384 439
2804 1036
2816 1081
2046 1916
1017 2405
1 1011
2304 1237
1000 1835
2888 2336
2764 1016
1545 2808
2595 1371
839 885
1687 1031
1597 759
2741 663
2044 2539
1752 2062
456 678
880 1062
143 546
1467 910
1743 1563
2763 270
641 1819
1690 1337
2707 1290
2070 342
558 2408
989 1251
2712 2050
562 1869
2161 2696
868 1763
2771 1174
2639 984
588 1633
671 2235
1422 2722
2045 254
1916 2950
257 580
933 1049
954 2896
1018 2826
383 1194
309 345
249 1191
583 423
1022 2723
2358 864
551 573
2817 1069
2005 1733
1107 1019
2144 687
1172 1907
1875 2092
695 2308
2930 1182
1912 2950
1320 486
1731 2015
442 1286
888 2355
2081 2786
316 154
2031 1260
2398 180
1314 984
2954 2784
596 1728
2619 2048
480 2681
228 1907
854 2854
2505 1240
1067 1957
633 989
129 2894
708 1325
2964 1705
672 363
568 2599
2272 874
643 518
1207 2836
1055 235
1387 2151
2524 1886
1285 1974
1092 474
385 2278
1452 2275
1877 759
2594 1212
2332 1848
2593 2500
1158 2621
1290 1062
2614 2035
2537 2539
900 2435
2047 915
952 1741
2006 592
147 377
2190 1996
1346 311
2237 2103
2530 111
657 79
2239 43
2055 1452
746 574
389 512
2088 1758
1844 2298
921 1693
387 2079
2555 310
13 1789
2634 2826
573 2584
620 1827
611 2274
2494 2205
681 953
1636 1420
1951 1723
1270 831
1758 2672
210 2345
1857 2103
1279 2395
53 1340
2645 922
2117 1119
796 2091
2786 580
2535 2023
2863 1167
301 1022
2406 666
2686 238
619 1096
1965 2636
2325 1023
2558 1036
2797 1604
408 569
693 2466
1340 2696
2484 1163
447 67
1548 272
702 2761
741 592
680 1954
1323 1022
2855 2179
2496 192
1715 332
2155 945
2905 2410
1139 1874
1744 2837
938 1896
1539 692
2343 759
230 1608
2344 1516
2778 1870
1723 2816
1426 1389
2199 2983
498 2060
426 580
1970 451
2795 2853
2726 2837
754 1625
962 1713
1761 2550
67 843
2158 351
2606 1821
1753 2502
1333 223
2845 1190
1415 1153
1871 1037
1974 885
369 2076
1074 1355
2600 110
1149 731
342 192
1873 782
1396 890
2610 755
1513 1260
1203 2615
2163 2551
227 2316
840 2819
469 2002
2460 627
584 1079
62 1608
2495 2070
915 2958
2232 1574
1984 2120
1291 1096
674 1274
2543 569
1332 2231
450 2131
895 440
850 2002
2451 2381
2849 841
2288 2358
1764 1240
1301 2078
1730 2133
792 1416
2287 992
2414 1342
2425 2582
2417 311
1286 2145
1063 237
2029 663
2137 3
1454 531
624 1607
2197 549
591 2420
2604 2538
775 2896
2874 2274
1653 2586
1367 2062
90 1994
825 365
182 1348
592 1763
315 1496
144 2018
1045 2826
336 2172
1106 23
768 362
700 1446
1020 549
934 391
1900 2121
1908 2381
2899 1815
2223 1674
993 1779
278 1589
2157 427
1968 25
1143 2116
1075 837
2210 1431
1012 2064
1827 2826
484 1240
842 580
605 2102
1161 1051
235 217
1818 220
2388 1821
2066 2124
1617 455
2805 2091
960 1251
1736 2602
634 47
1434 1816
1742 2153
552 2182
1795 2943
75 1196
1289 1256
1609 2361
171 1039
197 344
630 2035
37 1974
2685 1416
241 2690
536 1739
2181 1251
1521 2283
1440 1103
256 2091
1588 1671
2513 42
1024 2151
2391 1708
1738 2655
2355 417
2198 659
368 1599
2747 843
465 582
2730 571
2243 1298
2256 2205
1897 1580
466 572
639 1326
492 2784
2853 2091
828 1374
2283 2420
2209 1711
555 277
992 916
1252 1764
1394 1286
1704 955
2148 1698
1370 1081
68 180
1133 866
1584 2008
2580 798
124 207
2503 864
749 2761
1268 2103
401 255
2577 340
1596 2194
1448 2062
2053 864
1076 1152
211 26
2940 1511
1209 890
263 512
544 1011
85 49
1421 2082
2744 1080
677 1763
1732 1551
2222 1714
2873 2516
1594 2319
187 1182
471 1633
1867 2266
755 1774
808 1536
723 1536
1615 1062
2781 1827
1720 61
1938 2295
1199 2436
1220 474
2622 1399
2021 49
1011 2179
1406 1926
2149 2597
2566 85
2471 1496
2043 263
1570 678
1848 2053
1678 812
1820 192
1054 517
425 831
415 2394
2380 1866
1491 1981
2653 2706
2455 626
2083 982
608 2640
1880 2196
655 1708
664 1951
822 1465
2890 2105
2167 1764
827 1496
1959 47
1115 997
2893 1886
872 2827
2711 990
722 2749
699 2542
504 391
1278 510
1162 1049
2586 2695
1236 2227
1549 1217
1476 788
2173 626
1519 1698
2439 715
2790 2453
2567 1631
2468 223
1985 770
1776 1358
2710 2808
1816 918
1091 876
1862 2694
240 2713
2233 572
2636 2722
2509 1345
416 1529
2328 1286
66 1153
1273 222
1427 486
1523 1079
765 2647
2491 2208
343 2308
2327 67
1449 2153
2497 2190
381 2830
606 2117
2952 391
2296 1870
2979 75
1708 1240
2562 417
2056 377
2878 1377
2678 1011
740 1011
2507 2508
1284 1654
733 1167
1189 1494
1868 1574
1177 2645
2321 1708
1766 2539
162 2505
2400 2008
2438 725
2368 2215
1949 841
2592 663
2559 2415
1246 800
2689 110
2798 1543
252 2254
506 1420
2483 1182
1556 237
2833 2749
80 220
193 1040
298 2951
9 2681
948 423
2801 1996
2242 466
950 1391
2082 2807
2284 2408
1029 984
272 781
1288 2408
1612 417
338 854
1944 1011
742 1815
1737 801
1533 1688
1926 388
1009 292
2743 2285
1838 1769
763 439
2573 2102
1669 180
2265 1109
1171 1096
1864 574
2830 1674
1060 1453
1853 26
1005 1558
93 2816
2397 2184
472 2774
247 2145
1567 212
2000 1532
2916 687
2886 344
2990 2459
945 2816
867 2884
2650 1150
1561 1389
2127 1521
2482 2723
378 2914
190 2784
1536 2215
2249 1305
1196 1096
2420 592
2395 1869
168 1022
731 2955
2084 2184
912 2118
1329 1463
1726 271
2011 2916
288 440
1399 2035
1930 406
2319 572
1242 2967
135 618
1116 162
940 274
2687 1565
514 1589
703 1136
2674 1491
826 2009
2498 74
2071 1444
214 2092
812 958
237 798
1315 221
1208 440
2541 180
1887 271
1267 2059
2307 3
157 1018
1264 2151
2635 2845
676 1549
1931 2433
1496 1764
2276 1340
1173 922
1008 1635
508 1917
1792 945
2224 1981
1923 2215
786 340
1256 595
264 2623
1772 1296
2128 270
2994 837
2746 1196
2838 1416
2448 2861
2333 843
1019 2539
310 1859
564 997
290 2050
1077 2466
65 440
1910 2750
1122 685
1007 1848
2525 733
1648 1039
1287 365
1494 2854
581 486
2837 1494
1630 2008
2151 2035
1869 1034
2108 2451
1104 2980
1330 1789
1368 1473
2944 1345
176 1671
1918 510
2290 1503
736 1812
1801 486
2943 1999
561 2120
21 116
1228 2958
213 2266
1347 2723
1169 864
1497 1043
1517 1974
1475 455
2356 2115
856 2115
2892 725
1914 716
2244 662
1530 2146
2692 213
2109 365
570 49
2914 1037
2432 134
2086 1520
2216 206
2245 2129
1224 724
218 2062
2788 2285
2195 1062
2599 1094
1983 1524
1901 1237
2736 2415
2749 1290
1825 1559
2035 1446
436 470
2415 572
1718 462
1487 59
1969 323
517 1196
1890 1908
889 1770
1416 2073
1987 1611
1631 2048
1145 864
1506 232
578 1150
2423 2640
2068 2296
2080 912
959 592
462 2398
2429 1290
2312 839
649 2587
2203 1258
2002 1766
2999 2631
1033 2690
1998 786
152 2275
2550 484
549 1286
1068 220
105 417
1976 59
781 2415
1081 1196
2548 1866
665 2410
2965 1711
1625 1608
304 2837
402 746
2665 1300
597 421
2375 2690
1127 1708
2376 1151
1803 1011
477 2183
1578 353
1056 1954
2915 269
2215 2021
559 2629
683 1916
1437 1559
2988 1684
2702 2007
1971 536
1432 1958
337 2569
2348 2182
1016 2361
191 1443
964 666
2552 1505
2121 1728
1571 1763
1100 821
36 1996
390 1503
1037 180
1809 1674
130 658
1245 1349
2666 2961
1745 663
311 1062
2895 2072
903 2474
1282 804
1293 1011
1550 1016
2318 1807
308 664
372 237
2846 1763
2570 2387
2231 1575
1062 2091
2802 539
1865 205
1703 2617
955 828
2152 1836
394 1812
1997 2904
1446 1674
1794 1236
2004 315
2984 2118
1833 1389
909 1611
1466 2853
705 783
2508 698
636 2784
1941 2696
927 2420
660 1737
846 183
1635 982
1647 1869
1072 539
238 2695
270 2829
1749 391
1328 1081
2616 2240
2142 1693
1112 1104
1099 1735
1202 890
2408 2950
2783 1674
953 2278
2977 2035
2993 1177
2100 2730
2889 2077
443 1036
2227 1628
2374 2141
1336 1674
1750 996
1210 2688
527 574
232 1511
833 2103
1294 221
2618 6
973 1291
413 2153
1165 2870
2754 958
2298 1441
556 2410
1855 1541
1213 548
2433 466
1555 2784
1337 1588
1950 944
1632 659
224 864
2097 664
884 484
1710 507
1316 250
1266 1408
515 2076
984 417
2067 1051
2869 271
1922 1346
1830 2836
1705 1062
2 2851
1735 626
1646 2787
2205 1551
522 218
2654 843
685 569
11 837
2138 461
86 1583
967 2346
2976 626
123 1503
2739 486
1046 1529
857 2294
2466 2361
2350 1081
963 1389
2679 1608
911 417
550 2124
2598 1154
1259 843
1102 1196
2421 2319
1510 846
1444 247
1859 2466
1281 2005
1564 571
1031 2358
613 2629
678 2880
2156 573
1711 1589
1424 1518
2424 2584
2701 91
908 2452
876 2466
2007 2967
361 2422
2124 94
1375 2077
1574 531
397 1133
2697 2420
1180 222
1205 618
1089 277
815 2942
838 1565
2360 2205
1304 757
2884 1011
2469 1251
1417 1177
286 2379
2657 1096
1614 1529
1870 311
2848 984
2264 1494
1872 2361
982 512
2534 2123
166 1168
1445 2433
2488 512
2363 1617
1021 486
1166 890
718 654
774 2935
1365 382
836 678
15 1764
44 1148
2407 808
2159 2648
1593 344
1942 1957
2584 377
1583 937
2758 2264
2258 592
349 1416
1961 1603
43 2103
2551 2854
1585 2731
2571 882
146 2711
448 1270
1350 815
554 2538
1390 1536
2714 2184
1905 26
2114 1314
101 2832
1754 2268
1334 2462
769 1036
1748 886
2452 2283
2172 1891
2900 895
2909 2258
2255 585
662 379
735 2092
1747 637
1499 1079
2049 2787
585 1503
2405 1608
2527 1633
420 1415
2872 84
2062 43
604 1672
687 1802
2310 2322
186 1062
115 1637
626 2853
2675 685
222 2078
1790 220
2864 2812
1741 340
1392 2492
861 580
345 2632
879 344
2733 1558
1982 2124
1952 2339
516 1812
476 1194
2150 49
478 1325
2313 1542
2139 1647
72 2285
2308 2629
2576 810
54 107
1680 1764
463 746
2670 2076
363 1171
873 2639
1674 843
382 1446
1085 2636
2511 1981
277 1196
2359 1182
2389 1062
1515 2786
2800 843
140 812
2807 408
2311 455
2336 286
566 2476
757 61
487 1439
233 2632
519 74
2563 2650
778 222
2499 506
1036 309
2631 311
2164 415
431 818
897 2436
285 1764
2253 2877
1634 1394
1234 790
2928 2575
1041 2401
2812 2410
2041 404
2444 180
1034 2420
356 2774
433 1698
1117 2652
1693 1780
1404 654
2919 1608
2630 2761
2095 2830
2072 2099
1425 2235
632 147
2470 853
2704 1414
114 757
1187 2008
1121 1998
1945 1105
497 2141
924 129
434 2749
1947 2361
892 735
2683 1607
1939 1604
2810 350
421 1189
14 147
2759 762
1153 1196
2528 450
64 1654
644 2103
1675 2488
2557 1258
410 2434
2836 2785
1798 2790
2501 2837
2412 2264
1924 987
810 2123
2906 1212
1486 7
2401 1191
1817 1993
1990 1168
593 1217
1082 301
1866 7
761 1457
194 2880
2426 250
653 795
188 1705
444 2419
341 2629
1119 16
571 1998
1065 957
2927 2417
423 2077
2512 1710
1403 2925
1552 2358
2609 2846
1223 2312
2957 916
2742 1665
1746 466
1326 1698
1629 1251
1221 636
2015 1058
1569 1171
1057 1446
1775 2008
300 2261
474 2812
1685 529
248 985
354 2826
1130 631
2134 2361
2539 344
26 1011
2611 1276
910 2896
1185 1194
1488 918
1183 2196
753 1291
223 1821
2671 1655
1572 1706
2059 2429
1297 2174
1755 1081
360 867
2898 271
2857 1966
1391 1253
853 2450
388 812
966 1840
499 124
766 309
2526 486
468 2235
2672 1182
2612 2361
77 2433
928 2390
1363 2474
1108 2886
1204 2035
2974 595
1757 1833
2038 1805
798 440
1991 2363
1529 1290
1500 1036
1325 2723
521 693
51 268
684 213
2773 2547
1616 323
1377 666
2217 2390
2079 720
607 1770
357 1655
1771 2785
2196 474
2698 1251
983 74
1083 495
1915 2289
855 1333
439 2534
2936 2854
961 1555
1652 1654
322 2451
481 2073
1176 1954
1443 307
500 932
913 1277
106 1916
531 49
2032 1081
679 1791
1781 160
406 180
1604 1999
728 1790
2784 2605
2978 2485
1562 2631
2946 1418
1501 1251
709 474
2565 2943
2809 590
881 2827
2219 2334
2475 2144
2929 1870
719 1333
1847 1779
2515 1744
916 1096
1937 2361
313 2615
2286 1589
2605 134
485 2958
2141 2017
2036 2429
2834 2902
2153 843
2972 2681
2352 2215
1201 2278
475 2103
1963 269
2948 823
1349 991
2016 1374
1628 49
1206 1475
2676 1260
1767 472
2770 1716
949 428
2651 205
1566 2896
779 309
1438 2408
1374 2880
2963 344
1028 1251
1760 1466
2474 1916
1419 1536
848 2410
1541 1400
2574 2946
1344 24
131 916
2260 678
179 762
1898 759
170 116
1230 1835
2200 807
177 2077
621 915
103 2235
2254 2819
1464 1923
1212 67
2649 2338
99 618
2294 1324
180 277
1774 1175
438 1012
2803 1735
1606 883
2913 1361
209 1341
2060 724
743 1613
2404 232
638 2304
380 1286
392 1171
598 2764
1667 637
88 2259
2688 323
804 486
2547 1625
2147 1594
2334 2234
2257 2096
701 1867
1935 267
2709 1062
2220 2844
32 1426
2369 43
1093 568
1724 2451
74 2816
226 1099
1537 974
2934 1574
2280 2299
2259 2124
894 531
225 2283
1557 626
250 2629
2493 2962
2700 1751
2434 1551
869 2842
133 1118
2309 486
102 2607
2932 223
2699 1016
1789 1643
127 2467
1878 1196
540 2837
2431 1182
923 2008
33 699
1779 74
203 1834
1025 1869
756 1990
2626 2316
31 808
2644 2853
930 2616
1146 2516
10 1358
537 1394
2828 254
1661 1624
2624 1733
2615 2546
2815 456
1819 1607
87 623
1874 116
2588 559
577 2390
2409 569
1090 662
1227 1240
2314 1739
449 1431
534 2274
2211 1130
122 417
2365 2714
2725 982
824 1182
509 470
2602 1240
2123 725
1094 2539
2472 2706
493 2632
994 484
2445 2537
501 626
2135 2525
1338 2102
1197 2179
1373 2904
2208 1835
1381 2550
1805 637
1154 1252
48 277
651 1990
1050 1302
1996 315
1639 1171
1966 1815
1379 1951
1902 2834
1882 1096
1788 2587
891 626
281 62
814 1815
2191 2264
2030 2923
2732 2231
2589 253
2026 2076
2427 421
1253 180
667 484
2813 2395
2370 569
2575 1034
2221 1763
717 2857
2204 218
1109 1779
2293 572
1051 2017
1603 181
1447 2766
1522 347
622 2466
340 1674
1919 392
156 1096
2762 1674
2477 1472
2877 1081
1502 2950
321 232
73 810
524 1446
2661 1763
119 29
323 103
327 2336
2659 267
1577 1071
845 349
46 103
2519 1846
2641 1674
1638 1326
2028 1581
1335 1837
1740 2749
712 589
261 1109
511 2310
2247 2581
1163 2153
1058 539
271 2466
2463 1954
1302 26
2961 1549
1934 2023
2677 399
2447 1674
303 1094
2897 2240
2182 1010
1105 2420
569 1340
2248 1524
2201 1505
2703 1277
652 1886
377 2420
1247 2076
1101 1787
1518 1092
932 1443
2022 2832
95 1891
1700 1160
307 2235
1505 2184
1503 1463
2669 1296
2823 2761
919 1907
922 2434
1407 572
2338 1081
610 1277
2617 2264
464 1129
614 1997
1514 1633
1580 2344
1650 308
675 2827
2116 1016
355 2266
690 43
467 1536
2436 2235
2302 2179
1478 1763
1361 2316
942 1674
654 2073
2973 1171
698 183
2706 2235
2531 918
151 599
1493 2911
1692 1978
27 414
724 418
750 1171
730 808
446 1270
2213 665
1343 2688
2719 1081
1258 1608
1956 498
202 2962
1459 957
1061 2618
939 323
1672 2446
1251 2091
832 570
2419 2076
1978 588
132 1415
902 2683
2769 2121
258 1016
525 26
980 1765
2133 991
2218 1305
926 1096
618 2617
1668 1153
71 2091
823 2059
1666 2058
2715 1833
2860 2960
1507 2805
925 159
2274 2466
623 1145
2441 2837
2349 2459
1353 2722
543 992
45 250
2902 2785
1791 2672
2793 1744
1823 2581
706 2774
137 2381
2621 843
97 573
2459 1589
2785 2235
2852 1974
367 2812
2465 1896
1010 916
2003 841
1551 2064
201 885
295 1016
1200 631
2968 470
1477 901
2316 895
2625 1606
107 986
2366 831
734 1637
661 392
1292 433
2061 1682
371 2539
2207 744
1380 2205
430 1807
2228 1174
829 2231
2092 1300
1511 2466
192 1859
2998 1655
279 569
2717 1249
6 1290
1015 2235
1843 2085
2145 49
1999 1340
34 1418
565 1096
1595 188
96 2950
2449 977
670 1761
542 2722
1837 1473
375 418
1852 2960
576 1256
2854 843
1142 1911
710 2183
1851 375
2546 1763
100 392
887 2257
1651 1252
2579 1608
1295 2576
2132 213
49 1859
1376 913
393 2078
2263 1333
751 391
518 574
128 1196
1430 2134
737 1628
2115 486
244 2617
207 180
2289 1679
204 1706
2160 2958
767 1253
2456 2958
1889 1981
174 2522
659 1579
747 1845
2023 277
2705 2099
637 1290
1778 1298
2098 351
195 391
1450 1394
1152 1589
125 267
1573 941
293 556
2087 2546
2544 2711
1317 427
242 2390
587 1246
441 778
1896 180
2776 1341
2822 309
2322 279
92 791
83 648
1658 897
2640 2002
2820 584
617 2617
1001 2722
2236 1740
2911 1133
720 810
181 2258
1782 2429
2633 559
379 2105
2787 1470
1222 1694
1181 1957
184 2696
1226 998
1369 1772
287 2833
58 311
111 2071
532 2616
50 1866
1524 26
609 2105
2034 1095
330 2854
183 2842
1484 2285
255 2021
1167 2627
2960 1633
445 377
2502 1948
76 2253
2285 1764
1408 2313
2443 1194
1659 1136
1030 948
697 2258
2176 2466
2446 3
2282 496
2013 2711
1362 221
428 1245
319 2880
691 1079
2042 2972
496 2145
538 2141
603 363
1763 2008
358 49
1244 470
2175 635
1217 592
2277 990
2131 2109
901 262
1327 922
977 571
1560 2613
1835 1011
2430 2539
1359 2950
1773 1363
890 2636
267 531
1770 1656
299 2072
2435 1252
2076 1018
2642 218
1429 2514
1554 2183
2718 2283
1032 843
121 1679
1103 2553
648 831
155 873
1696 876
2933 2551
2723 1230
802 1655
1899 75
2903 2405
1389 2153
234 441
1954 2177
2184 989
145 1034
502 1974
877 547
159 1900
1624 2235
896 1819
2887 2698
488 35
800 1511
941 2973
158 237
1964 1786
2342 1013
1579 1532
2065 2621
259 1859
715 2451
427 1081
725 1062
1131 654
1023 1834
1684 2228
262 2726
2856 1272
2568 2008
2825 1037
2262 1499
154 1687
1784 74
243 2816
110 1835
998 576
2186 1076
1697 1196
1618 1189
424 1546
284 2505
126 1291
20 1588
104 1870
47 116
1840 2914
348 1323
1903 2021
138 871
2467 924
1254 1885
2591 270
666 895
400 1066
599 386
2140 1604
1413 1431
490 269
2372 1706
2876 2307
2926 2405
602 2319
1070 1091
640 821
1796 706
1318 512
1331 595
2492 2569
324 1094
2418 1655
1147 1974
1144 2904
2663 379
1469 211
273 531
1190 427
1620 35
1558 1719
148 2416
2440 2173
2603 2121
1463 2816
1128 843
2655 1628
865 2696
1300 67
2868 1846
1465 1517
1123 1059
1563 2346
1308 49
1312 879
1233 268
2437 1916
957 2205
297 1480
575 2609
266 1536
2542 2485
782 1438
2464 918
817 2904
1296 2264
507 2546
1003 612
2019 359
339 2854
821 1925
1192 997
988 2268
1621 2550
1892 766
1921 1744
112 966
2364 1170
149 1766
2590 2115
2910 2115
2866 1835
1804 2819
1305 495
2561 982
1080 1966
8 179
172 1766
2111 2830
418 1837
414 2550
1727 340
173 1228
2331 767
2721 2188
1845 1899
30 1916
2402 1659
1269 1526
862 2064
907 1739
1096 2008
2969 212
1135 346
1280 740
807 2415
2012 2880
221 885
269 2316
1808 1136
1793 33
2450 1154
2775 1764
2991 2246
312 2235
282 417
2601 1174
1995 1764
1911 255
1225 864
1543 194
2583 2696
2652 2280
473 2246
1400 2102
1535 332
1155 712
495 2346
2479 810
1787 2725
1811 1354
1002 2020
1342 1253
1431 1974
199 1728
178 1453
871 2174
2050 307
2094 61
2607 2228
2009 1137
914 52
2925 1350
553 789
594 1628
745 2408
1714 307
2326 1361
1468 901
268 1251
1876 406
1917 631
2377 746
347 1994
231 1976
60 2258
1043 2694
929 877
2130 2338
1261 2199
1654 539
1160 2616
2724 831
1722 914
2335 2826
978 222
1644 150
2382 1184
219 2205
1395 1453
1460 2062
320 1506
1097 2057
2799 427
2628 1494
1683 916
1883 2338
175 1189
1641 1058
208 347
1826 559
976 765
302 1870
2862 351
2101 1574
2386 2215
1719 1974
109 302
707 1516
1472 471
451 510
1480 2943
1184 1782
541 1374
479 116
858 2967
18 1799
2136 1589
1311 1191
2767 440
1676 649
2077 2462
160 874
217 663
2146 1555
968 232
2480 2169
1670 1516
91 2458
4 2794
2246 623
373 2322
17 85
2691 1350
1504 2316
2840 841
2839 1514
1587 1907
1768 1076
2315 1337
1913 2179
752 636
2299 1835
59 26
2693 2095
830 2670
454 1290
2058 1348
852 1414
1701 2304
2923 1251
2323 878
1006 690
1812 1688
2835 2283
1546 1377
196 193
2039 1486
849 559
834 272
1657 2179
2962 1332
296 1005
2106 2274
365 344
1339 1140
200 20
1182 2816
920 1258
1695 569
212 26
528 2526
1040 49
505 309
969 2379
215 997
1156 795
2193 2142
1662 2009
1218 471
1565 2012
806 1001
2623 506
2518 1574
1975 2096
2673 539
1512 1965
265 1687
417 2179
2485 2319
398 843
2597 945
1059 2050
1079 1999
1306 2072
2532 2859
1626 1333
711 927
2177 1859
292 571
748 2213
1544 79
1516 1744
251 1818
5 1966
2269 1782
2054 2767
411 2179
1709 421
366 990
216 1711
333 1896
2638 531
1955 247
589 2985
245 2021
1137 572
1927 1217
1458 311
539 2551
783 1348
1073 1716
1677 2613
12 440
1042 237
2069 221
2921 1797
1821 957
120 1081
1423 2283
548 2789
404 486
1953 497
2185 2284
2734 758
2093 123
590 941
1895 2278
2064 1196
1071 2099
1366 8
1633 1153
2179 2091
1759 637
2918 123
843 1763
1069 43
2120 1494
1739 2361
3 2266
600 1986
1219 582
2018 1728
2572 2145
1277 2722
2569 351
1098 1786
376 1611
1547 2115
1842 1706
1611 2073
744 2503
2953 1815
1590 440
1382 625
2048 222
386 283
1806 1012
2549 1171
1800 1473
1401 2099
283 277
1553 2259
2476 365
1888 983
987 585
136 559
2992 417
791 1574
1462 2058
2278 1859
2637 1389
713 2552
2529 2355
1933 2426
2982 1463
94 2405
2752 559
1275 766
2442 600
965 1706
332 804
785 195
1064 43
2522 1168
1194 2205
139 247
108 945
2945 1827
1854 914
1260 2120
2183 2632
2824 222
1660 1194
2883 1564
1141 1744
328 2158
1829 7
721 663
2924 471
78 2853
2462 1251
947 134
2154 1965
2894 984
1786 535
729 916
1405 537
1643 1870
1520 985
2379 2458
2975 2465
1498 2785
1664 1073
2107 2133
789 890
70 727
2779 1182
1136 1096
1605 1104
2740 2258
893 2409
526 1154
399 20
2105 1426
1717 2304
1086 1574
885 864
2033 1878
1168 798
2896 2395
239 2023
2040 1189
486 2078
560 574
972 2711
760 2825
335 365
1188 2526
2907 2145
1532 916
2980 247
2545 1240
2643 2567
22 2123
2761 1951
1780 2390
904 2500
56 2587
2859 2250
2371 2073
2078 740
2826 2274
1148 2433
409 1744
1699 2665
317 183
2780 1551
866 2307
1027 648
2792 601
777 2286
2521 1859
2818 2508
615 1780
738 2492
2959 2132
1613 898
1863 2196
2457 2109
1211 2394
29 884
2682 2690
1371 121
1885 207
2454 388
1014 2179
1839 1954
986 1262
2489 1349
185 1551
1802 2410
2240 486
2214 2386
1581 1761
2234 2827
2473 591
2279 666
206 421
1084 1684
1388 1463
2514 2382
2708 1031
2879 1133
1385 1150
2647 725
19 272
1118 839
971 2923
164 2179
1216 1819
1324 351
1846 2506
1047 626
2346 180
2578 2390
2843 843
374 217
3000 363
1841 574
958 2274
39 828
2252 254
1193 2459
2997 350
1681 1443
391 1529
2001 2282
790 1848
407 2091
1241 1196
38 1848
2014 2827
79 515
1150 2550
2324 2785
2861 2764
1345 2293
2340 2405
2281 363
153 789
1410 2599
635 2037
1962 406
2520 839
134 209
2337 2506
2951 967
1967 555
642 1012
2024 1919
2808 272
1509 293
352 2410
1960 2148
1453 1399
2089 800
1538 2551
1765 150
1186 2819
1559 19
2362 35
1928 1934
437 592
1039 1351
246 1339
818 2405
616 111
2273 2283
863 2605
956 592
795 192
117 916
1307 2476
2585 1764
1977 2547
2171 843
2608 1973
141 1741
1231 591
1129 1705
935 1058
2632 1286
2937 766
2422 665
2129 2794
306 2693
2074 1300
1483 1182
2008 2091
625 2688
520 1394
1500
1163
514
1466
2125
2903
2169
2580
686
379
314
1594
2001
2404
1833
1278
857
1350
159
77
99
958
789
1704
154
117
1980
309
1809
2069
493
2748
275
2368
2692
1613
1011
374
342
697
22
829
1064
180
1477
106
632
2504
581
2891
2637
1538
62
1129
2894
1174
2735
2865
2926
704
424
2972
1396
659
2568
2755
2786
1978
277
2758
1441
2215
116
657
1460
102
320
1910
2054
338
297
2927
2956
1955
600
1002
1848
2421
1834
2745
2859
1422
158
268
1724
1804
1583
1744
1956
680
237
226
1393
2729
949
1635
2877
2209
1273
2699
2503
54
575
1208
1780
2651
1184
867
138
2922
1153
797
2766
281
1196
1759
1480
2347
2635
172
773
2357
875
1076
241
782
1199
301
2289
2377
2567
2121
563
1768
2244
2320
864
429
414
971
28
2339
938
2837
716
387
2231
642
2147
987
727
2648
1952
285
1074
1307
383
1917
257
86
2437
1452
856
1574
1557
2363
2761
2852
740
1998
392
236
1220
2525
2817
1407
2930
692
2195
1989
2514
977
490
1127
2723
2043
1244
2867
544
1822
1272
457
2108
1291
328
653
623
2156
986
534
1414
1558
1899
1022
752
473
1579
2910
108
211
2725
1791
2714
2261
194
1668
2989
1266
2717
1453
2227
1211
2596
51
2075
319
357
1561
2502
440
229
231
2249
1996
2951
1687
1235
322
234
496
1442
2665
1503
1446
129
615
1225
2317
695
2571
2520
815
2486
321
2849
2904
2151
2982
667
1300
456
945
1842
1327
2772
2398
2793
2131
2353
2200
411
1866
2545
2977
500
2217
2476
271
2905
2592
359
828
1410
725
1400
2084
2529
2802
190
445
2539
1617
1132
1253
1949
989
2811
181
775
1596
44
2091
895
2425
1170
2007
1563
469
2864
539
1784
820
1997
2041
225
385
2708
2524
1303
2863
399
1657
957
1379
620
2731
2361
2826
2777
302
1835
1277
929
2672
1795
1087
735
1977
1370
2975
1089
1817
561
2898
1972
1107
2051
345
2190
638
572
1476
2392
1572
1281
927
69
472
1921
2434
1888
1632
602
273
1294
2608
1830
2161
1950
1139
631
1985
1406
902
1566
1920
1524
611
2335
1838
177
453
524
2240
1627
2114
896
2048
1431
868
422
1251
2280
487
2288
2394
2944
2779
562
163
2204
2064
60
1162
1994
878
1231
2310
2198
10
2667
37
2501
1961
2732
1149
2319
1592
421
546
1250
2118
2929
63
2660
935
1295
2435
71
587
1886
1852
67
1102
1982
881
1383
1316
630
42
1905
373
778
2205
2274
531
2305
1928
1093
1623
2853
2671
1005
1916
286
1160
1275
1837
964
545
2445
2218
2677
1853
1725
1879
551
2573
787
1456
2559
2576
74
2173
931
1206
1483
1528
701
2875
1773
2656
790
2481
2354
1085
1348
1500
2312
93
381
55
707
2757
1887
665
1679
1719
2260
723
844
463
683
2601
2430
2800
2448
1676
909
2444
1315
2752
431
866
1743
2150
2778
1754
2498
377
556
1755
584
2627
1142
2475
486
185
483
2144
2181
1839
2232
2700
2117
2088
1134
272
2248
1709
260
1705
1067
2861
258
585
2087
954
25
2528
758
1738
669
2003
2222
437
353
1222
2076
329
2338
2318
173
1940
1798
734
597
569
2061
436
2466
1737
765
369
1279
2192
2382
610
140
133
741
1547
1731
1906
2847
2519
130
2889
113
1525
1175
1944
583
1931
1836
2148
529
103
1681
1118
2586
2221
753
317
2137
2431
1346
1415
2715
1747
2942
2100
471
2618
2919
1430
2226
2241
2105
2663
817
679
40
2245
968
48
2062
2375
1717
209
2521
1620
1707
412
880
1565
1947
814
332
2556
2143
1880
2869
1455
1904
2266
26
162
289
1609
1197
218
224
2711
1936
923
1605
2314
1727
1256
2473
2620
1518
1748
193
2372
2406
2517
2331
553
625
2428
2081
771
2438
1094
2178
1867
1098
246
1598
2512
594
1003
2166
1825
2797
2801
416
1869
764
1734
1764
2039
1675
520
1543
693
1030
768
2810
12
438
330
1297
1258
2572
418
1138
2103
1855
2979
737
47
243
2534
873
2395
367
555
1321
1992
528
1172
1919
578
1119
2238
423
763
1700
1664
2993
2691
2206
1056
2595
2510
1438
1576
2283
1398
1324
2856
860
2013
2376
2490
2129
1807
1902
2287
434
1946
939
1529
1688
1448
1923
750
303
2233
2830
1243
2518
2808
255
1581
1328
953
441
1018
2947
1236
2235
200
792
1651
1875
1463
1296
2631
565
1440
762
2833
1686
311
853
1323
703
1115
684
2391
888
2422
2370
852
675
932
318
2932
1749
1811
827
1072
777
2998
2675
2991
2577
384
1505
1061
1451
2276
1060
249
1649
1239
907
2447
33
901
887
372
386
936
2449
1644
2605
2613
1601
2478
2112
2364
1494
947
282
1268
1599
2203
2934
1760
2871
88
2225
912
1740
35
1381
2788
84
1070
2721
2106
1048
2155
1411
1610
566
884
1389
1777
1349
1439
1311
2885
557
155
1912
688
1401
1384
2094
809
2463
2827
2907
2695
2134
1971
1694
2086
291
125
458
2152
639
1671
2527
189
2819
1212
1896
2583
165
1368
195
905
206
525
2582
245
393
1314
1763
1012
2680
950
2751
1088
134
2697
1858
1948
2256
2585
2985
264
1101
506
1395
2298
2981
2010
2591
2388
1548
2172
2079
1646
1847
1914
582
1851
1496
1788
92
2851
29
1301
2023
2450
813
2537
2216
891
361
776
2458
2641
182
2128
293
2842
1474
1585
1619
2065
1530
2185
1900
1895
2497
1164
1155
2702
2268
2246
2426
1122
2493
1468
1824
1580
598
1217
766
2202
1582
2839
2381
1551
2187
619
794
2258
1846
1050
579
415
1152
6
2909
1427
1209
1200
1444
1653
2858
1549
1672
1800
930
1332
370
2670
161
1801
793
477
2130
1004
2964
100
420
1787
2719
380
2906
45
191
2734
2424
2508
1097
1663
1260
1059
652
668
208
523
1781
1104
142
2560
2684
2547
2532
2832
702
2506
1284
1382
920
1806
2763
2211
1195
770
522
1631
1701
1812
1469
2008
466
2782
1654
2952
825
2017
2499
1732
1364
1247
2764
335
1
85
430
23
918
2433
1176
2278
1473
2326
698
2015
266
2053
903
2967
800
536
969
1937
491
1615
1180
547
398
2359
2000
2886
448
2783
1024
1141
1608
876
139
2068
745
846
111
1622
1856
2263
2049
333
1461
1666
1233
2365
128
1147
2881
1515
212
470
849
1190
731
1198
2219
2020
2495
1282
91
872
1157
705
1638
238
1073
1540
509
368
2440
494
2332
2058
799
252
188
2176
861
1964
1443
2360
1232
2795
1028
940
1388
963
1751
2212
2373
1661
628
66
604
1405
1718
2703
608
889
326
2971
2553
259
614
1861
2965
1143
2295
1356
1038
2489
1934
2115
913
2402
2159
2538
1714
1634
2603
502
2980
1126
2275
2854
2604
499
2716
1527
20
1797
646
2193
795
1850
1753
934
1262
1392
2544
1091
2599
2345
1136
468
2066
781
2456
324
2548
2281
1302
24
2597
1040
1111
1027
151
1640
427
2747
2078
1841
242
1542
712
2019
2579
75
2389
1194
1792
1962
2092
1708
2469
2040
1746
366
2607
1546
1036
2122
1873
2843
2236
1756
1703
2349
2844
2282
1234
589
1304
992
951
1683
2822
2237
2633
1570
65
564
216
897
2999
2759
1629
2351
1976
924
1305
2380
196
2973
2290
700
2897
141
90
760
1341
1898
894
1269
409
126
1840
533
2214
2624
2012
279
2174
1397
2046
391
61
2928
2720
1892
2976
217
772
2179
2762
2111
2557
1428
1769
1183
1025
512
1168
1271
1108
2625
1306
1815
2798
1693
1843
2468
2452
802
169
2924
70
2374
2561
1326
2484
2032
451
879
1722
233
854
459
2688
197
1054
53
535
1287
1229
972
645
2974
1365
1650
2369
1010
2116
1459
1909
292
207
811
98
1954
2575
1881
1425
2251
7
482
2175
1534
2661
2938
315
2228
2273
1514
1750
2895
2970
388
1682
1447
2454
2742
2403
721
2110
1796
2737
147
1486
2724
2300
2060
308
201
2995
1041
2727
2950
2461
1293
1745
1454
406
2183
313
1049
484
263
363
890
1970
917
1628
501
767
2257
2239
287
1057
1313
644
1829
2050
2941
1285
1000
892
1081
2265
1471
1730
27
2990
137
1343
2464
2988
1205
2915
1338
323
43
1053
1404
1845
2491
1178
2615
956
2807
1495
403
210
1511
304
68
1376
1034
364
1213
2706
340
1552
1238
2610
1187
2825
1770
1016
72
1630
780
239
885
1475
1924
1911
