3000
916 1515
1395 138
2906 998
906 900
406 299
1310 2990
2241 3000
1452 1209
1978 267
2157 2080
1503 694
1207 905
966 164
1349 276
518 1175
2453 2405
1384 101
590 2085
1812 1182
2433 2038
2997 2168
474 1022
2646 1796
1318 2087
1642 2231
172 2360
1932 1384
775 1476
806 993
903 1803
1383 226
907 2125
462 591
393 1034
2426 2668
2642 942
2315 1548
2250 2143
942 2491
1519 471
176 1579
2390 860
2988 2758
1730 506
308 2339
718 961
2339 600
747 2285
995 2346
634 2688
159 2424
2555 1224
2715 564
1173 2535
50 1950
2644 307
2692 2527
957 2527
1032 2103
2437 235
2401 910
1874 2279
2719 1000
1972 2183
271 2252
1166 179
459 1824
1909 589
662 2481
1123 1066
2768 2989
2747 2981
2596 683
1341 2508
2107 243
2813 1227
1575 920
472 396
2593 1019
2049 2270
1554 2735
2745 8
1567 2843
1390 2823
2093 2885
17 705
2215 1422
2342 882
1435 2129
807 2708
2116 1235
2202 1697
664 1322
2538 1146
234 1183
1976 2371
1378 1043
325 179
2641 712
2244 669
1365 895
2349 2824
2730 259
367 894
1967 1155
2267 1146
25 959
1001 1881
2851 560
1495 721
884 2458
1864 311
360 2676
1696 29
1305 333
240 411
425 369
1223 1763
1415 135
1055 2464
1775 2759
54 2890
1170 1937
805 2920
2326 2329
252 2560
1295 164
28 2682
1258 2580
2182 1262
440 1483
570 233
1359 1344
2932 2405
2616 1972
2722 513
242 1507
2718 1102
29 1565
2505 2865
22 255
495 1703
469 1982
2966 2855
2473 2884
1934 2091
2800 410
1127 2759
2926 283
2942 1454
821 87
1873 2459
1436 350
478 2165
202 110
227 1568
328 2809
2850 2451
1324 693
354 1148
2579 2115
2239 2231
2489 354
1848 2518
1902 2611
1847 1056
2554 1510
378 2703
969 554
1791 291
1113 770
1574 2440
2073 2971
519 2054
444 934
943 2390
653 1125
1666 690
76 2494
630 2739
2257 299
2912 1087
2819 1641
445 553
387 1420
2891 2738
1026 59
419 2516
1164 332
871 1151
2357 2226
2225 529
1251 1015
1371 85
2925 288
420 1077
1695 1145
2270 2262
1425 1825
1973 1923
1021 217
428 48
2827 2448
1499 1483
475 988
2784 1437
2734 2402
2714 2876
2729 754
1731 710
1044 664
2709 637
506 1793
2171 1001
1790 2823
322 2269
1877 764
2028 1489
201 243
2907 229
1626 1371
2159 2368
1348 168
1174 2989
1764 182
2697 2809
2699 339
2543 2494
2560 1550
1043 1397
298 163
1855 1402
2824 1634
1793 664
1122 1361
1280 417
1011 212
1298 1728
2647 2528
2052 2989
1184 2653
401 1824
1338 1826
935 2709
358 215
2849 3000
1588 2215
1465 264
1632 860
1194 2042
2640 176
2306 1859
83 1568
1097 2918
430 2063
2366 2667
1236 2571
1052 184
1890 1772
108 241
383 917
120 513
610 2289
913 2717
575 1786
2256 1039
1072 1403
2112 2895
210 773
2817 1047
1573 2741
1654 1524
199 526
2338 1634
127 733
2705 773
2760 890
600 520
1991 1938
1990 667
198 1923
3 684
617 2610
2882 694
2309 1234
1513 1667
941 2978
1948 560
1971 973
51 529
701 1921
1355 647
2902 1217
776 564
2611 641
501 2736
2755 1902
2534 1851
477 1972
1302 1571
2160 207
1677 2089
607 184
891 299
878 428
410 372
1813 562
374 1564
7 664
1494 1850
2243 749
2040 1420
2946 511
2764 2333
499 2788
1718 1109
2511 951
972 1968
2252 1046
235 261
2672 243
846 1522
2201 2369
1898 856
1562 1145
2236 2340
1599 1717
823 1073
2350 712
2821 87
2449 1734
711 2614
2294 2281
27 418
2931 196
1024 1777
1539 1788
1243 1553
1183 2440
2031 2291
677 2961
1868 2190
2119 2933
625 645
2663 2363
1903 1904
2492 2573
2979 2405
1896 31
1132 2001
2664 2989
382 1343
1659 2884
349 1260
1073 2771
189 2075
1246 2757
1 1073
100 1158
1592 408
2923 2572
259 1146
2184 2448
351 507
1551 2884
2509 2345
1524 1319
2414 2375
418 2091
527 450
911 847
2268 1252
309 1373
1805 357
1561 2833
2238 1708
2228 2886
1471 267
517 1262
1272 1274
163 196
2683 627
1797 224
1930 600
2234 2561
553 2971
129 2811
2828 1708
320 958
649 2363
1702 1151
1224 2383
2423 2241
513 1607
1206 1833
154 1105
1491 1886
2024 2618
1254 1533
2658 1032
470 787
2576 2347
557 2310
1051 564
1668 2957
2216 2582
1459 1907
2514 2569
1987 2757
2039 1935
793 2676
1876 184
1392 261
2441 743
1033 418
117 1456
334 2728
1576 2375
2816 710
1109 2183
4 2338
948 382
2199 753
9 2817
1545 1774
950 946
362 1344
844 792
1675 37
1019 297
692 1507
1483 2466
1725 101
2341 1216
611 500
859 2181
1315 1518
337 126
1850 296
1125 2564
1057 2452
800 2931
2847 1011
1511 943
2744 402
2929 2031
1009 78
1536 1644
986 595
1919 2452
627 2304
1888 2501
2648 1034
300 2285
1448 2818
2864 1808
1120 2101
978 1324
1434 664
1769 1931
1533 155
1066 454
2568 2882
2600 1579
2958 2824
1176 956
2780 2777
2632 2454
1153 753
1239 1701
2292 2415
2140 2920
1245 319
545 1777
2045 1500
207 259
1946 1695
84 1109
589 853
369 442
2036 1813
808 615
825 2115
1754 1520
2337 2696
2771 2044
2369 357
839 152
2445 2444
2881 2835
1064 1692
1140 377
1345 775
323 2611
541 712
2249 2062
1507 1290
67 565
2917 1692
161 514
1804 917
15 248
1063 1151
691 2614
1054 623
968 941
102 2727
1406 2740
1146 900
2883 563
241 770
1401 637
2230 2218
256 641
2373 250
1085 321
522 884
1640 389
894 1428
930 2826
1830 369
1733 1788
233 733
2815 819
1624 1557
1683 2262
2303 694
817 1658
1770 1490
2971 2270
1262 291
1767 2436
1655 1483
1188 2843
231 2148
31 408
1795 1886
1803 1632
1053 1650
601 1136
2398 615
1819 1319
2998 340
1025 1746
312 2876
2355 1068
473 179
1273 1968
16 2564
2597 2527
2787 454
2963 725
2804 2813
2595 844
1249 2497
2253 1324
1461 2508
2650 1262
2375 2592
218 2711
466 2036
1165 243
2552 2246
1522 276
1966 988
2702 2739
492 1419
2164 315
766 1870
1540 500
1031 1853
1306 2121
1853 2831
1391 2549
696 1579
1875 2014
608 387
376 2690
2927 552
559 567
1685 2077
1278 724
2945 2368
2741 417
1070 2536
1411 2608
58 1564
1572 2314
973 2967
2154 900
1451 1550
888 1224
2495 276
133 1411
1110 2673
2982 1824
2687 2457
2146 2770
260 2682
2014 2580
2993 2458
66 1695
2786 2827
1263 2826
2188 537
2681 2028
2368 235
836 2805
2271 1419
2865 2473
2069 1350
2575 594
892 851
2328 1019
1607 693
1035 1137
1887 151
1172 801
831 513
989 2852
2362 378
2134 1054
555 2805
1671 2969
1229 1973
2939 1158
2286 2345
1497 2125
1646 619
2520 1644
2077 300
999 1375
648 694
1707 1777
2298 75
1823 1579
204 422
833 241
1905 1253
2065 2711
171 131
1500 1227
659 1426
1138 2770
2409 255
1346 2476
1290 2507
1018 733
922 2911
2978 1697
92 1607
74 520
2291 1379
2809 2481
656 2508
2207 152
1203 2547
288 694
2393 1890
1281 1034
1182 2842
657 566
1866 2770
644 418
2330 2452
679 1171
2165 2771
32 2626
1364 1514
134 1917
1368 1714
24 2393
20 2029
1339 2735
2838 1780
2397 1053
2035 2228
2142 2882
2081 1227
488 2126
2051 2667
1259 1309
875 2608
30 245
848 694
631 2349
152 136
1067 606
2656 2937
2461 572
1437 2519
1048 390
1133 1223
2513 2751
1418 931
1514 592
1416 2159
2075 2345
1171 1394
1589 99
594 2746
2542 2667
946 1520
1997 1579
1925 155
1257 1036
826 1388
944 2202
1947 2168
2610 236
1829 837
1747 262
131 667
2920 993
1717 2891
2720 651
880 1733
1591 1364
64 853
1827 844
1424 1084
1977 1068
2955 178
1960 2106
1921 1587
893 1759
2307 2269
2796 2527
1527 238
536 1481
753 1079
2960 1344
1838 760
2532 1684
194 1402
1248 1609
1609 2060
2706 2497
2981 537
904 135
1394 2145
1457 884
267 2038
1493 2833
1454 1759
2835 2979
381 760
2360 764
1096 594
435 444
8 2153
46 893
150 164
1275 592
937 539
1442 1151
1387 1175
945 880
1895 1680
984 1564
618 1811
321 600
801 2159
2602 681
2141 894
485 1972
2548 2868
534 2060
319 2060
1095 2471
2336 2383
2775 2140
1552 1364
827 1486
1396 2042
2859 252
2382 1050
1029 2472
1129 2177
2651 435
1787 1119
2224 1288
1802 1858
724 72
392 2980
2802 2561
2767 1972
960 2383
245 808
2458 564
1091 2002
2832 2065
674 553
1736 1149
1015 755
958 417
1086 418
1959 2314
493 2080
19 537
1906 311
287 2527
486 2128
2020 1053
1502 2261
2137 2820
2174 2279
1799 2668
2094 235
1230 2038
2967 2787
2950 1562
650 581
2222 1634
1569 311
1028 897
1027 373
1079 1411
2992 397
2999 1454
1808 2782
75 2863
705 603
2379 1103
1453 520
684 389
2638 893
706 833
940 2028
2385 1623
1843 236
140 307
2072 222
61 1454
2930 1889
1755 1003
451 1853
1649 1043
2533 2123
352 1349
2412 175
344 1218
398 2913
2018 1623
2612 2535
2447 307
1776 2680
1139 321
2316 1963
1936 842
2210 2823
898 1237
394 308
732 2440
1237 1385
2727 2078
1771 1506
81 1086
1309 1414
151 1599
712 1557
1134 1419
1962 2740
2034 960
1489 1411
2478 1930
693 2060
2949 2136
1468 1982
612 2757
2129 2203
1412 1454
2470 2390
1082 698
2418 2893
1218 2483
1356 135
2070 2370
1664 560
2790 1595
643 2483
1422 787
1403 2621
1271 417
1691 255
2990 904
923 1975
365 673
2148 1299
408 787
2558 2820
2008 1819
1782 1142
2422 420
877 2515
2002 2805
2924 2787
1516 2042
2474 770
1789 283
135 1634
1942 520
1628 1402
2494 1146
1046 162
264 1972
2947 1833
2528 261
784 2682
2000 2159
305 645
841 835
36 300
1842 930
200 508
2233 2073
2293 92
2628 1506
1907 1428
1606 1735
763 882
970 417
1681 1824
993 147
209 537
1943 4
2708 1374
551 2424
1116 1454
178 2215
1283 2924
436 2199
1017 178
725 835
86 934
1212 255
2637 2592
1669 863
2873 1931
731 1575
2693 1290
1102 883
2661 1972
2143 2161
1638 2165
139 2106
2795 2400
1652 2611
96 554
1952 2524
405 2852
953 1249
136 1615
934 2440
324 520
1563 2177
373 1733
549 2759
2976 2949
2788 905
2860 269
1541 256
781 2682
273 520
2086 2409
947 1686
2953 968
497 299
1092 1155
2619 435
2833 1163
335 159
1083 1607
658 916
2870 1795
443 1068
2281 900
2580 101
1242 2125
2 2971
1312 2245
1128 2788
421 712
1301 2637
2041 2827
1423 2334
1549 1714
1535 2253
1006 400
1968 2983
1547 2725
2919 2060
2299 16
567 2766
2464 261
1405 1913
1375 179
2818 2757
2110 2820
1264 2979
1455 959
1277 1103
2026 1072
2272 2516
2680 2852
2183 261
1690 342
93 276
1556 2231
2022 801
1196 787
2205 1290
1826 283
2235 1450
713 1926
1998 1819
799 2326
621 1645
2668 2989
809 755
2758 2759
480 259
339 1188
1832 133
798 2902
858 444
26 1072
1340 1381
1498 1595
1444 373
1761 182
1714 710
53 196
1112 983
980 2812
2551 1071
2524 314
206 1375
795 85
2282 2383
1353 2506
1108 1571
1157 1185
1068 1290
1380 2248
1841 900
790 259
2814 2569
2279 238
2091 1615
588 1039
65 1264
1737 764
2563 1428
347 2709
2516 418
1084 2368
869 637
1460 661
277 148
613 2087
816 2998
2625 2091
2197 2996
216 85
2258 764
1148 86
2248 194
2444 1151
95 694
574 2991
1615 2507
1050 2914
1831 840
2221 1024
1800 702
1360 2454
2566 520
767 2812
1824 2440
597 2724
147 2507
342 2917
185 1825
1815 163
646 2276
372 1434
1878 2044
1680 176
13 1429
1117 1453
1410 736
1517 1652
2776 1219
2354 1777
395 50
2377 566
563 1632
2695 2832
1488 2014
1608 1709
629 1800
2858 155
2219 378
1308 2933
1706 490
439 930
2203 1999
2285 1923
881 1283
2125 2345
670 894
2488 1397
1871 405
417 400
1333 2023
652 2029
835 740
2403 228
2436 2913
2710 1016
1986 2542
2629 1454
1247 1476
2043 2317
2652 1349
2605 2793
901 2087
426 966
1199 843
796 2245
739 2192
1996 2887
577 706
1419 255
2581 2908
186 290
964 2949
983 2931
2620 2232
2557 1541
2686 2979
2985 216
2717 2610
2582 28
1710 2996
2327 2670
119 572
1579 606
1521 1526
2195 74
509 2876
1049 1973
1266 2690
2323 2087
2803 2063
2909 150
2590 2791
2521 926
1446 2950
2968 789
1894 2757
1762 2181
1100 693
2139 2868
130 482
258 2525
2569 2231
1916 2811
2283 1365
49 2981
811 2673
1598 2416
531 169
2133 1311
2893 378
1331 313
1433 2085
311 1514
2830 2996
2549 1296
1939 2481
773 2820
741 1452
2092 1109
853 405
2676 667
2523 2746
2799 473
717 191
411 1397
2058 259
1641 748
1034 773
2785 537
2287 1569
1486 1759
2016 2961
2059 1188
1587 724
1440 934
78 2909
1413 1183
1291 2961
929 1454
1179 2370
156 2333
2278 1651
2887 2845
2537 1861
777 1735
1979 1188
2959 2508
2206 2891
786 2352
2482 381
249 2014
1620 672
1077 184
2145 900
1820 2326
2618 2381
2526 1695
1008 229
35 1344
1087 1046
48 2183
2384 802
429 1634
467 1886
828 2277
1526 1450
2333 319
2317 539
2061 1411
1294 2457
2571 208
2391 1507
2603 1290
314 1994
2973 2924
1149 964
1840 2066
2455 2078
2748 951
1555 2609
2420 1778
2712 2327
1090 2703
1121 2980
389 985
1557 2826
882 537
573 2060
2728 841
1379 1324
2903 792
569 2436
1198 2370
583 2126
2275 1793
111 2507
2857 2771
2678 2741
2372 1307
98 1726
637 2466
797 376
203 1106
33 2440
1508 352
1578 373
1208 163
1204 2535
1233 2481
1833 1634
1582 2965
819 2145
829 589
614 1249
2667 1381
523 2333
1635 1296
2457 716
1629 1296
710 732
864 664
932 61
2001 1743
2021 801
1506 2508
918 1397
2829 2056
1992 38
1893 1374
593 1882
2163 1182
1956 2440
279 1476
1749 1212
355 2746
2679 1169
2099 2754
1504 2396
11 1397
1964 837
2896 554
1180 32
38 1884
2874 1046
2653 2405
708 2938
963 775
1426 2228
1713 243
1975 2136
2635 2654
214 636
2506 2081
2574 2336
1216 2931
2010 1463
1863 921
2754 2957
1292 1119
2517 2346
2172 1300
2974 2349
1825 2818
779 1311
1279 529
326 726
641 2528
2485 659
1512 1483
2895 82
2463 147
595 554
723 1105
370 1186
188 1615
1773 964
2153 319
750 1349
667 2101
2261 1907
742 2611
2587 984
1742 819
2831 921
1350 792
565 2908
2659 182
1041 96
1509 1703
265 429
2311 1109
2083 408
866 2813
2918 2527
2820 2452
348 2327
977 2867
1743 764
73 1183
1885 2953
284 537
301 600
2589 2808
2345 641
1643 269
1674 2457
68 637
158 1274
2901 332
1205 2965
520 900
745 1084
246 2746
1098 1346
982 1253
1922 581
1724 2705
1650 840
1687 190
2627 1173
1431 281
2584 1433
738 303
928 704
2421 146
2290 1624
2136 595
2300 1944
208 1631
626 641
153 2057
2162 2466
112 2165
951 895
1923 1151
1158 1988
482 2054
1753 1288
912 1187
1553 2291
1268 1151
1322 1883
307 710
2289 2444
992 904
1980 2804
1777 283
1585 712
2690 545
1225 2145
2242 2060
2475 1824
2251 1825
2987 1683
431 2885
220 1155
2454 2017
2187 2116
974 1745
1487 83
2752 1557
272 2804
23 2668
2443 693
2564 61
1858 1968
1801 1791
2060 2440
2928 1595
1682 1262
2057 1687
1144 72
1145 222
665 766
2735 2723
145 615
2104 2369
1679 866
714 834
1899 1824
1388 600
1583 1109
270 2252
228 933
1020 203
2536 866
2156 1022
1270 2059
2806 2520
728 379
341 620
1612 2608
2378 1534
494 2948
2211 2013
688 2087
719 2897
2977 1142
2088 536
2634 1685
1467 2558
2770 865
1810 1898
533 2466
1537 934
1834 2059
1766 1833
1311 131
1727 2845
2508 1344
1462 951
2503 1448
2527 1824
166 265
2777 2499
274 2386
855 2065
437 2935
42 514
620 2884
2480 1788
310 699
985 1624
2572 895
2736 676
1267 2896
2892 2006
1124 2703
2097 1959
1686 2585
771 900
962 2852
2227 2422
927 332
2875 1608
1584 709
2601 531
422 276
1363 2410
1969 2490
2200 2265
442 685
1328 1923
2791 2608
1723 946
2846 572
699 2473
2866 1343
2198 835
2879 1397
820 2818
72 299
543 365
1716 314
1007 2826
1590 1918
2588 2826
1910 1139
2553 2087
2986 300
1261 1571
55 2179
190 554
1542 1510
2862 2041
1611 1824
302 2177
1915 1528
956 2981
2868 2357
2012 710
1548 750
18 287
2151 101
2032 2733
2975 4
1728 2891
1711 1948
609 860
1407 182
1155 2580
2466 2440
2636 1397
1663 1134
1560 1792
2155 2454
1933 520
2793 679
1202 1290
1178 2826
603 243
1286 1580
1323 2409
872 1838
116 1112
2789 1634
165 1103
2936 2771
576 1305
2609 1249
512 779
678 2079
2322 203
647 243
2044 1476
1080 2528
1226 1921
2905 390
107 444
1099 2834
43 988
1784 68
2980 968
2696 744
2027 2427
1325 281
396 645
683 99
2952 2803
2894 2167
1676 2031
1337 454
456 600
1701 2920
21 2611
1558 667
415 2770
2387 265
2150 2153
682 1486
2114 2101
2983 280
1534 2979
2212 2437
504 910
1430 2253
619 357
2724 825
857 1655
602 224
465 1858
604 1051
1366 545
740 2882
582 136
1036 649
1963 2970
2769 189
275 2125
6 1824
1213 2924
175 1746
921 1533
1136 340
59 2405
1354 2036
2500 1034
385 1432
56 2690
2352 1322
2904 2314
669 2228
737 2801
1227 789
1377 2946
2296 400
2411 1224
1038 941
746 2328
2359 2901
587 603
2598 1593
1151 283
764 1824
2240 371
343 2159
1705 1572
452 876
1314 1615
1929 1048
39 2766
624 471
702 1994
803 760
568 135
2277 2891
2419 2885
2246 2508
2556 2852
1604 581
1954 48
1195 2859
2448 600
1385 2467
123 2343
1162 490
225 2970
1879 1393
2259 408
222 2882
192 1073
2762 710
1577 155
2586 2147
2025 164
1370 2345
1935 2933
2005 681
2531 2913
2120 2947
1780 1901
2204 672
193 1109
2353 2882
2529 259
2452 2703
1075 1867
525 373
2507 2826
283 2826
542 2535
125 2863
1142 1045
2332 2684
1130 2688
2774 1242
2370 2884
1221 985
965 2422
1586 2758
1039 716
2440 2826
45 2080
2738 2771
2599 1581
1700 637
2109 57
896 2794
1030 216
2472 1481
1398 1679
2837 2575
1210 2044
2567 2820
1490 2432
1837 1731
1550 2262
403 1680
1192 1431
2759 1164
1872 900
2749 1691
1296 620
236 78
1544 255
1492 2103
1147 1132
2961 2101
1445 169
148 259
2984 572
346 2820
2348 1364
1217 250
2376 245
2885 2580
1949 2588
1828 1792
633 162
187 2711
955 429
2158 2413
961 1034
1344 860
356 618
2319 2357
2951 1073
1779 2611
2898 2327
571 2161
757 1999
733 1593
105 2507
1505 307
1543 321
2688 127
2015 105
552 2111
1856 801
90 1742
2483 2262
1708 750
2103 636
484 276
215 2056
524 2636
2794 1000
2869 2776
2822 2489
709 2508
975 386
461 2106
1765 1634
2972 2464
1389 1575
1974 921
2118 307
1329 856
2102 2774
113 2926
1610 2823
2583 834
661 709
2765 2947
332 1324
1372 2339
812 832
446 2723
2329 2840
1648 1600
952 724
2189 454
690 792
1071 537
2807 2826
1232 535
2615 846
1854 2852
1414 1704
1740 1151
2186 983
2029 1548
2607 2669
2578 1428
990 809
12 1945
126 1529
2127 1400
69 2136
1993 1103
765 1634
2011 1473
2237 1677
1402 2527
2498 474
2465 1290
2852 2440
1347 2542
666 1698
1326 1571
1989 847
167 2640
2622 85
2095 1291
2798 710
830 935
2176 2770
146 856
910 418
867 1614
1908 236
622 2716
2192 2496
1234 2569
681 2540
2631 2961
2677 1935
2539 2080
37 1249
639 1022
2496 1346
226 1764
2854 397
564 1507
2247 2820
1065 2368
2181 834
2497 235
447 417
2921 2136
2797 1606
47 1173
1093 711
2682 2323
450 243
1469 2160
399 1163
2402 253
183 1864
1639 1901
503 2203
1381 2440
2565 2448
2048 2466
1857 1106
2297 2343
1984 902
458 951
2425 1557
1881 1009
122 2443
269 920
1284 581
2374 1723
2429 710
2404 2172
2863 683
2196 733
247 150
2773 1239
850 2965
889 332
2645 163
1860 1042
1169 1403
2691 2147
2490 2307
2522 623
2675 1726
85 133
2173 2272
849 2473
2825 2970
2674 2581
88 641
1726 529
933 1507
34 2078
2123 2042
1058 2453
219 1734
266 1886
2334 511
1269 2891
2621 2712
883 418
257 2826
1197 1570
1530 1027
2037 2673
2886 86
1745 1769
2685 1593
297 2826
363 2447
695 2805
744 875
2460 865
448 1200
82 398
730 2017
938 1324
1047 1467
2481 2042
1476 554
949 1571
1721 1580
195 728
1785 636
118 641
1851 357
1319 1402
2456 264
909 1940
1961 2343
182 299
2756 1390
748 1907
2427 2757
285 397
2071 1548
253 1422
2577 2926
778 2059
2547 844
686 1072
1282 1777
464 1302
979 1862
2006 2635
2662 2724
177 164
2778 932
2994 2345
2746 2342
2314 2788
2721 2498
1432 1693
1094 1290
1321 857
1970 722
2742 299
2217 2338
1658 2826
2899 75
734 150
1746 777
353 2018
2082 2136
2312 2270
768 1965
698 1526
548 243
457 454
1665 2981
1999 135
2067 2165
755 2432
720 955
1316 226
2254 2946
854 1290
2655 2177
1023 2918
2484 2640
2439 96
2232 1336
581 99
685 2452
1126 2931
2671 1641
489 1599
2356 1253
638 2528
1078 2476
1382 1882
1252 2428
2908 792
2395 1235
1447 2079
2731 2343
2689 1451
223 2014
1768 2659
2684 2140
1637 2044
1449 1633
1428 2820
2122 785
282 919
455 2913
1501 387
852 770
2792 340
1119 2145
752 471
433 1949
2392 2080
205 182
794 956
278 162
2604 960
1299 2209
1168 2364
1367 1103
2115 2466
1417 1529
1250 164
1304 1365
57 744
936 164
1684 1200
897 2474
1870 1520
1131 363
2068 1483
173 2969
2406 216
292 2926
1466 726
2739 1146
1712 2927
2175 1691
149 1483
2941 844
1103 2466
1835 1825
526 911
299 2826
1869 1084
840 694
2280 2313
1944 1292
1330 2739
229 1771
697 2283
2643 1754
2811 1346
1619 1003
1593 283
628 2736
2386 391
1911 743
1622 264
868 340
668 1397
1734 259
2168 943
1594 378
1289 903
535 2575
1581 1825
2781 324
585 1930
496 2705
1918 716
532 1595
1633 823
453 378
1748 261
2076 1500
132 949
735 122
2711 2978
998 562
2178 1595
1260 2804
104 1594
654 2375
743 2835
2544 1568
276 264
1510 1652
99 283
895 138
427 546
97 444
996 1411
2623 1755
169 2091
651 2230
1814 877
338 554
211 2486
2284 92
2266 978
2916 1146
1228 476
71 730
330 2715
2592 1634
1256 2757
810 107
1429 1054
1163 2183
2262 595
2033 1978
1062 1235
2751 490
2260 2455
1238 1595
468 680
2269 2009
1059 730
2954 1522
1917 307
2191 257
521 2548
1477 1449
2626 764
1673 2824
1757 1937
2144 748
52 317
2128 2965
926 283
2562 2969
2042 2876
295 1164
606 1557
546 620
814 1389
2843 1109
2541 1872
1603 1721
1141 340
336 1079
1529 2961
2170 2852
1811 2370
2782 1450
1636 2668
560 606
3000 99
1374 623
1056 36
584 1473
110 1724
1924 2507
340 844
1752 475
987 473
1458 1016
254 1163
2948 978
2408 1745
1852 1185
2911 185
2305 1003
1335 109
2090 291
566 832
2111 1293
255 1733
2504 1764
915 920
1265 1099
434 2076
1965 2831
1559 2451
2836 2368
1005 249
645 343
2331 647
2493 1697
313 2724
1880 2733
1862 2202
2304 725
1546 1183
164 2390
2943 910
1982 2447
2723 870
377 2083
2585 96
1369 1292
2194 1564
2431 357
1351 693
2371 2324
144 2826
1688 2569
598 732
87 490
1889 2481
843 2125
2855 1084
1061 2826
2890 241
1786 1235
2519 196
1920 710
1678 1495
754 2901
184 1733
2573 1979
1376 2508
1958 2133
106 2059
920 1003
539 2885
2019 2249
890 595
44 147
384 716
2255 2013
703 777
1618 1542
1438 1023
874 1595
80 1336
2934 1938
1373 592
2050 619
1928 1411
1191 659
498 1411
60 455
2779 2572
1200 1110
1621 2800
2468 618
2047 2876
481 1165
2351 96
2381 264
1287 169
2666 2826
1317 602
2808 402
476 2095
2079 122
386 1629
2876 2961
1613 2102
902 1220
976 1179
2245 1691
838 2894
1995 215
824 1022
1883 1344
1150 1306
368 1456
2106 2266
479 2105
2499 2025
623 2462
2407 2262
170 1882
1892 2038
1474 1700
1719 396
1912 1146
1135 637
2347 1869
2365 2758
391 1826
2166 1304
640 269
1427 1907
366 150
2147 1454
756 1068
2451 1709
2276 78
2940 1068
1297 2608
2126 2039
2063 2857
1617 2342
2138 2471
2753 2027
1300 988
2614 560
1088 369
103 2002
2434 267
2530 1703
63 1407
2346 1738
2725 1200
230 792
155 2086
511 2345
2910 773
2400 1833
1994 511
2273 233
885 2349
1003 641
2476 340
1951 2741
672 509
615 2220
2220 917
2487 974
1037 138
2535 1185
2410 1811
1022 261
1456 2508
2884 1344
792 2703
1631 2989
1161 1344
1220 128
1012 2190
70 1663
2208 940
818 851
1750 2452
1343 1397
390 764
1891 1571
505 296
562 2882
471 1697
774 2091
759 1733
2783 2073
2613 476
591 2799
2193 1344
502 2965
1002 2460
1821 244
2861 2592
1016 2231
1689 2080
540 693
561 1685
2871 808
2996 1235
1235 712
1420 1931
1644 2636
304 1999
749 1937
1332 2044
2318 2091
79 920
1209 354
2477 249
77 2081
785 358
2915 916
181 2507
1193 2543
1334 2826
1185 2497
168 2989
268 305
2805 2368
1313 1269
1818 307
1913 2059
329 2949
2639 1206
2446 2886
879 1764
769 75
2442 2507
1886 2833
2229 2136
1653 122
2872 1999
2213 2818
1480 185
914 2622
1152 2979
1955 3000
689 2458
2209 2231
1014 61
997 2234
2130 2965
2430 1381
1720 476
89 637
760 319
2340 299
1523 1144
1244 1083
1657 2481
1900 833
1538 2226
1704 732
2501 2777
1443 2345
1342 2405
2405 241
2540 894
556 2127
1189 1695
196 2437
2694 2059
1472 2377
1735 760
124 1201
2937 1656
333 1868
1042 1593
1532 2115
2324 2553
507 252
1692 2882
578 2396
924 2623
1253 2758
243 2507
2023 509
1484 2369
579 1366
586 1080
1931 641
694 2852
290 283
1651 2542
2320 1146
2713 934
1846 572
1240 974
2956 1572
2740 2053
2525 402
1475 2627
1190 2440
2117 856
1570 769
2169 215
423 2758
41 2535
939 398
1531 411
412 1197
212 1791
2177 269
261 400
1756 693
1941 743
1219 253
180 878
1839 1203
162 1982
2101 1824
402 2345
632 2670
1520 244
663 2619
1303 2281
1661 793
1156 1988
971 2804
1623 716
547 2226
558 550
2389 2370
1060 1605
2608 2826
700 879
2471 1480
2559 844
2264 545
2761 2087
1901 679
1601 135
463 267
1822 843
1399 1995
959 154
1255 1734
660 900
508 2274
2649 1550
2726 1282
1953 155
2844 740
783 2414
675 1429
2673 2626
197 2440
2913 2452
1463 645
791 514
716 1381
1988 2558
2669 301
1404 2328
715 1158
454 595
115 1739
1004 1273
1525 545
318 2265
2766 2038
1485 2886
2624 1273
1796 255
2218 469
1630 1514
2842 2014
761 2804
1697 2608
1760 844
1741 2549
1201 2044
2486 2433
1478 1428
316 2906
1715 433
2098 1068
361 2059
2944 1402
704 1350
1285 268
432 2981
1614 369
1738 2857
802 2580
2991 313
726 1825
400 2440
2841 2368
2933 1146
1393 2197
2989 1083
2840 1841
1515 2453
2545 1053
490 357
919 1500
1408 1888
1882 716
729 1840
2089 2910
1759 307
2670 890
1580 1109
1634 860
2363 1883
101 1615
407 418
1154 768
232 875
1945 606
143 1321
2660 694
994 2920
905 2569
179 1935
2214 680
2149 2611
1450 2039
1672 301
1214 572
1693 1374
1352 2555
2938 787
2308 1068
2223 746
487 401
1496 934
655 2245
345 2989
263 842
1320 2809
954 1923
1013 1535
2877 2556
1327 1783
1276 86
157 243
1865 1300
2053 350
856 566
2096 2302
239 694
1386 2569
2152 669
2845 2795
2085 2581
1763 2294
350 2822
2417 1615
538 716
375 734
217 1652
1040 2645
676 856
572 101
1788 2345
2704 1200
1231 1879
1482 529
303 2852
721 1784
2606 1788
1105 2920
1794 154
2698 2563
616 1239
121 2592
2185 920
510 2757
925 430
109 2948
1816 1454
2190 2262
1074 2614
2964 1966
2084 2355
1307 1080
2763 2954
1101 659
865 712
289 948
1568 1366
1940 300
908 2457
1473 1586
2737 1083
2343 2933
834 1593
2344 409
2491 418
2124 1145
2113 2965
2226 2824
787 1103
1957 28
1783 500
528 2796
2743 2626
2364 2827
762 381
2413 1319
2469 402
1362 2400
592 2080
876 1183
397 1764
1357 1615
886 196
1645 2548
138 1324
416 2756
1600 161
2965 1290
1698 808
2701 1224
1616 2900
1439 2250
845 248
2880 2725
2515 1259
5 147
2361 2123
635 2786
2772 1819
2038 283
1904 2115
1772 1859
2078 579
2914 2226
1111 1411
371 1607
2358 2428
1605 366
2007 85
1160 2123
1518 2663
788 2275
1937 2979
780 1949
2302 1704
414 2581
1397 2136
599 185
1479 1575
804 1774
1069 2852
2716 2987
642 560
736 660
238 2400
2823 2527
772 597
40 717
2013 1386
1732 2580
441 2284
2055 1183
1798 1426
671 618
832 2569
2867 2178
2325 1307
2733 781
291 933
280 2466
2889 496
1470 359
1597 1083
1010 233
1361 934
244 2270
680 1571
1806 2901
1571 1103
306 86
1722 2441
160 1672
331 895
2839 2896
2561 1393
1595 637
1699 265
2853 283
2396 2968
2969 792
2878 936
213 2105
1565 1378
1985 2754
2080 1615
851 1587
2546 840
1703 418
2064 2190
137 2459
2801 1253
2087 520
1884 2447
842 332
550 721
1867 2759
2321 2983
500 1692
380 2424
605 2892
1845 1694
707 606
250 2285
1861 1904
900 261
988 764
1167 2481
2510 2497
789 2125
861 2396
2750 1861
636 1103
379 1145
1293 1266
317 1234
2161 900
2654 566
1464 332
1288 799
2288 2709
1647 1104
2301 1312
2180 2961
2935 435
1106 2824
1781 1103
1709 23
1421 2065
2274 2328
1177 2933
2594 283
237 654
1222 37
1778 754
2004 1921
409 332
2380 2132
860 1151
1564 840
1670 837
1211 81
2108 245
2970 1743
1662 170
2462 529
2450 1003
2056 2543
2438 1066
251 127
2633 2335
782 2060
2415 1764
2167 2313
515 513
2657 1743
2512 687
1849 2780
2502 2868
2479 1599
483 1835
2703 2115
2399 1415
2812 2443
2665 1185
2003 1486
1566 1876
1215 1081
813 974
388 687
1694 2444
2888 402
2416 2473
2700 1739
2432 964
1983 1019
2810 2826
981 2253
1159 826
438 1607
2848 1584
1844 2349
1859 2259
2732 2142
1897 808
2707 1155
822 264
1836 2824
281 1634
359 1807
1792 184
174 2604
424 588
991 374
1336 1704
1596 792
491 2477
2030 2696
62 2066
1081 2434
2265 2965
142 1602
770 96
1981 2451
2066 1173
262 619
2074 1590
931 1319
2570 366
1739 435
1481 1309
2131 1397
1000 1324
837 281
413 712
364 1084
862 314
221 182
1656 1946
2518 937
1409 36
1400 2433
2550 1920
1602 301
248 2183
2310 600
296 1164
449 827
2383 2136
887 1486
1274 2293
404 1706
2046 886
1729 68
516 1830
1186 80
1774 1771
1187 2483
1817 2770
873 299
2459 2136
1807 357
10 1596
294 1375
2231 2703
917 357
357 2608
2467 105
967 2820
2995 1434
2394 1480
2435 1483
2263 196
554 900
580 1540
293 2795
460 1691
1118 303
2757 2091
224 2017
94 1134
2009 2220
91 96
2105 390
2135 2101
1107 587
315 2757
2630 2852
751 157
2335 2843
2017 1185
2121 2975
544 68
1627 2024
727 1507
286 386
673 2852
2295 61
2962 2507
847 1411
1758 2670
2062 306
2900 1984
327 2703
1950 2089
1137 2459
596 2193
2132 1781
2428 1704
537 2852
1914 1507
2897 1701
1625 208
1660 2640
863 2640
2424 303
1927 783
2591 1833
2922 278
2367 2998
1441 2933
128 99
2617 1956
1938 444
191 1695
758 2044
1744 840
1104 1365
530 261
1751 418
899 1522
1089 1163
687 68
1181 2454
1241 951
815 1079
2179 8
529 716
2388 1450
1045 1404
14 1523
2856 2317
870 2017
2957 431
114 1680
1076 1864
1175 2396
2100 2403
1358 879
1809 1173
1667 2333
1528 83
2834 641
722 1609
141 353
2054 1375
1114 564
1143 2452
2313 1520
1115 1227
514 2231
1926 2179
2900
1415
625
1363
1149
981
2740
320
1138
12
2311
2227
934
490
1548
439
2511
2076
1624
2638
535
1452
1526
302
2217
1165
1091
1198
1164
2973
110
1125
1560
78
754
2850
390
2063
1005
1855
2255
1435
2471
2954
3
425
1440
1537
2272
936
26
719
568
1278
2679
871
1699
43
946
1395
545
1923
992
2839
2896
2305
1489
305
599
1763
2999
1423
1305
430
654
948
1028
1456
2074
1058
2770
2642
1931
1153
1276
775
1212
327
2137
248
2931
1616
261
2980
405
2228
1079
1901
613
2534
1156
1625
2188
1075
2234
2581
2391
141
1990
386
1385
1693
2396
919
1060
707
2002
2251
2094
113
1394
1754
618
2332
1495
46
708
1203
1399
2692
1047
1417
995
1622
2971
1372
1900
1123
316
83
2476
2327
1383
734
1878
1587
2658
1800
1303
131
2057
2935
1150
1413
1867
269
329
1765
938
1147
1787
1233
266
1896
2807
559
1695
2012
2940
1189
1743
55
1663
1709
1065
2578
1222
1568
1169
1546
1864
2894
1508
2913
1611
2757
464
2864
801
2866
1336
564
2695
2061
1011
231
543
1463
610
1158
1679
2877
1297
567
2614
267
160
84
2482
2871
363
2817
749
29
560
1558
1287
98
2631
1176
726
1726
1987
887
771
1352
1891
1290
2892
1310
79
187
937
482
810
184
2523
104
220
1343
1249
1739
1191
2467
2248
2594
1389
1496
1543
2051
1534
2882
2703
1965
2622
484
1446
683
2071
2987
2179
2781
1515
881
180
1504
1357
1655
868
2491
1553
2576
808
2218
1084
153
2941
2475
2849
2415
763
1584
500
378
1083
714
2777
108
2825
1411
534
2390
925
1953
2586
196
2135
598
2178
1736
1211
1917
653
202
1136
45
850
583
242
1647
159
787
2640
2503
2678
2283
2366
1948
2127
956
2508
1811
236
1815
1042
1386
863
166
1039
2062
2036
2873
2876
169
2152
1830
2405
1865
1439
80
914
339
1769
2676
1086
760
528
1114
1677
2529
623
2185
2718
38
1539
1043
1184
2554
2517
1518
2565
1199
2559
2762
2624
1001
2059
1665
812
312
2577
2843
2202
1703
2433
2301
854
1542
514
1277
1299
2120
696
1648
1015
1127
2097
729
193
1362
2160
423
1074
39
529
222
2344
606
840
86
1494
595
731
1022
2240
2760
360
2837
121
891
489
1274
1351
2493
2909
1275
542
2747
2102
1072
2753
1606
1284
1133
667
1858
2055
1137
2498
2443
415
2861
586
314
2425
483
2933
1321
1533
2151
271
2372
1516
396
632
907
154
2663
1112
540
1329
2222
816
1009
503
1837
1732
1482
1229
1245
1087
620
2784
2573
2462
2389
239
212
646
2998
333
788
1645
2284
532
1547
1172
2848
2509
819
389
758
2945
1469
2416
383
2031
2049
2711
1780
897
1673
911
2553
1702
2855
1716
2601
1857
417
11
2420
1658
1048
1019
1130
633
2898
459
2210
669
1143
968
2131
2384
2649
2501
2233
1592
2563
1746
546
647
658
2689
1967
1747
715
1108
2841
1729
322
1930
115
319
1025
233
711
1470
2220
1088
1225
1996
2421
1192
1978
2944
2531
1090
1637
650
1068
2019
899
161
1401
2984
2979
1871
2370
2592
957
1636
2392
2412
2258
429
786
434
2698
2596
61
677
580
1927
1312
747
244
1031
1388
2687
2223
1995
984
644
2716
1044
2683
745
2942
2168
2722
691
497
2026
8
953
1842
608
1476
2854
203
1569
479
561
2648
1056
1320
1920
1523
2197
1974
1954
2902
2330
884
730
1696
229
258
2765
1209
1882
1840
557
25
2867
2111
1053
1870
1478
2096
2584
2125
1690
1402
2629
1620
69
1805
117
746
1753
932
99
1424
1273
2557
2322
1697
1231
2053
334
1535
792
1467
2982
32
1213
2746
2934
2568
1824
1166
2992
1562
165
783
2635
504
2588
814
1501
638
1304
301
1522
2268
741
2007
2279
2853
2461
575
2552
2320
1793
118
1801
2265
1902
839
102
2114
2132
781
743
965
1640
216
939
2615
50
947
1808
1883
1498
2203
2709
250
1023
2289
1236
668
2054
1585
1163
894
2280
2186
1773
572
518
2702
62
742
223
1404
1238
286
1307
1866
2143
573
1419
1167
416
909
2821
827
1847
782
1955
499
1656
1010
2606
1412
1246
1545
224
893
31
264
1799
1759
748
2719
1298
354
1874
910
929
1774
509
1403
287
694
1376
2243
656
885
1600
1204
1963
300
1443
1785
315
2393
2680
612
2128
570
987
15
964
2041
1852
1335
486
176
1368
128
584
1826
1781
865
672
1418
56
1843
2364
562
752
2815
2325
2891
2209
1536
2108
2562
1559
2550
422
2380
1107
2497
512
536
838
1237
1689
2657
2713
738
2755
1151
2700
1179
2490
1933
2805
2394
888
2580
1720
134
1686
123
268
574
641
1374
1008
2538
1113
1341
643
1390
686
488
1938
860
960
2402
855
1627
1724
1325
2463
2486
1723
798
1737
1784
1854
1347
636
1942
2587
155
1382
712
1141
1789
310
959
2570
1527
2972
2221
997
1610
392
2924
1131
1375
18
337
1433
257
313
1820
1643
2560
2758
684
1794
593
1674
1701
2748
2974
1586
2773
2104
1337
718
156
1707
830
920
1601
1992
2285
1970
2226
138
2237
74
1134
2499
1629
1414
508
132
2919
2309
2459
588
751
1966
2312
1590
466
1334
1879
842
204
1472
2321
2029
2013
2386
875
876
2154
1230
539
2204
2994
238
1178
1810
1160
1890
2507
87
1557
2904
178
1200
2869
511
1017
2008
1392
993
806
2103
1621
2316
2010
162
1928
2397
1635
1571
1032
2792
2571
23
1835
889
933
2868
2920
2732
10
1159
1161
2069
626
2922
2068
1839
1059
460
2895
2671
129
270
2505
1872
2022
2100
24
2474
2965
551
217
2930
592
1899
614
356
802
2978
1416
2804
552
521
1714
215
2736
2130
2880
2077
1832
2167
640
1187
437
1391
1152
627
1538
903
1823
2686
1914
291
2139
292
1140
2225
1630
1082
704
2741
2
2426
1944
172
2990
2484
2682
591
1684
1263
2794
1429
404
2842
1940
2235
1094
617
2129
2710
2171
2763
424
2318
2410
872
873
2117
1367
611
2743
999
2211
1400
2782
2404
28
1758
1003
2744
2970
2937
1098
2349
1829
421
77
2070
2035
251
1660
2526
1906
2644
2673
2216
577
2281
2375
690
1051
1100
2441
2532
1609
1812
1267
797
1327
124
723
2308
427
355
973
1685
307
1260
2457
1095
1733
1142
1790
1080
2879
278
1266
2910
940
1409
2735
465
1129
2395
2742
2646
815
1661
701
2004
1220
2803
2293
2685
2431
2858
1183
2714
2595
2494
2464
2789
1881
890
384
1921
2329
505
450
2996
576
125
851
2083
2422
2040
332
1170
2232
2515
2567
2751
2155
475
2863
716
2423
2282
1798
1945
2928
2885
2875
299
2089
581
1185
2600
2304
2541
2957
1939
2382
2302
657
1524
1046
1499
1576
397
414
245
1436
2916
324
2355
368
1730
2745
435
1977
1097
2262
2460
1364
1984
2113
1202
519
1862
1215
1186
2667
1322
1973
2602
1255
985
2208
491
377
96
2756
120
579
880
1698
768
326
600
1071
1913
387
1925
72
832
2278
628
1521
2388
2943
2558
469
142
2927
2888
755
1350
922
550
877
1520
2292
296
143
2480
2256
1317
294
2020
357
1662
1223
2052
2810
374
311
1379
2566
252
48
451
2977
793
848
942
859
298
2981
1458
1907
1064
1241
924
2417
2725
2449
1664
145
2662
1370
764
2060
2816
289
1126
341
2085
1848
446
2488
1171
2812
2058
1623
1873
458
1786
1947
1124
744
750
2489
1243
1599
522
2726
589
2187
601
467
693
1410
1078
1052
1884
1511
1437
1270
2307
852
1381
688
2772
724
766
100
1916
2959
739
1014
1728
1256
207
321
548
1282
762
1018
1712
2833
1778
1148
2603
2527
1741
2465
2122
1877
702
2353
1234
2273
265
476
1578
20
19
895
1104
2106
1678
740
969
2846
1841
63
2697
1893
226
1638
678
1497
1006
2607
1425
857
1314
1251
2921
1657
1792
2790
328
1475
208
1968
191
1099
2379
6
1269
1471
1177
1819
1265
2242
1979
2357
2831
350
1333
908
1853
2958
152
277
1894
1457
796
1239
2889
651
2672
89
2539
2730
1292
2173
2169
309
2099
1676
1644
996
1110
2483
2530
2362
1999
2133
1976
1875
2901
2445
1532
645
1510
135
976
2470
982
1157
1196
2341
2343
21
1903
71
520
1338
2437
822
260
2458
2138
594
221
2893
2015
1041
2324
2967
2528
2827
1492
107
432
777
1905
2134
2244
1687
2865
1675
1468
2582
2119
1946
2593
2693
1369
2822
2350
780
1066
1340
849
831
835
182
1387
733
2634
978
2030
2962
17
391
336
544
2093
2206
513
2723
211
1918
1259
945
2820
1749
1885
283
1613
905
2798
2829
2448
870
119
1831
255
757
431
941
1309
866
2193
1119
841
408
2224
2759
2830
1771
1365
2859
2424
225
1289
2645
1988
1880
769
2674
972
1932
597
1725
441
1775
1345
2145
130
367
22
670
2381
1441
1755
1055
971
2367
1975
1985
1227
485
1574
2591
16
1067
2749
1719
2009
967
2166
73
1593
2082
189
2328
2720
2371
2207
318
34
1514
2000
828
882
1825
845
2715
1224
263
81
2159
1722
2064
2925
188
440
1421
2331
1757
2194
1721
2964
1998
1680
88
1838
994
2787
2337
2398
185
2545
2583
323
717
2844
2774
1764
807
1579
1089
146
234
2340
1144
2739
1426
813
109
49
2215
1145
151
2297
330
2766
2400
1750
1397
2439
2032
2802
1937
2738
2780
127
2033
179
1649
2688
2407
1961
2196
426
951
398
1117
1834
1886
2479
1306
342
1262
272
351
1115
2177
2791
1598
1252
65
2948
1814
1777
2860
2181
1445
227
864
767
1488
673
2626
1552
1904
382
2136
2632
2170
82
2918
192
1035
1210
2769
2263
1228
1783
1816
1565
365
1037
411
443
2073
1311
1833
944
927
955
2249
680
1827
2377
1173
2045
455
492
721
2043
1313
926
1817
2826
2797
2775
453
2641
2618
428
399
194
1302
2092
2144
2536
282
817
2105
1567
297
2481
634
986
1454
343
1406
1836
2699
1960
1612
1219
2575
943
2011
1358
1713
697
2245
1541
1555
2347
2616
878
1694
2502
472
1244
2655
30
2452
247
928
274
91
2378
585
1845
1490
1070
276
2148
1027
2651
2625
1038
2613
1915
2701
2968
1813
1740
2572
1654
1477
2605
2231
2023
1194
2447
2080
1286
961
1293
2609
186
2291
1201
1485
765
288
2524
1029
2333
820
1505
1102
419
2845
2776
2356
2838
2192
1120
1012
913
2048
524
2195
2446
874
1197
1889
829
1093
2110
1791
1525
1118
2115
2900
1218
833
862
823
1450
1605
1936
1479
1240
2907
759
1672
1453
2408
1563
2454
241
1045
112
1195
13
1460
1779
2383
2857
1949
170
671
1597
92
2201
64
2666
41
1583
2915
2140
2067
2574
2182
1427
2017
183
2275
412
1232
1377
582
2374
478
249
659
1111
2690
2636
2338
2047
1444
293
858
2153
2525
1544
2018
2728
2373
1030
649
2628
2897
1573
2028
461
1208
1295
639
444
1462
2109
1795
660
2046
375
1434
805
1294
728
2793
906
85
1380
679
174
1432
977
1614
1710
2260
2939
779
1512
2016
1971
1486
498
2150
2989
253
1036
2288
2537
1007
1319
1346
2694
1506
605
2905
2696
772
689
2811
892
2717
1641
76
1366
1941
2078
1700
2734
1531
1026
2733
2619
2039
1431
2549
449
2118
2205
2440
308
2294
2351
1004
2840
1809
2024
1922
1633
1
1491
1681
1683
554
53
254
1330
1474
1253
1122
918
70
2923
2183
1344
2814
2886
2084
1493
2872
111
2856
935
2874
621
563
487
966
2429
306
790
1272
709
1461
2090
1360
1063
133
481
1430
2257
2473
35
1602
904
36
2142
2287
393
410
1393
902
1483
199
776
1850
1849
2952
1077
380
1788
1332
1909
1323
2162
901
1146
2808
1271
565
149
2975
2300
1860
900
2345
347
2851
2639
1738
67
2250
710
2238
530
2369
7
2495
370
2363
799
1308
2908
2241
879
2630
541
2862
1049
2298
2477
661
1666
2947
778
2361
722
2670
366
2750
352
2037
2310
1718
1509
2056
773
2319
2785
1500
167
1580
1447
1782
821
2727
549
2411
1193
2834
1190
2795
1766
2358
106
1659
2336
2303
1517
699
2277
148
533
2660
974
1226
2246
1355
1982
2800
2675
175
555
406
105
359
609
232
2438
385
1761
2929
1727
496
1182
2691
1705
214
1981
676
201
2950
2768
2212
2997
1455
1205
197
1096
804
1572
54
705
37
1744
1876
571
2677
1301
1288
1911
68
662
2985
2496
695
2516
2450
400
213
2963
1061
2656
173
2604
1776
1280
395
558
637
474
1057
2141
2469
2884
44
824
2087
1642
372
569
1328
2180
1135
304
635
1972
1556
139
1897
1735
93
1632
235
1428
703
2535
168
756
195
2752
2956
811
493
2200
1691
2184
1318
1711
2368
2547
1464
921
346
164
1986
1248
438
2271
2938
1020
735
335
809
2163
413
2561
371
388
665
1717
2274
57
2617
624
2409
1258
2518
1910
1162
473
2932
317
2219
958
2754
2266
818
1085
1408
2659
2589
975
2983
655
436
281
285
494
510
2247
869
2514
837
682
325
2620
1449
338
1438
648
2199
1109
60
526
2953
1168
181
456
1807
1943
1268
2966
1566
2081
2406
761
2198
1283
2339
770
2912
1618
789
303
59
66
2809
1285
2126
1652
150
381
2079
2236
477
2668
1554
2005
1528
358
952
652
243
1371
1989
2542
1073
1398
547
2551
122
2836
1356
2706
1291
1247
2451
2707
736
856
2252
2091
1861
1024
2095
2633
2492
1929
1607
794
846
998
2788
1804
2519
836
1760
2653
566
1359
1013
1924
447
1175
1448
463
2472
1530
2399
931
2546
1688
2819
1628
1473
700
737
2161
1384
218
480
1895
954
516
1626
2543
452
2835
664
1214
698
2038
2072
2704
803
1742
2034
1279
379
2661
631
2107
401
126
1828
1715
2969
2721
2579
2376
2597
2522
457
674
2610
753
2917
2296
2705
2346
2881
1619
418
1888
1772
1353
2430
2681
587
2413
2512
2669
2065
791
1000
685
2418
2976
2442
2286
1869
2764
1822
362
2783
1054
1062
2949
2520
1767
1734
1480
517
1101
2899
2006
1577
523
1615
1751
364
1529
361
916
1331
853
2555
2435
1802
2832
1040
1254
607
2510
2050
784
1315
209
2828
433
2650
2611
1604
103
2427
1465
1582
2190
1581
471
2156
2623
2290
2359
2737
2540
1106
273
1646
1682
1926
2315
2044
917
2385
1235
163
1155
642
590
345
137
1980
1242
1595
340
262
2961
2387
136
2585
1919
2352
1021
2428
2936
1962
206
2261
407
420
2001
615
2176
795
2323
1132
2348
2799
2189
2230
687
14
1634
2608
2955
2014
1396
2887
1631
970
527
1300
2276
1034
1561
2761
2342
515
2652
2146
1797
190
171
1846
847
2466
2903
1756
2771
950
2267
47
2112
1596
2986
1181
1069
2317
1016
2818
1361
1033
1378
1121
27
2801
2432
507
2172
1851
537
1653
2988
228
2116
462
2066
2599
2414
1513
923
1326
2506
1296
990
1706
2627
1958
1216
2637
2946
1818
1188
622
867
2003
52
2021
158
2654
531
2911
1503
1206
991
1324
2914
2025
861
1745
2299
1207
468
1669
2436
2926
720
2214
825
2500
1856
2456
2264
1803
1105
2993
2647
2890
349
240
1898
1442
279
2098
495
1957
2883
883
2314
205
2174
2960
983
619
40
930
1704
2147
1908
1551
2306
1128
912
1806
51
2513
2259
1863
3000
1373
834
1261
246
275
1502
2478
1589
629
616
2444
1405
2487
2729
1969
284
1983
140
2269
331
1575
2665
2556
2796
2121
144
2569
2101
1668
980
1050
692
2164
2548
962
2453
2778
1519
2229
198
1639
2326
1484
33
1507
2724
604
2086
602
1994
501
2124
1887
1951
348
353
42
502
1116
2708
2213
2564
210
1420
525
1692
445
1481
2684
470
725
1892
979
949
177
1997
2027
2075
1912
2157
1081
280
713
344
1487
1796
1422
9
603
2088
896
448
826
1257
403
732
1174
2313
114
675
774
373
2598
2823
1934
1935
1250
259
1991
1821
681
1956
2253
1844
666
1588
2335
1103
295
989
219
1959
2365
290
2360
706
2254
2664
1154
1671
94
256
1348
1180
2239
2786
1264
1349
454
1650
2847
2419
2852
2468
1591
2158
2403
5
116
1603
844
90
1859
553
2621
506
2533
2767
1762
1570
