3000
1871 831
537 1982
230 2388
2705 2748
1141 1362
2605 1237
1860 1427
479 1590
2190 2273
1236 2089
512 1279
254 2835
2601 2373
2446 1043
1660 2459
729 2493
2405 2659
2872 2473
932 1859
580 2157
1322 1990
501 1985
1857 1928
2373 2781
1592 1557
2739 2001
2608 1366
2073 1001
2328 2518
1655 2271
59 2896
1265 1365
1298 2852
609 2591
2845 399
810 10
607 572
1881 1181
7 2581
1939 1169
686 2221
1937 1327
2368 1642
2090 538
980 2120
1887 1969
971 2122
1191 1585
608 1566
162 2827
815 520
1998 2888
1052 1729
987 2796
445 2524
2022 2479
2558 2581
2687 2628
1436 842
1506 463
2726 2275
301 444
1282 2730
2881 1435
2837 2661
2347 84
1569 2723
47 2661
1697 1694
248 1659
1841 1620
2811 2669
247 1520
2427 967
2991 1640
2109 2669
478 771
1712 2361
250 812
1584 319
1412 924
1832 2613
1059 1967
2331 1495
1308 2460
1745 964
2981 1802
2790 2282
713 2827
21 655
1835 2492
218 1614
1413 98
1615 1963
1284 234
2654 491
775 9
270 737
349 921
46 455
2286 274
82 48
2101 2182
760 940
2283 2906
2701 2076
1642 2627
2846 56
2506 480
366 1520
38 1547
15 1474
1703 1934
365 295
919 2662
136 1359
1464 2595
26 2262
1310 224
1591 515
1156 2640
645 2892
812 1196
513 2433
2381 1036
194 2261
104 2951
1406 731
2088 1294
1602 2358
1993 832
543 2372
1296 2424
2182 260
1 824
355 62
1246 544
1589 715
2418 1467
1945 105
673 1110
1552 1878
384 802
2065 2669
2849 191
1316 1607
2997 2830
725 2040
1119 2073
153 2868
1417 2599
1254 2461
1440 7
1403 1660
2213 2868
1051 253
2785 466
1529 2295
787 613
2293 1557
797 1992
2052 2383
599 2451
193 292
2025 1047
2668 1542
2096 774
793 2691
2747 331
808 1673
2935 2609
251 1021
2084 441
573 1565
221 313
2841 1923
1759 2950
103 1039
1302 2501
1176 2689
2223 2826
2451 1266
296 216
2870 84
2831 1741
2119 692
2987 26
400 2178
1943 986
2578 2151
800 2863
1479 1589
2313 42
1272 764
798 2494
107 1797
124 1377
1924 2078
564 421
2707 892
1711 1648
2319 1083
2124 1646
2143 261
2567 2101
1431 2018
957 1710
329 286
105 1394
2541 573
786 1556
1668 1801
1904 1485
210 2052
373 366
1647 2319
281 1783
314 770
2248 2045
1553 2484
222 209
995 2589
856 2496
1016 2020
447 1535
1147 1137
2473 1394
1704 2840
2699 1362
110 715
265 1134
1126 2162
2165 1559
962 552
158 1258
614 2389
2519 105
1533 1791
1203 1363
464 2517
2813 2421
794 1472
1808 2300
1243 2023
2326 853
2375 1925
1359 2853
1106 1617
2540 2863
383 189
258 285
648 2412
2371 2128
411 1131
2354 672
68 1112
439 1386
1565 2863
2429 173
475 1160
1678 1710
2364 552
788 1384
1157 999
2882 1486
1224 1535
1090 2786
1251 295
763 503
1531 980
1606 1134
2015 729
470 1343
951 132
1467 605
2196 1988
1210 1429
553 1411
2342 2171
959 346
694 2308
448 1713
1819 2714
1686 1286
1866 2314
839 1505
1111 2458
1116 2573
1955 2871
2503 10
594 1315
2048 2333
2154 2951
2826 1193
2461 1283
813 1779
2237 556
1443 1402
2857 921
1420 1857
2325 2794
2627 2621
1933 377
2835 1411
1575 663
2011 1863
1379 315
545 2628
2546 1206
2009 208
1761 2906
1250 2979
188 702
619 305
662 1108
2428 498
213 1771
1128 1006
149 2956
843 165
1910 547
2040 2069
946 1900
1785 1771
2629 1353
1172 2734
1003 187
446 2118
2655 2989
2970 2600
2953 2069
982 181
1137 1773
878 1210
2622 1114
1794 2310
502 2722
343 1283
2174 2073
77 277
805 2644
1491 1843
2036 105
1205 512
52 2933
2222 218
277 1197
2816 1140
2774 791
835 317
1367 515
1097 351
253 1055
556 1694
233 2702
1402 1011
2814 2739
2961 47
1399 2571
2517 1546
308 705
1807 2287
2522 2557
2840 99
395 80
51 270
707 335
1680 723
598 2507
503 600
401 2748
2693 817
953 1879
1760 2094
2458 115
152 325
1475 2670
2274 659
998 304
2018 2835
1962 2261
2715 1801
682 1844
275 2574
1777 1752
2631 2049
904 400
1694 673
1596 1810
2443 2671
2107 1638
1277 2553
2 1991
2483 458
2899 1096
323 729
2891 2753
847 900
1709 1354
1033 1131
884 134
55 715
949 1044
660 1565
2012 2379
582 714
901 1156
715 1365
1884 2011
1225 1536
1648 2388
252 360
1181 2658
628 1810
1034 79
2505 277
2262 761
2959 852
172 2565
2384 2835
935 351
767 1523
374 2034
2296 1590
886 1617
1461 1440
1730 1334
2543 628
2006 652
1816 265
700 2619
2034 105
2230 460
2259 234
2989 1213
362 1537
1143 2059
2050 1288
481 2007
2485 1010
753 611
2111 1359
2616 1558
1438 616
570 2818
484 2872
1621 2760
1125 1187
2299 2592
2583 2636
1532 1741
466 2347
269 2606
469 2860
1196 1398
2589 2726
1348 2315
1598 15
65 1202
2477 2700
1493 1701
634 395
1707 1409
1526 393
1430 3
1063 14
1026 2705
964 674
754 1359
2956 2863
2142 1905
1949 349
2164 2246
1821 1980
2033 1153
2536 2539
10 2586
791 1300
1369 2090
2554 366
954 817
2205 2415
773 2140
2287 315
317 1069
54 915
370 1223
1329 1411
1140 44
1980 839
2698 386
1021 2725
2765 2515
1027 978
2035 1043
1503 677
69 2608
1069 737
305 2577
1932 2755
1043 1047
925 1673
781 446
102 2319
6 1867
2588 2855
2618 1530
20 943
605 2124
1228 1026
730 779
1958 1617
2288 1106
1560 1165
2041 1252
2335 1663
4 1773
2332 2573
749 2411
1385 817
651 573
1587 599
2740 487
974 834
2965 1684
782 1698
1339 1029
1477 2818
891 2821
2975 1556
984 1649
2887 2465
1687 1732
57 508
1370 635
2376 1436
197 946
1698 366
1767 2271
2691 1824
2587 326
2157 89
1858 2292
118 2090
1671 405
495 1630
979 2204
2067 1901
1872 1918
1542 610
1947 2307
132 1520
2133 2946
772 504
2366 89
2055 518
560 1459
1495 538
2081 1268
2315 565
2278 2274
2046 1549
1163 1741
1075 611
820 2496
1382 1520
35 1195
1433 661
2926 417
2252 452
205 2767
467 558
237 2821
1934 2871
2086 2563
1974 686
1375 1397
668 1866
471 746
1315 2164
235 2284
2495 589
168 572
14 2055
653 2127
712 331
1408 391
991 67
892 1394
1183 81
2049 2778
568 1198
1261 346
1525 791
1874 330
1692 2069
1566 2983
1716 901
463 1763
491 1967
1384 1421
2812 2583
1512 2387
2167 2685
2903 2217
1631 2991
2549 233
2484 2107
817 1520
1168 1329
80 160
2746 613
2327 2799
913 1989
1773 359
67 1383
2150 2841
2604 2065
746 782
388 1325
2514 1055
2685 373
1248 2210
736 646
968 538
2938 1327
875 1041
1078 2488
1957 847
517 695
1300 639
2454 132
1255 1040
2130 721
95 1285
985 2976
933 2229
1190 2867
917 157
217 871
1267 1617
1623 2497
2710 2253
2456 2566
2201 2527
2890 20
1405 415
2350 1720
1828 1923
1898 2143
325 1163
342 2869
832 864
180 141
1838 2039
1611 2975
2598 2578
666 677
1941 35
397 143
529 276
1616 2355
2114 359
2211 1416
1677 2511
2359 1190
1025 608
2007 778
863 2416
1608 1803
2910 1682
2531 1099
2134 1216
1682 571
1458 693
625 2489
2990 2000
1154 105
2810 1203
2930 770
2795 2681
2879 1668
2362 211
870 2776
617 1653
2162 760
1395 168
1070 1629
1303 595
81 1466
1915 1450
834 621
2282 1220
1758 2821
934 665
2611 2661
2112 424
1806 2429
1231 2046
2263 402
1661 2702
416 2331
1637 2453
567 507
1057 1022
2927 1430
2490 540
2684 2983
1842 508
1603 1407
1963 899
2602 1658
2251 1959
1219 1045
1812 2760
2858 1928
1124 816
2423 249
1795 199
2859 218
340 749
1908 1572
2830 2282
2511 56
2597 191
1888 2770
2198 1139
1541 681
2712 1912
2542 2920
1929 1140
2969 115
521 2604
2724 1228
2189 277
557 996
2621 1495
2276 1124
2268 62
353 580
2472 2314
948 1764
2847 647
1398 1037
978 1896
1258 265
2914 237
2294 966
356 1568
1733 2336
2125 2529
1543 2613
2817 81
1435 2835
849 693
1572 1961
2868 1694
1753 279
419 1124
116 72
2885 2571
2584 2801
871 795
206 1175
1997 2404
2106 1659
1074 224
1386 2670
2880 2238
618 990
472 2674
1076 2228
1999 778
581 1013
1843 187
2735 968
2888 864
1762 2939
1295 920
130 2194
2565 1412
2016 1173
1836 2128
1327 2473
1380 267
215 1753
111 1817
2591 1364
274 1101
705 575
1715 2837
966 1971
1135 2424
1000 2347
341 2005
1094 2167
179 2910
2180 1177
2131 1867
639 1394
2345 1585
532 1690
549 2554
1244 1528
238 1326
1667 2416
806 651
2409 70
2695 1478
2900 2354
1849 373
1729 2707
1766 2243
2257 1894
99 2799
1774 643
804 2007
578 2117
1594 218
1320 2079
960 1010
43 800
1705 1805
2751 2579
600 1365
1338 2924
1893 2777
731 1804
2403 2740
2743 2268
750 1486
1139 595
319 1971
2183 1485
1946 1407
2789 368
977 2160
1498 888
1195 1896
1722 814
1337 326
2175 886
2367 2305
2582 1435
1723 2093
1319 1446
1476 580
453 822
657 92
559 2483
2946 1032
209 726
2378 2229
2453 2319
2797 2582
623 1599
1895 2648
1889 1373
1274 977
1008 1167
1586 928
473 120
852 2497
93 1413
2122 893
2414 2971
1226 924
2168 2387
2099 1912
672 416
2781 711
2787 241
1084 379
943 1083
33 1194
2902 1150
1108 1092
337 417
140 1747
1558 1809
2374 695
2762 2468
165 1111
2804 771
2379 1895
2823 2147
1612 14
303 2390
1229 1855
2232 2964
1396 69
403 287
547 515
1136 73
207 590
2680 757
620 2641
37 339
34 2146
2871 1303
2824 439
2925 2160
2737 802
201 454
969 1022
2694 256
2480 1618
249 414
1455 2140
2727 1031
2978 1521
2516 848
2001 2669
62 1803
1868 1322
1633 346
1472 1718
924 147
1736 19
1521 2101
2757 455
1428 247
1450 84
2864 449
283 2158
1482 919
2851 908
2144 1677
768 1967
718 105
1018 518
425 650
1015 1807
747 1585
2917 72
1787 2876
719 2490
1237 1370
89 1451
1324 2424
2915 1760
1798 1436
918 311
1863 2493
389 2458
422 1731
350 1858
2999 2699
723 2441
1401 1396
2121 991
27 476
827 608
1294 639
1217 2523
1036 2166
2802 989
391 2916
550 1459
1752 1731
2227 84
1713 156
2921 2785
551 2672
2136 554
1161 1741
1801 573
698 663
108 767
1850 582
1979 1389
883 2638
876 1410
2329 2093
2343 905
263 467
1189 2460
1371 2897
256 1559
1200 903
30 1689
528 1288
2152 1856
776 902
1700 1127
1223 371
1743 642
2382 427
2718 2350
192 713
2441 2903
2793 2879
2547 253
2944 90
1737 2308
437 2336
1133 2490
1035 613
2566 2863
2704 178
2733 2135
1333 107
435 1873
882 1329
2432 648
841 2169
321 1832
1158 389
219 1950
2973 2107
1964 6
1537 2473
2430 542
2897 2811
385 1385
2135 1385
509 925
462 2035
306 1130
2594 2811
2194 479
11 1151
2077 1624
1630 1649
1485 491
2924 2374
2772 1996
1848 2917
1115 2897
486 799
16 389
2750 1287
505 1394
2083 1006
2054 326
1724 519
1511 1094
2628 1327
927 1773
166 2627
2896 2396
2730 430
1605 308
926 1884
1769 2258
2786 852
1869 688
2337 2783
2091 2479
778 783
881 2411
1122 2555
2020 1411
2465 870
2151 366
78 1201
1875 2489
615 506
406 2118
552 1408
2966 1116
2532 2423
1469 1113
1397 1523
1463 2079
2407 2111
1275 1149
1956 800
860 862
796 2991
96 2156
1448 488
1524 47
2971 454
2406 942
2749 1139
2178 1085
1561 2434
679 203
2013 1435
216 955
1459 1309
2759 1979
1912 1591
1691 1196
151 731
2218 2900
1350 1390
242 474
2663 407
2984 819
465 258
2411 1327
779 1480
2039 2282
531 1745
1091 2726
1317 2107
1427 1421
1423 311
231 2458
150 116
2515 1614
2722 87
740 1887
2875 1291
363 2133
1546 1249
483 1327
2803 975
2908 2338
1628 2654
443 545
811 1978
449 2493
433 1206
1742 2031
468 2881
2057 2083
2945 1950
1280 558
2732 2505
1635 2212
2356 152
2615 2151
1837 247
538 1617
2607 2624
2886 788
160 105
912 1321
2907 2836
2906 924
1959 2392
650 201
857 1521
2372 186
2392 1696
2819 858
1352 462
1117 2772
2396 2748
1913 1065
2568 43
783 2707
2993 2440
689 1210
2513 937
2404 2527
1153 2583
1104 1510
1102 114
859 272
79 1617
1242 2979
1987 1948
2569 1638
981 2036
2559 2571
182 2765
2947 2748
587 2347
1321 129
2711 378
2686 2222
91 491
885 1537
604 2995
1626 1158
2063 1395
2642 1715
409 1403
2408 2826
2535 797
2972 2154
1271 990
1679 321
938 1059
2391 1864
2380 2592
1222 372
2361 2671
1114 2835
2156 206
2538 271
1058 1491
743 718
2783 1162
2388 1329
1740 2522
387 1398
1693 2660
1744 1265
1279 38
227 2152
2862 2713
944 2776
910 333
2678 2999
1927 2985
844 1361
2317 1589
1268 723
1751 453
417 34
764 104
226 2622
1175 2671
520 918
1356 1928
2521 1346
266 233
71 2483
122 2271
2184 2808
2277 2317
2214 1797
2689 2240
1496 2174
2656 963
1330 1244
2943 914
2675 2848
1434 164
1900 2739
1424 1329
2600 646
1089 1071
1548 1797
2636 1331
1625 1589
1681 2892
1754 1755
1471 98
761 2035
893 608
2533 2147
1796 1590
489 1525
2295 1557
733 2246
1676 2484
2829 1610
1067 2619
2002 2228
742 1986
1636 1741
983 822
2974 1785
1714 2785
1364 763
1394 1411
1178 293
836 192
2314 1719
1757 1938
1695 988
164 2601
2285 2863
868 646
1527 1894
1204 2962
1971 1524
830 2013
1914 646
1901 1485
1390 62
546 408
2127 1072
2452 156
2856 1121
477 1902
858 1931
18 1778
2080 2419
2905 1573
1917 1181
2580 644
1950 2032
1960 64
2260 1323
1022 2036
681 1504
1197 1415
2717 2904
2333 1164
956 2216
1820 1394
558 187
2181 1435
1349 2771
853 2956
1252 2671
1940 2354
381 1080
613 290
431 1524
674 1816
669 1900
2560 1258
861 115
2958 1201
255 491
1675 1411
1050 637
2377 1402
2241 1945
2719 1738
2104 646
2043 204
911 487
2524 823
1422 2932
692 145
191 105
1377 423
345 2438
2995 1816
2487 2414
1160 1139
1973 1967
833 2817
2027 1771
2919 28
1410 334
2815 2766
814 1218
1065 1558
1579 1883
687 1858
2349 788
1523 2221
1772 516
2245 1031
1829 2139
1827 392
758 2818
2139 1718
2492 1763
2720 2310
1177 1632
1489 128
2723 1948
536 2801
2123 1329
1617 1394
837 598
2697 595
1278 1202
1276 1741
823 331
276 2529
2651 1235
1130 373
579 1149
1110 1032
1710 2234
331 1003
631 247
514 339
2471 1606
2179 644
2482 1621
722 699
965 153
632 1701
2215 280
1659 903
900 1420
2478 2722
61 2195
1100 2671
2548 2280
1227 1948
2188 2482
282 1381
1500 677
2520 2540
2625 2330
2469 1978
1809 1834
2912 499
436 2320
1936 1440
1112 36
544 1745
1345 1271
1451 2599
1061 2751
1876 1300
799 591
2632 1741
114 639
424 1591
1562 2111
1299 1365
31 2455
588 2929
1328 1788
2141 1129
784 1308
241 787
1193 204
9 1968
452 2670
364 2880
693 2101
646 424
1374 1525
696 1604
585 1932
1490 2969
1292 2697
2271 926
344 2110
2659 1904
2087 823
654 858
2575 491
2070 1381
2807 1520
1600 768
293 2619
2729 2295
2336 801
2760 2619
1179 1146
950 1974
1266 708
458 2610
117 1561
412 867
430 1373
1517 2442
1081 1136
1006 569
2062 1044
45 1876
759 1906
2413 1385
2755 1411
2866 2228
316 2997
2005 1329
154 1043
867 1042
126 1329
2949 1372
2706 1808
2721 1024
2279 1049
2431 2029
371 462
1383 231
1513 2558
56 2966
2940 714
2603 2107
704 842
610 229
2497 677
562 715
2481 660
112 2789
940 628
1005 2311
456 1378
320 261
1357 1135
1585 2182
1173 916
1852 483
848 1658
1563 600
2674 1800
717 1845
2410 1632
1312 445
2939 2776
1824 476
155 101
1098 67
1535 2380
380 2263
2833 2897
1368 680
2417 764
1699 1301
272 1074
2932 2797
2780 2745
17 2780
2683 1987
28 363
1727 1977
2074 1954
1004 999
1093 384
1951 2965
280 1762
2909 450
418 1084
708 53
141 2256
2226 536
2725 1105
2160 506
2117 1629
649 1959
289 887
2574 94
2681 2034
737 1852
2464 920
1953 1592
2397 449
1632 892
2440 150
178 1123
144 1039
2820 1514
771 1510
2148 948
2741 2993
1789 1646
2941 2427
2307 142
176 894
2115 342
851 271
735 275
2267 1947
1969 449
511 873
1975 1295
2852 2898
2400 1395
1207 2290
1970 952
2551 1452
2920 2636
2029 124
1538 2201
1437 240
602 2676
1028 30
1209 650
1770 214
1240 2659
530 2886
992 1848
420 35
298 2617
2097 1022
745 2150
2805 2968
2019 2664
724 605
577 882
1919 1593
86 37
1289 1967
315 2528
1779 2849
1931 698
1534 429
523 2029
322 2540
127 2729
2161 349
1634 2246
1213 1325
765 1271
1748 2561
2809 1404
801 674
2393 2831
2646 390
2204 1520
1781 2118
1549 850
2113 2671
636 2641
908 405
2250 1977
2968 2872
113 1094
916 1730
1311 1407
1134 2863
1545 2964
1257 2745
1786 58
1597 2710
2424 2946
1656 1105
2187 2670
1166 1574
292 892
699 1127
2508 890
656 2484
36 746
561 2151
2155 2633
845 2249
683 2853
1120 1455
2980 2855
1663 1266
2630 1008
1012 2282
2665 1608
996 2946
1325 674
1916 247
2648 2476
161 1592
1313 1057
2561 2660
2210 2460
2394 2856
2614 367
2291 2513
1095 1901
135 1886
905 1411
2387 2414
506 817
2708 840
1790 2874
1149 557
1259 2642
1465 2780
958 920
2254 2372
1499 603
291 2397
2126 1503
2530 2983
1854 328
2253 1542
2895 854
338 1764
2030 2973
382 717
1155 1109
1391 2699
937 830
1447 1518
2298 2003
2363 1649
2402 1668
375 2809
214 938
2764 1761
2311 2475
1407 433
864 2940
658 816
1972 1595
2166 2970
1652 669
2420 457
2163 659
2348 1033
2677 2741
2670 1047
1509 2933
1273 2627
2235 902
1121 1903
1669 968
2038 769
691 1328
821 2579
1452 443
659 1788
1989 2091
1109 914
2233 2470
1514 2475
187 1435
2877 757
143 679
63 296
1260 2666
2534 2561
414 761
2700 343
2798 2168
1896 2995
947 405
2416 362
1977 2845
379 8
2929 1289
271 2220
774 644
522 1379
2696 784
1749 2688
404 1669
346 854
336 525
410 2712
297 2817
1891 1198
2544 1700
1976 1455
907 2558
2323 2117
1672 2800
626 289
1640 75
785 304
100 1771
145 185
1486 2424
333 1523
2884 1902
2470 1442
2358 1249
1445 1765
1551 2192
128 1525
1978 321
516 1734
569 763
1502 224
1982 124
1269 492
1418 2950
1905 1963
2075 1415
1825 1491
25 1943
1409 1914
1131 2881
1813 2857
1414 2217
2243 286
1508 856
1159 1592
97 2562
2806 373
2626 2843
825 1910
223 1090
354 561
170 539
115 1804
2962 1915
2026 984
2512 2002
1581 1532
2079 369
2042 1419
1245 4
359 2872
2788 1423
2058 480
487 433
1792 194
1702 1996
1351 1047
426 317
831 1110
2745 1494
2171 265
1055 1628
909 1786
2399 160
372 2957
2673 1510
575 715
1570 1040
1150 2155
1504 2992
2209 2755
3000 2184
2660 1404
2839 1131
665 2661
142 2020
688 771
2415 2413
766 1520
1062 1811
2564 2474
313 2325
1840 919
335 1803
378 1820
1839 2858
2593 1309
2761 461
1353 2859
2850 432
1079 2870
2873 1752
755 2404
866 469
2861 124
450 1495
1830 974
1804 366
2827 9
2911 2950
310 2437
1487 168
928 2109
2153 656
2692 1948
137 1018
1421 1968
1554 1216
2102 1154
709 2358
542 1536
2676 1184
1234 2672
1855 1129
2957 1955
163 355
427 338
640 1591
2044 2861
455 22
2312 2284
1449 1750
121 756
921 70
829 25
2595 1739
2197 902
2528 204
822 148
572 2212
1833 2605
2280 1047
476 2009
2341 2807
1470 2360
1880 2708
2652 1385
2421 1201
2498 1130
2876 2132
2284 29
1019 2625
701 1273
429 1310
2108 626
1145 2044
1208 1710
1738 2307
1105 84
198 659
146 2750
173 2983
1376 525
2092 1282
1232 242
2093 2123
2500 1121
288 1431
2613 840
584 2110
2610 158
1439 903
2031 1390
1262 1394
840 663
1020 263
1358 909
1775 314
2633 320
2854 2701
1215 2188
332 2090
1595 410
1867 2327
1073 2018
2894 2125
64 2411
1174 1450
941 1961
1238 1182
655 2236
2792 119
1334 1864
454 2693
2195 1667
1815 693
716 2319
220 376
2272 305
2365 1327
789 459
496 2741
1456 58
1381 1610
2669 2411
440 1010
1096 231
1042 1557
405 263
1516 802
1323 1930
2892 2836
72 817
2828 2114
2094 920
1032 1043
1903 2734
2229 2196
2234 2336
2592 672
2462 317
1013 2296
2493 2227
1481 798
855 2991
2869 1099
358 2487
229 892
1564 2874
780 277
1283 1078
2767 2540
1484 1162
139 634
1649 1008
262 911
2085 445
74 424
1011 863
70 2024
1346 555
2898 1365
1731 2985
1080 1193
2581 335
1573 37
612 1194
565 289
1290 145
2239 2527
1719 2874
2555 931
2192 41
1360 606
2502 1947
976 2741
986 892
1101 2164
2273 1673
2089 732
361 1843
1886 2031
1404 741
2834 605
1288 925
2261 1577
394 1078
459 1961
518 1705
2529 1343
2779 1
1378 2589
1578 2625
818 2074
134 2580
2486 692
695 1466
2305 2576
1220 452
2173 2992
1281 1466
1446 725
2437 2540
22 713
929 1789
1923 1273
739 714
1393 554
2270 896
1658 1420
1017 1512
1984 284
2000 2077
1188 1751
1624 355
2619 79
184 1329
195 977
451 1905
574 1623
183 296
2754 1210
2219 1579
1944 1266
1620 2037
1123 1584
2934 1953
2918 2563
1332 2785
2435 83
590 1986
508 2712
633 1517
2479 2412
1389 482
2334 2948
2008 2494
1468 2788
1689 2514
2425 800
2996 817
1291 1103
1627 2830
2716 160
2208 399
2072 2455
147 19
2635 1018
326 817
611 2102
351 2767
1583 556
1199 1768
2224 1268
1557 139
299 2319
1739 964
1992 1293
826 47
1985 1736
199 153
1366 1054
1148 1167
1859 555
1505 799
2321 2729
2303 736
2634 1477
1684 446
2775 1214
2617 731
60 685
2449 2609
1162 285
49 2860
2661 187
1619 1256
2573 2843
1041 1972
1297 177
2177 101
595 2573
1771 1599
488 2380
2744 2435
1747 919
664 1026
2936 2926
1256 1662
816 89
583 2540
2078 1988
376 770
1571 632
261 2073
413 655
131 2096
2800 2346
257 677
2579 586
2736 1531
196 187
1247 2324
1983 1638
2913 1903
2258 1434
2570 315
2545 1695
720 636
1582 738
702 2685
1068 1561
407 1411
1879 1802
2324 2497
2771 2666
2310 714
895 1002
1988 1973
174 1381
963 1213
2024 1394
2494 2498
203 2767
2977 1046
592 1754
770 515
1721 1240
897 1601
706 1253
2460 2413
902 2380
1861 1734
302 1510
2436 2678
2818 840
1576 903
748 36
457 465
576 2221
1146 365
2014 1458
2832 1230
2269 1887
741 1500
2330 771
2557 50
2491 1774
1478 2387
2620 510
2066 2591
1218 1047
2061 2213
1685 1414
1706 798
2756 1413
1574 1741
1363 1818
40 1774
2928 2504
2438 1520
2527 246
637 738
621 2989
2923 1672
1657 1755
1187 2586
1899 2039
2395 2503
2297 1421
2047 36
2207 1487
1756 28
2147 1674
1192 1867
2098 586
1138 651
2986 1955
854 2421
2985 2707
2821 311
1344 406
1082 1257
334 555
444 2938
2653 2557
1023 1212
73 710
1664 360
1930 368
1066 230
2186 339
85 2237
2238 2908
2212 1804
1670 899
2865 874
2782 380
2863 105
1083 2459
1046 1341
2510 2168
2731 1841
2242 243
390 1036
1010 291
1644 2314
2836 1617
2878 1400
129 2576
988 156
1441 349
1024 842
2028 2467
2753 888
1318 1415
721 374
2448 324
87 2702
159 641
2355 1718
2964 2777
2690 2834
499 2882
1099 208
2623 1554
1473 1837
2609 2435
2105 776
1920 1765
2292 452
2466 752
312 658
555 663
643 1212
1048 2137
190 2920
2682 2334
2778 1954
591 1305
2576 132
8 2874
2571 1103
1221 2509
1862 2835
2796 1788
185 2794
1429 219
156 492
236 639
2322 253
2246 1411
2346 1958
2599 355
1038 859
434 401
2954 462
278 2168
2302 1460
1831 2863
2671 2540
2240 1967
630 1134
1497 925
1926 2603
204 600
259 373
1045 2748
642 1903
2982 597
2051 2421
2306 77
295 1958
1708 74
2138 115
685 2608
2360 1898
1182 1775
228 2621
494 376
76 2104
690 2530
534 656
1734 1565
1688 1046
84 553
327 2622
1653 1010
2860 415
482 1641
369 302
1336 701
1851 64
994 2651
2351 2427
1054 1394
2053 2537
2071 2806
2612 1745
1216 2811
273 2747
586 2613
2468 981
318 1812
42 1512
1614 1293
53 1617
1001 1394
2447 2319
1492 1751
1791 2175
1607 2956
1171 2663
368 2186
1425 2872
1645 1753
2596 2954
890 444
2145 255
1341 2693
2017 1262
2200 1368
2344 2247
1198 1691
2662 47
899 2526
307 2479
571 1105
2942 627
507 865
1086 2595
1822 1688
1072 1696
1778 2577
1547 1958
377 1632
245 912
1952 2404
1457 1853
460 788
1132 1617
1152 176
360 695
1793 2543
2206 2769
2983 2836
601 2803
432 2379
1555 1305
415 373
1483 821
148 647
684 1444
2773 1608
838 1617
1388 854
1519 2626
1725 70
2893 2336
942 1417
1510 119
2504 205
819 204
1039 1961
1568 903
931 1800
1249 2872
1651 2151
1444 2772
398 404
123 1855
757 1062
1544 1400
1184 89
1986 180
1185 909
66 1026
1720 1843
2843 1510
2657 629
1214 2566
2203 524
2264 2655
2590 1717
1029 1771
1305 1327
1466 555
133 2872
2339 828
2553 1560
120 2166
1127 255
1520 1411
1530 1803
500 964
879 981
1907 2612
874 1948
2738 2436
2770 831
2791 2387
2748 1411
2256 2073
1416 1235
1641 2060
39 2598
244 701
1902 1657
1906 2950
2703 1653
2103 2990
2624 611
809 2749
1009 53
428 2347
2679 1388
930 19
2445 1536
1856 746
1007 58
756 512
157 545
1494 229
2275 1386
1639 906
1211 1466
644 416
2937 1947
88 241
1968 2073
211 2212
603 663
1264 1848
480 80
1085 126
1683 1888
1253 2727
2069 2471
2643 1394
1776 178
2003 1892
846 298
671 2484
1599 118
267 355
790 663
2422 1085
2064 2946
1746 2424
1343 306
2855 503
955 2670
1834 2458
1885 1539
2082 157
98 1943
1593 418
1991 1649
920 1866
1726 2997
2883 1580
1882 881
535 1346
330 160
2185 2703
1799 2206
2217 800
1803 1617
1780 2795
5 2655
2304 2558
2281 398
1994 2240
461 1124
2763 1435
2220 1834
677 1804
1515 1638
1426 2668
967 1406
2637 2028
539 1520
169 2465
2496 1700
2901 1669
1580 381
2768 111
1165 1105
189 2036
243 707
2191 591
541 1827
212 879
880 1483
697 916
2244 1025
498 2526
1077 1952
1768 366
914 746
2728 598
1550 460
29 1406
1966 2336
2641 1211
48 59
32 1956
2463 2276
1373 573
1784 1574
2320 1485
2118 105
2128 45
1539 2354
2193 1
1847 698
347 1974
1696 2138
751 701
1347 1573
2539 186
597 2773
1918 2855
1170 26
1040 1357
1805 1119
734 1978
1690 1427
2650 1971
2247 1567
2116 1330
2467 673
392 2946
1763 1327
442 182
2159 1146
1241 7
922 2091
2916 483
1981 2626
1522 362
83 1915
2412 1436
339 1411
1928 2863
1088 2350
286 1889
990 1969
828 2674
171 1506
490 962
2433 1896
1728 247
1890 177
1618 218
519 302
2801 2530
1877 2206
2784 2058
2955 2962
2606 2628
923 879
2639 192
1113 171
2390 621
622 1845
2149 1741
186 1780
2265 2164
12 409
2963 2639
869 333
294 435
94 478
2216 2488
2068 1386
877 2171
2231 1412
352 1951
1307 1722
1897 2569
497 19
1301 2766
596 2520
1604 706
181 29
1107 1281
624 891
2799 332
527 2625
1087 969
2808 366
2370 1155
2037 975
903 2073
1488 59
1372 2665
1056 2246
1047 1591
888 715
945 1466
224 1047
744 1250
328 1865
2170 1298
1270 2769
2301 466
2874 366
2369 2390
970 450
1643 1475
989 1412
504 815
1387 1187
2316 2799
2640 1524
670 2572
710 2467
1239 1153
2758 2488
2499 925
2752 870
915 2083
563 2673
1365 47
1826 1283
1518 2776
865 2528
309 97
1474 973
1942 1732
202 371
324 2277
1044 2530
2904 706
1588 856
2032 2599
1556 2586
2647 219
1263 204
125 1501
1540 1053
1507 2844
2132 196
1864 2874
1306 1792
1782 952
887 230
540 1346
1129 160
975 2863
1577 1675
1844 1218
1400 2552
807 2745
2137 1723
2442 656
1925 1493
2525 441
284 794
2457 1880
2572 359
1567 940
1894 1565
1601 439
1442 1299
300 2602
824 2320
1454 1035
2352 2789
287 938
1853 945
997 2111
19 1510
2059 2750
1480 2739
2300 1596
1622 2127
75 970
1309 2608
1049 2043
1164 627
1342 638
24 2075
1340 674
2537 427
676 941
2825 1574
661 702
2667 1584
675 2111
1990 1522
1666 2674
1212 338
2994 2950
1750 2424
58 1600
2056 492
2794 1327
2169 2896
703 2825
510 2429
795 288
635 2898
2979 704
1144 223
2552 2041
2060 1617
972 1965
2444 25
1287 1729
1609 1570
2010 1581
1654 930
200 2106
566 2433
311 2438
23 1946
1151 2071
2255 438
1235 325
1629 2712
2158 1600
1610 1636
2398 1791
525 424
2146 1001
2004 2030
777 315
119 366
492 731
225 2659
1206 2540
2228 1527
2844 105
663 424
2266 1212
2713 2910
2309 267
1361 1404
2950 1370
2459 629
1845 2917
2434 704
2992 1988
1718 553
2386 1870
138 116
2236 1873
727 2559
593 936
2455 601
1536 446
423 1001
2523 2931
402 2411
1800 2903
2842 2308
2742 2527
485 1197
769 2776
240 265
2766 2221
285 1967
738 2384
1392 79
802 438
2672 1626
842 79
2383 2311
1202 1175
2289 2500
2562 1865
1613 301
1701 1079
667 1216
232 663
2933 2711
711 771
2518 249
1717 1763
1064 2607
2023 902
268 60
177 2253
2769 1062
1921 191
1948 2246
2389 1607
752 1486
1865 708
399 746
873 542
2714 757
2951 2421
1060 2417
2563 1591
2848 809
2221 1911
647 954
1335 842
1755 2071
2249 2706
1954 389
1811 955
1002 1247
357 1076
2176 398
1201 2808
2550 2871
1501 864
90 427
2967 550
1870 1518
2225 1021
2076 2109
106 1030
652 588
792 1768
2960 2548
50 392
606 586
1031 1043
2290 2922
803 2710
2585 2524
421 2806
1938 2652
1662 1498
367 1496
1528 1298
2709 1405
999 761
3 2324
1823 2170
1362 1520
2948 2113
101 964
850 437
438 1928
2353 2546
1909 203
862 345
175 980
1331 2035
1922 2634
889 2155
2172 45
1314 503
1814 1213
2450 2550
2645 721
441 2586
1030 124
2318 2166
2110 622
898 660
396 394
1590 1435
732 2518
641 2388
1118 2123
2308 1151
952 1304
1646 2811
533 782
906 1329
1415 2844
2664 2342
2658 2740
894 545
109 2868
1961 399
2129 468
678 1793
939 1806
1674 1559
1935 1464
2120 1798
524 2019
936 417
2889 1518
167 1648
872 1826
41 2052
2998 380
2340 1679
1167 2411
2385 2261
493 326
2489 515
2507 478
2702 2940
1846 2989
554 1329
1732 2821
2952 1633
1665 1148
2501 238
1142 210
1765 677
1053 255
1797 1643
2777 1229
1783 1321
515 1411
386 790
1810 538
1650 1069
2931 162
1883 2294
1817 644
260 1032
1103 391
1230 1880
1293 2835
728 1485
1071 1780
1873 99
2338 254
2853 2946
762 2089
474 704
290 1831
92 2718
234 1558
2488 47
1911 554
589 2603
279 2065
2021 435
1802 1321
1354 2606
2922 2479
348 2225
239 1291
548 1151
714 247
1673 771
1892 1698
2556 2644
2474 1321
2357 2750
13 342
2988 1161
1180 1120
1995 2666
680 1062
1304 280
1967 105
1432 2831
961 1378
2401 227
1014 303
2100 1840
616 965
1965 2562
2045 2846
2867 1313
2199 1156
2649 882
1788 519
1764 1968
393 1680
627 326
2140 1790
2095 378
1285 1308
2638 1331
1419 1967
2586 229
1092 830
2475 1411
896 645
264 100
526 682
1735 2777
1355 2226
973 2930
2426 2786
1460 1946
2776 1206
638 2579
1186 989
408 2970
2419 2440
1996 2446
1462 1142
2577 2627
1878 2650
1741 1329
1194 2138
2666 665
1169 1924
629 1912
1818 1327
2734 553
304 940
2688 2868
2644 2710
2838 1958
2526 554
1638 373
1286 934
1559 2633
2476 1105
2202 1951
1233 290
2976 75
208 1116
246 326
726 1969
44 1070
993 1351
1453 975
2822 1068
2439 636
1037 1547
2509 1624
1326 2346
3000
1009
2915
2325
61
395
799
1394
879
1219
1102
2983
2666
2947
2763
1265
2543
378
2607
381
1303
2606
796
822
2199
2426
175
753
559
1295
308
2828
390
2878
748
338
2110
322
210
704
922
779
2031
1061
2656
1015
2128
2196
1995
1000
1211
1772
1593
1688
254
1006
722
2463
393
2172
1551
1044
2837
1797
1156
1066
1187
516
2924
1587
1800
1835
2181
1661
2382
2835
2360
808
1312
2223
2294
16
2538
2098
2230
1834
2709
1416
1600
111
2872
1365
2425
636
887
1576
2589
691
2662
1789
1049
1203
1932
933
2204
647
860
1372
2378
678
266
2488
1850
1032
855
1512
1981
2511
1757
859
1273
2884
1534
120
1941
797
2350
969
814
2810
309
2237
2822
1637
658
480
2941
2194
690
998
1886
35
967
2119
1953
2997
719
217
787
959
1260
1434
2695
793
1699
1333
1979
2882
2569
1357
737
359
1234
1420
2216
2704
1716
2043
1577
2356
847
1947
2231
841
2435
1183
2517
147
1386
289
383
588
60
1242
498
2077
1888
2224
138
2896
1825
1259
1085
2683
1812
2602
1986
2749
628
394
31
432
1310
2377
1462
2948
471
2483
1750
2848
1450
1532
299
2126
495
2388
2394
1839
601
963
1517
1904
459
1406
1248
49
2641
2960
2210
208
2270
412
2273
1089
2392
2398
633
1256
1706
269
1736
2276
910
442
767
2250
730
317
2784
880
1220
1258
2528
1358
1341
2327
1552
2417
876
1124
2893
1075
2726
2595
2226
2506
150
2585
673
727
1645
1277
2911
2358
68
648
1214
2313
2651
1646
2770
2945
519
1136
701
2714
2613
1503
2389
1110
1504
1695
363
621
1139
2731
272
1
2214
1325
1040
1915
515
1112
85
702
1084
1714
1817
1760
2258
562
1053
2083
687
2186
546
2484
1001
2192
2295
948
1393
1861
2798
2351
358
2892
885
1452
1255
1387
703
874
2131
466
523
1865
1034
755
2089
631
966
130
2986
2071
1479
1869
1388
2841
2051
2067
813
1154
2450
2936
1305
88
2545
106
2084
909
2318
853
483
2123
872
556
2563
2268
1843
1875
1668
283
1250
196
160
1353
354
637
1263
935
87
1689
2039
296
911
251
1449
1531
2477
744
1293
669
825
733
1530
1667
2418
2920
895
2593
2307
557
2880
2120
405
2529
2988
330
695
213
1031
1556
782
544
2761
2269
561
2188
245
2889
48
1547
2252
2583
898
2347
2712
2053
67
2809
2415
1079
527
2844
320
1334
2139
2090
1922
455
2590
2474
1160
34
602
1038
735
1433
2700
651
2367
140
1896
1686
2678
2440
1733
433
2855
1588
1471
1145
852
1728
1443
864
1840
1123
2017
1660
1718
766
2992
1122
1195
355
569
526
201
1360
589
905
475
454
1759
1475
286
1497
624
939
2676
1559
2461
1630
361
282
1871
865
2466
1569
190
828
716
2686
936
2925
1910
2495
1027
2141
570
2699
868
2022
1215
1612
246
2173
776
145
2208
605
2742
1101
1200
812
1927
2374
1454
949
2657
180
1590
1703
2348
2010
257
752
2549
858
1980
1093
183
2449
1705
2584
532
684
1270
149
1159
749
1347
2375
346
1662
1440
57
494
646
288
1528
1165
1672
232
467
2764
2145
1674
2557
1026
2561
1062
839
2513
2412
1221
2961
464
1096
2564
1100
2954
577
2183
2384
2434
951
510
2696
1544
400
547
1783
759
884
1176
1047
2373
2049
899
1751
222
135
28
757
2697
2219
2785
327
997
1907
271
1604
122
1606
198
2257
1445
1368
937
165
1841
155
1118
988
541
2094
1481
129
888
843
2800
972
609
2679
798
2103
2185
2058
2608
999
2862
477
1998
1395
2101
645
294
1197
710
1818
2108
914
981
2972
2612
1060
907
458
1647
1349
1823
536
1457
2235
2537
398
2080
465
1905
1056
1385
216
1791
341
2446
1294
882
1575
1120
1158
1381
2962
635
199
2030
1987
1380
2354
1988
2623
2253
441
1292
32
2152
1782
2614
2671
1974
1516
2007
1459
1731
2414
281
1912
214
1514
2105
1268
1778
1832
2964
2772
2079
576
989
2326
1351
110
264
1304
126
174
2750
1502
1798
993
2838
392
750
2551
321
2227
680
69
1842
1177
2733
1582
226
184
2620
2898
1518
2518
1580
2765
683
774
521
2012
2060
778
1550
2153
574
12
1946
1363
2808
148
2093
474
1975
1717
186
824
801
1068
696
368
500
2497
1369
2032
2019
1969
2395
2995
979
1088
1558
1573
478
503
1859
1441
2811
1954
1013
2317
300
1390
2955
2311
2817
1787
2836
385
1095
1737
615
625
2850
1146
2075
823
78
2866
2323
2691
1468
1451
177
451
908
131
1426
1311
2176
1182
221
1288
742
1790
1690
1566
552
2501
1148
1378
242
2940
425
374
1956
1591
524
721
64
2736
2256
1397
586
1316
540
1213
2111
2937
1437
1807
1939
2491
416
785
1838
1487
892
2558
1188
2206
1687
1321
2725
958
800
1464
995
1989
662
1627
694
1495
2361
1868
2916
2182
1858
1054
2052
2660
2074
212
2271
2451
657
1168
1306
2603
616
1704
970
2756
1185
311
1421
1178
873
2976
492
197
268
2629
9
2875
402
114
1945
736
1894
17
2932
1903
2363
339
582
591
1966
2508
1824
2130
917
741
1132
2634
1746
924
1607
818
960
1396
1278
2029
2818
2907
1813
2886
2994
1543
2113
273
2125
1484
313
2018
2236
37
1513
1391
2938
1313
1614
234
2534
2891
2289
1128
1958
1327
2863
849
2277
2408
2698
1244
943
2207
1350
1808
2232
1473
8
2304
1822
2008
2917
52
2433
2061
1216
1934
295
1829
2902
2338
1415
2861
1269
1673
2831
627
848
304
2601
639
761
1081
1499
835
1076
379
1583
2263
829
1777
2340
2124
2136
435
840
551
1766
2769
2803
112
1460
2366
731
118
2989
1810
2033
533
2301
1238
2471
1488
2134
1130
765
19
1568
375
1414
1635
2672
297
2037
2465
1803
2965
2274
1202
606
2532
2918
1515
102
2193
382
1467
2048
2516
258
996
986
1284
1796
1744
176
2321
1887
2407
784
39
2402
1595
821
55
1301
2146
2070
128
233
1208
706
2076
597
1963
1853
2522
2890
1140
1629
152
2494
842
1928
1656
934
1108
1051
2554
832
2015
1011
2167
1599
2209
2365
2405
2555
1409
643
1761
2626
1476
2410
2842
712
1920
2064
2036
2977
2319
1063
1881
491
2755
2290
837
1833
2309
2780
2901
2942
2406
1785
2155
1286
517
2849
472
2023
1082
1291
2158
1971
2675
1819
1153
598
1344
86
1169
2149
2621
508
53
1613
2921
2877
867
1847
89
1735
1758
1247
1732
427
2815
422
1098
1494
2437
610
2117
2297
1141
1669
1805
2315
1651
194
522
578
2922
883
1172
2028
543
1241
1692
2630
1804
1572
20
1831
403
1726
2931
2777
572
827
391
1181
1021
1257
1427
1633
2542
1830
830
479
2452
424
2963
1282
1493
618
2056
2505
1697
1323
2166
2729
127
2132
1023
2249
2716
1367
444
1373
1126
2265
1065
59
2575
1411
2085
2782
2814
1617
596
2693
158
2303
679
1403
2552
2609
439
2460
768
305
2396
640
1229
1682
2959
978
2500
1326
2503
2658
1121
2616
1574
1266
151
2202
326
902
2385
1087
1691
1774
2380
263
250
399
2624
2316
1042
1039
1741
2751
2530
2025
2631
878
2432
2719
743
2372
1763
1991
1977
2990
306
1676
1890
1524
1375
863
1874
1962
2371
698
164
945
178
1916
985
1206
419
172
626
1972
2261
1820
942
1696
2473
2913
2985
33
2284
1641
2320
1290
2009
1057
2423
896
2272
1352
1003
2753
460
1870
316
2527
366
1585
2334
185
1506
1018
2239
6
2480
2362
916
350
2746
1867
1227
931
1666
1483
746
1143
854
473
2240
1919
1332
2441
417
2978
1317
351
2899
1943
476
1768
1799
2867
2638
1521
1693
1742
2106
965
2065
2565
2617
50
2044
1563
1567
976
525
1609
1698
2264
2057
2171
104
1879
504
2905
144
182
2278
2280
513
2267
1622
357
2035
2174
512
718
1764
2588
1537
1729
1114
2157
2179
2876
1707
284
2966
161
1446
2754
1913
2102
333
2073
1366
2221
1621
950
445
499
961
2487
191
682
2390
1864
2598
1659
2953
2794
1067
1856
13
2353
71
1144
1702
179
655
666
181
1161
1620
653
594
789
1279
1275
941
506
1050
2178
1285
2824
568
2197
2987
193
592
41
484
1700
2834
54
1906
1455
1967
1149
163
1444
437
430
1675
654
538
2786
1553
2241
280
805
1882
659
1080
1909
2858
325
1594
2833
367
904
725
1891
1025
977
2632
1399
2533
66
113
971
2778
2047
485
2887
2946
617
343
2159
1996
2843
231
595
2645
2118
2869
1993
1338
511
1893
677
25
420
2397
1430
2807
207
2444
2455
2791
2168
2400
1929
2597
1811
2853
462
2577
62
2490
1564
1603
2615
991
2006
2973
2144
764
1151
2286
167
1533
1933
136
370
2524
833
1592
1447
2864
2646
2429
1826
929
2150
1461
1456
2783
1086
1985
1773
611
2797
389
584
93
2341
1529
1709
2175
1821
1854
2376
1734
1225
2218
2322
2086
1335
11
845
97
162
2933
2974
900
2088
2566
2054
740
804
1549
468
2285
2416
1961
1743
1137
1885
1155
115
2560
2369
2247
2804
2873
1816
2246
429
329
1527
1135
1480
2428
2546
202
2702
345
2282
1520
1328
1131
2391
2523
1324
1895
790
1329
336
141
676
1002
1147
1283
1392
2189
2492
446
555
2611
157
276
189
353
1866
100
2245
2190
920
1715
560
2011
630
567
1287
2821
770
228
1771
1073
109
2591
2383
2464
2255
2923
1078
553
2635
607
2300
1548
2540
599
1872
2034
2445
946
2622
261
1926
1938
608
312
44
103
2951
1115
413
2096
1422
2142
2799
1755
1298
2888
436
65
2000
1753
2668
715
1179
1052
1678
2002
2703
274
1793
2717
2664
2740
2536
1174
287
1601
1815
747
2447
1708
1542
2826
1486
2443
1173
2525
1319
2682
132
2345
729
564
2883
75
2078
2823
2292
2766
2109
2839
1376
877
2148
1638
2233
2677
76
1371
1448
1923
1873
2243
964
2771
2217
337
2956
2735
450
2586
529
709
2357
2041
2254
2701
1957
2571
2476
1540
2747
1950
1280
2865
2619
1747
781
795
652
365
2796
301
957
1579
408
1724
2578
1199
2337
1261
2568
620
244
1342
866
1408
456
1720
1857
2998
1611
587
58
1249
875
2870
973
664
893
1489
2847
817
1370
2582
2790
409
2879
1090
331
1710
1442
2066
1374
681
249
2091
440
423
773
2650
376
2707
215
745
2596
1781
1104
1194
1828
786
2688
2448
1510
1470
1634
72
1005
1775
369
2860
1356
2816
2479
2789
650
1339
1106
834
1070
2205
2926
1239
2681
2306
642
1740
1405
139
2200
534
1631
974
1246
1458
42
2819
443
1072
2387
1952
1725
2081
1474
1058
1308
1508
1827
2859
2180
1348
1435
2187
2914
1990
2339
1671
2314
218
1955
1055
303
2979
2259
1019
600
2548
1496
1538
134
2005
530
2013
1315
1719
707
763
2895
1978
1354
2234
952
461
2752
1117
334
954
2779
1423
1730
74
1914
470
566
501
2260
671
1608
1795
56
1150
2332
332
579
1272
2685
1364
371
247
401
1346
2757
1899
2409
1059
2813
352
2748
2572
1794
1976
1210
919
1685
1111
2723
1192
1560
1643
220
493
838
1628
2556
1649
1973
771
2576
1862
1602
593
2198
1930
2759
1677
2710
693
2648
1846
2055
1046
2169
2881
447
1561
913
2544
496
335
932
2743
1314
2481
259
962
364
404
2421
70
1618
2802
1802
324
1640
955
947
1302
2244
1598
1519
83
2330
2874
894
2774
1752
675
1453
1074
2459
1522
43
1237
1748
2773
2161
1289
229
270
1970
2663
2851
2673
2298
1418
278
211
2151
1028
2715
2100
2042
1723
1501
1765
1184
2469
2885
237
2830
1655
2950
851
2381
2519
2605
1485
1400
674
992
788
1619
1917
535
2062
1204
46
2220
2212
1982
3000
123
1232
925
2515
1401
342
1739
619
775
1562
252
1968
2550
24
1404
1299
223
2
1099
1632
2643
452
2283
73
2900
705
856
1721
469
2574
2857
1262
670
290
1014
2825
1546
2580
1925
1201
2439
2457
2827
1069
1417
2116
2177
1849
1205
1855
192
1138
1463
1525
92
2649
1779
604
2741
807
2112
1684
434
1251
117
1745
2526
2944
2262
1605
889
783
2570
2059
457
1964
1218
1307
4
2386
1681
1105
431
938
121
1749
1852
490
2468
1428
2095
2355
1863
984
1212
15
2934
2291
780
119
1157
720
453
2296
2170
2669
1163
2154
47
663
1776
82
1507
1036
1940
724
2982
649
227
488
641
1022
751
2213
1625
10
1413
1320
275
923
2829
1439
1402
1959
531
1196
1924
328
209
1254
1186
2436
323
2016
1491
2191
2195
2640
502
51
40
2642
292
723
953
2160
1300
2014
340
77
2674
1876
2335
2499
1545
96
1536
1780
1884
809
1663
27
1410
314
2127
1535
1331
2975
81
1113
1767
1107
886
133
590
1223
2971
2107
2573
2521
1712
644
2852
2507
1878
1466
1033
2104
2140
565
2928
2068
1762
2732
603
2604
850
2456
1425
2792
1361
2349
415
505
1994
2138
1509
2165
2308
2364
772
2097
545
63
21
2776
2788
302
1276
487
1012
1478
583
2806
1490
1253
1166
2072
901
2502
1267
1109
550
1235
421
1281
414
1837
1541
1379
717
1960
1713
1769
507
497
241
2046
1377
2897
2004
2496
1424
2579
903
1586
1844
2910
2114
84
762
956
810
844
2470
940
1389
153
2737
1836
2211
293
912
861
1469
2587
1983
14
732
1722
386
2625
831
2228
1016
2442
2547
1077
2958
2379
2652
2943
2121
1788
906
1037
1240
2738
1436
1010
203
2633
1071
1610
1902
2021
1505
2509
1359
585
2040
1653
448
36
622
2724
1431
1511
356
1252
143
2329
2287
1008
1658
2162
1164
2370
1694
1860
987
2690
2420
156
1921
700
2485
1806
806
362
2969
1083
638
260
2981
836
79
881
1526
2722
240
204
1271
2781
2787
1623
1992
2024
2670
1162
1555
1048
802
2929
1198
1231
124
2312
689
2293
410
146
2720
2424
291
918
344
549
2904
685
2667
660
188
760
1020
2775
975
481
2600
1097
1029
2462
387
2758
581
1245
2504
2993
1657
2610
1892
891
168
1999
994
1189
1482
1438
2422
1045
1500
661
2967
2129
921
2636
1581
2927
1931
2730
1224
2531
857
699
107
2644
2739
1877
195
2346
267
255
2599
1152
1355
1226
2930
728
1652
713
2745
310
1997
2957
2438
819
2215
1642
571
1664
1898
2164
90
928
2453
2393
2935
101
235
756
2133
2482
1948
1650
792
2520
2553
514
1274
697
614
1064
897
2302
125
2027
1318
1236
2594
154
1127
243
2684
2225
1209
2846
1345
2909
2581
2458
980
1786
1801
1665
1030
2359
2541
1180
1711
1636
1092
2238
2653
520
754
1596
2163
1170
632
509
1477
388
2856
2050
2760
1784
1944
1814
2099
95
1337
2063
1615
990
1880
2984
575
2331
1190
1233
2324
1119
1134
1889
1125
142
2514
265
18
2472
5
1578
239
1222
665
1949
2135
1129
2510
2647
2489
2840
915
1942
2637
726
2222
2419
927
1429
1670
2122
686
396
2706
739
206
2562
930
777
1207
2299
1094
2026
2793
869
1738
2430
380
1243
349
667
1382
612
1901
2427
2493
29
2705
1883
1648
7
791
438
1937
1848
2592
449
2692
2812
2203
2655
347
1951
1571
1230
2661
2478
982
1965
629
2115
2689
1554
2003
319
2968
2143
171
539
2939
890
2156
1343
1754
2001
1936
1792
1918
91
2333
1683
2767
2744
634
1908
298
2728
2845
1175
2949
1419
2628
1384
238
2413
758
537
1523
2045
2559
1193
1296
23
2288
1432
2275
1680
2431
253
2281
558
2403
26
1116
672
2201
2248
738
944
1309
1727
2999
1264
1584
2832
373
714
2762
1007
2820
668
528
1017
1809
98
2734
1679
30
2727
2659
1897
1191
1041
573
820
1035
159
318
426
1398
1624
2970
769
826
2498
1539
2903
2654
2082
486
1701
1228
2020
1644
2539
406
94
2980
2184
2512
1770
1845
2871
2665
137
1330
187
2266
1167
285
2721
428
2680
2352
2868
315
1407
1911
1597
1340
1654
2627
2708
1756
2251
2137
656
372
1383
1322
862
1589
2768
262
1935
307
169
200
225
2147
580
248
2087
811
116
45
2399
548
2805
1412
2242
397
1639
926
2343
1004
2328
1217
277
377
2401
1465
348
518
166
463
1498
816
1133
1103
688
968
256
80
2894
871
2092
708
983
1851
1297
1570
1024
803
230
2310
2069
22
794
411
1472
2854
1492
2912
613
2454
2344
1171
407
1626
1043
2639
2618
2229
2801
482
384
711
1336
2991
2368
2567
360
224
489
2906
2713
173
2694
1565
2952
38
2535
692
2908
99
2475
2305
219
2404
623
279
418
846
108
2411
2336
1557
554
1091
170
2996
2718
105
2711
2687
2486
2795
2038
563
1616
1984
205
3
236
870
815
2342
1142
734
2919
2279
542
1900
2467
1362
