93
264029
920828
188
415109
722739
316234
759306
907964
725730
480361
302128
903658
121383
365030
949708
53993
160305
197243
761774
708089
346770
791186
759929
404527
600924
343474
278451
849481
954643
794506
263267
523762
522687
886530
492129
555403
480258
355414
965782
119267
459105
133872
109549
636317
116959
812622
160346
723684
311847
656613
153852
972764
391862
801920
985216
366325
93742
45549
759560
464403
875728
360987
41067
420690
324764
663579
733139
402669
372020
371516
326418
614622
554170
922351
262066
808025
375028
689147
431155
407098
809628
198944
870593
713304
146958
237157
112457
454593
373505
936292
104142
915932
211875
