79
769662
27671
482548
260193
277756
880471
138445
682407
252174
490280
880449
420990
682839
910694
808897
349675
153797
857163
660619
349689
950064
510636
175054
912984
193829
70066
265838
316555
140412
492410
205046
639355
555334
528718
452878
513613
837161
605103
995179
41719
869022
790326
113981
540240
377665
438655
849376
412570
945235
923969
139651
468812
640706
45614
402673
30683
730407
568289
515764
861395
360288
936003
713205
348458
993167
313911
108425
550892
183830
639344
824809
80182
63532
48514
415607
632655
989648
433990
69704
