65
526909
490301
928294
749293
581160
408191
517485
456849
386017
500200
207355
330822
992781
707971
60686
1343
183905
517182
810977
598690
909344
800872
626695
421540
142620
796560
897240
924516
933481
546200
287813
110933
980482
526792
769513
686723
586664
462290
632074
608187
27525
54378
510914
88277
245871
457188
538505
138071
7938
798824
769465
572260
533663
289209
427531
694941
403786
447014
664469
614373
452247
903619
600342
883626
54268
