93
124322
523737
843011
476247
890348
653237
891211
231887
274558
515014
813724
853654
216172
171041
155777
874351
823761
244117
809480
537077
374838
855874
407012
702213
514728
850856
866994
16851
231719
675073
88814
257881
398667
903582
4351
315662
521740
411308
444517
957535
238765
546219
667828
769101
880216
267690
92939
325388
706863
140389
462969
632515
594864
265597
401282
999243
610386
489432
75623
484570
849510
507389
343530
80951
102268
815810
7199
871104
330343
354495
551912
830221
921400
132766
91742
376561
899215
641680
856450
371308
242518
400340
684263
822109
14173
349195
516605
673864
119933
517405
625507
146183
719248
