81
881469
630481
325471
965347
801251
824973
877750
6330
800903
524934
392144
407600
526115
968219
407467
170133
209853
296637
708325
178677
978133
538709
858654
818169
71019
577449
854381
876327
24888
372977
778980
336859
823815
153269
357602
881273
878643
268496
473914
487487
4668
454286
672261
887922
141022
286223
781969
406775
376966
407745
56267
772579
487822
153306
426140
663601
283765
975557
868343
237548
334070
867506
623168
8720
770670
466142
382387
19426
890540
229822
657801
903181
430761
866230
637783
201191
121433
349908
494998
988022
983695
