67
387202
700609
771216
203031
356268
996708
5375
780673
934746
534853
326450
924833
87670
121481
659157
821701
239961
564057
466183
820179
937412
865559
917794
326725
19810
696542
878383
91886
817957
426768
861747
452452
856463
795358
281736
446983
591530
518184
147425
54054
807086
718239
425179
791845
9227
912157
78597
739676
402954
675100
78681
268627
736665
396901
843498
935359
564544
498396
17147
634540
389414
442621
510305
543888
795057
864861
757574
