92
220965
914097
343536
537216
214688
696164
370954
936958
380133
162191
587562
137097
566567
71921
518522
376550
263560
669097
515386
66765
855972
623731
784560
914523
168906
757126
104770
166921
189394
429976
493791
610409
314358
650518
951621
185802
305435
17660
813618
542974
731392
675360
826545
243804
279126
164222
456756
509949
99046
209911
301792
904639
878466
276691
285813
227460
911203
292461
566072
392008
929218
985253
69680
755310
524561
558026
508049
752224
718471
462520
545671
943777
922034
207907
883505
638368
572890
547723
447161
979351
741012
279433
648743
364677
664465
628195
903451
874207
433084
418323
264
693303
