79
726599
376825
218496
382300
769606
831284
749994
318899
513977
816126
521868
654329
876510
869099
770213
279731
293667
329116
414231
708266
459366
913966
451199
423079
725098
876219
128772
774882
982464
876267
220672
726002
739506
685207
912370
751413
662338
267349
487129
465427
141409
939313
223578
791742
147332
790156
753285
198835
769050
121380
931606
400688
127408
912787
703171
499217
192081
815201
714777
144986
413777
560369
993333
290577
548948
956745
883236
544560
922782
374462
44161
409337
431395
333971
37144
70497
795009
292566
729725
