100
549 229
870 945
844 496
749 468
331 563
82 258
42 87
53 210
268 702
534 11
625 506
45 678
341 643
327 26
519 588
960 684
131 843
675 869
889 19
60 520
755 287
743 963
739 373
773 590
2 119
486 197
482 124
410 211
998 742
151 995
69 640
918 647
106 744
486 879
718 257
896 873
357 130
105 679
437 249
939 541
18 152
324 960
557 522
213 755
808 465
644 853
331 561
786 266
259 668
574 705
317 791
169 931
911 575
496 642
672 133
405 823
995 830
262 669
496 187
589 171
563 160
590 391
715 214
356 563
620 664
852 371
998 799
104 167
635 931
693 244
189 727
853 750
462 399
750 552
845 549
818 811
968 176
93 744
885 282
722 422
559 175
62 665
599 223
723 879
697 612
183 531
203 30
290 520
793 306
828 213
812 712
820 421
198 469
290 530
559 55
582 424
899 702
518 515
762 117
244 796
