100
677 377
423 764
905 402
732 937
486 940
521 77
132 429
568 297
990 375
552 648
374 623
850 705
198 826
549 537
831 120
674 331
718 792
784 936
322 203
297 830
560 282
228 577
735 387
881 153
916 725
896 994
575 114
602 609
885 498
6 590
580 822
254 597
137 51
975 32
317 551
741 209
372 40
684 529
893 656
592 954
869 913
950 453
92 121
889 830
558 768
582 592
939 7
696 901
367 988
516 952
291 88
670 89
26 920
691 241
189 431
981 127
367 870
290 959
842 898
253 655
561 432
988 684
596 863
712 270
919 616
296 272
410 470
46 114
18 272
48 892
959 372
360 101
116 550
933 120
331 922
536 822
494 472
768 150
975 613
406 96
657 462
114 397
100 108
876 564
949 86
331 631
843 561
706 31
331 26
174 136
334 901
777 486
702 452
994 941
500 772
219 516
421 74
922 666
160 350
776 719
