100
525 629
427 124
709 935
891 876
501 695
104 796
312 472
510 392
331 766
996 326
767 134
677 195
104 271
287 408
264 181
126 703
404 126
898 678
782 493
772 495
954 913
597 243
329 334
504 403
152 18
635 752
954 175
394 532
66 616
612 297
498 955
332 579
96 147
737 647
707 737
942 752
106 216
331 352
997 908
794 621
466 357
907 482
265 238
320 981
953 499
50 106
753 505
322 816
391 68
296 962
341 681
672 760
767 611
680 563
30 466
644 296
304 994
642 58
637 713
478 706
468 56
887 833
948 118
936 762
707 877
800 74
19 17
843 444
400 827
670 65
91 258
374 723
834 288
890 95
493 72
269 683
843 146
221 41
963 965
479 318
235 760
216 254
613 518
77 449
541 514
820 910
932 142
649 6
328 824
594 62
674 244
587 491
414 578
291 248
166 851
109 779
376 415
729 96
659 380
32 128
